0.0387457,0.0387454,0.0387464,0.0387454,0.0396139,0.0388415,0.0387454,0.0387472,0.0387783,0.0388466,0.0396404,0.0387867,0.0387454,0.0392353,0.105195,0.0387816,0.0398251,0.0387548,0.0387461,0.0387455,0.0387464,0.0387454,0.0387507,0.0387459
0.042009,0.03912,0.0391153,0.0391135,0.0391162,0.039121,0.0391136,0.0391133,0.0391133,0.0391134,0.0391148,0.0391133,0.0391668,0.0391133,0.0395961,0.039115,0.0391142,0.0391139,0.0391684,0.0391133,0.0968386,0.0391475,0.0391231,0.0391133
0.0388179,0.038818,0.0388242,0.0405032,0.0388185,0.0388337,0.0388179,0.0388189,0.0388179,0.0388179,0.0388179,0.0388184,0.0388179,0.104565,0.0388179,0.0388197,0.0388179,0.0388186,0.0388179,0.0392042,0.038818,0.0388179,0.0388179,0.039343
0.0404224,0.0404209,0.0404208,0.0404208,0.0404209,0.0404209,0.0404209,0.0404208,0.0702588,0.040421,0.0404209,0.0404208,0.0404339,0.0404209,0.0404211,0.0404211,0.0404239,0.040421,0.0404301,0.0404213,0.0404209,0.0404323,0.0404427,0.0404208
0.0375611,0.0374825,0.0375058,0.0374824,0.0374825,0.0375544,0.0702121,0.0374824,0.038867,0.0383856,0.0374824,0.0374842,0.0374975,0.0374833,0.0374835,0.101848,0.0374825,0.037497,0.0374824,0.038011,0.037483,0.0375333,0.0374984,0.0377174
0.0378391,0.0378283,0.0377323,0.0475741,0.0377326,0.0377341,0.0377329,0.0377326,0.0377322,0.0377341,0.03837,0.0377324,0.0377323,0.037733,0.0377322,0.0379629,0.0377329,0.10243,0.0377324,0.054129,0.0377323,0.0377423,0.0400694,0.0377968
0.0388841,0.038841,0.0388509,0.0388405,0.038969,0.0388405,0.0388409,0.0388404,0.0388486,0.0388404,0.0398261,0.0388477,0.105452,0.0388411,0.0388407,0.0388406,0.0388417,0.0388406,0.0388687,0.0388404,0.0388415,0.0388414,0.0388404,0.0388404
0.0387704,0.0387694,0.0406382,0.0387691,0.038818,0.0387874,0.0387729,0.0387692,0.0387691,0.0387734,0.104808,0.0387733,0.0387692,0.0387693,0.0402721,0.0387691,0.0388147,0.0387692,0.0387694,0.0387692,0.0387693,0.0387692,0.0387716,0.0387691
0.0385639,0.0385521,0.038564,0.0385529,0.0386699,0.0385606,0.0385521,0.0385737,0.0385527,0.0385555,0.0399593,0.104607,0.038552,0.038556,0.0386673,0.038553,0.038552,0.0455112,0.038552,0.0385538,0.038552,0.0385688,0.0385586,0.0385598
0.0388722,0.0388315,0.0388335,0.0390845,0.0388316,0.0388317,0.0388681,0.0388315,0.0388315,0.0388317,0.0388508,0.0388341,0.038998,0.0388315,0.0388493,0.0388317,0.0397651,0.0388354,0.105385,0.0388315,0.0388445,0.0388319,0.0388315,0.0388315
0.0388933,0.0388926,0.0388947,0.0388927,0.0389631,0.0389153,0.0390289,0.0388926,0.0389023,0.0388926,0.0388928,0.0388927,0.0388935,0.0388928,0.038893,0.105208,0.0388926,0.0388926,0.0388946,0.0389045,0.0388926,0.038893,0.0388932,0.0388964
0.0389713,0.0388004,0.0388332,0.0388009,0.038801,0.0388165,0.0388005,0.0388004,0.0388124,0.0388004,0.0388004,0.0388004,0.0389037,0.0388004,0.038802,0.0388008,0.0388005,0.0388008,0.0388017,0.0388004,0.104257,0.0417637,0.0388311,0.0388004
0.0387171,0.0387031,0.038701,0.0387009,0.0388938,0.0387008,0.105003,0.0425988,0.0387024,0.0388425,0.0387208,0.0387008,0.0387865,0.0387008,0.0387014,0.0387017,0.039199,0.0387036,0.0387008,0.0387008,0.0387012,0.038704,0.0387138,0.0387012
0.0384971,0.0384941,0.0407561,0.0384947,0.0384941,0.0384957,0.0384974,0.0384941,0.0384946,0.0384944,0.0384943,0.0384941,0.038495,0.0384947,0.0384946,0.0384967,0.0384977,0.0384944,0.0384941,0.0384942,0.0528487,0.0384948,0.0979999,0.0384944
0.0383836,0.0464308,0.0383839,0.0383842,0.0383842,0.0397172,0.0383856,0.104187,0.0383838,0.0400604,0.0383947,0.0385864,0.0383837,0.0383837,0.0383991,0.038384,0.0383993,0.0383837,0.0383837,0.0400581,0.0383844,0.0383885,0.0383856,0.0383839
0.0956215,0.036601,0.036643,0.0365583,0.0365585,0.0365583,0.0365602,0.0365582,0.0365711,0.0365601,0.0371346,0.0365582,0.0369217,0.0365582,0.0365596,0.0365721,0.0365584,0.0365605,0.0365694,0.0365584,0.0989705,0.0365667,0.0365633,0.0365583
0.0391778,0.0379879,0.0379629,0.0379887,0.0379625,0.0379625,0.0381424,0.0382556,0.0379625,0.0379705,0.0379788,0.0379625,0.0421211,0.0379625,0.0384116,0.0384649,0.0438724,0.0379678,0.103187,0.037963,0.048825,0.037985,0.0379625,0.0379625
0.0387671,0.038636,0.0393732,0.038636,0.0437212,0.0386373,0.104592,0.0386359,0.0386377,0.0386373,0.0386707,0.0386359,0.0386361,0.0386359,0.038638,0.0387149,0.038637,0.0386362,0.038653,0.0386359,0.038638,0.0386359,0.039323,0.0386359
0.0386231,0.0386495,0.0386239,0.0386362,0.0386232,0.0386468,0.038623,0.104987,0.038623,0.0429021,0.0386908,0.0386261,0.0386231,0.0386236,0.038644,0.0386235,0.0386467,0.0386232,0.0405669,0.0386231,0.0386232,0.0388989,0.0386251,0.0386237
0.03888,0.0388763,0.0388758,0.0388794,0.038877,0.038876,0.0388861,0.0388757,0.038876,0.0389752,0.0388769,0.0388757,0.0388873,0.0388757,0.0389257,0.0388767,0.105541,0.038897,0.0388759,0.0388757,0.0389292,0.0388758,0.0389342,0.0388757
0.0392801,0.0385338,0.0385332,0.0393749,0.0385329,0.038533,0.0457758,0.0385326,0.0385554,0.0385327,0.038587,0.0385326,0.0385635,0.0385328,0.0385327,0.0385695,0.038537,0.0385451,0.0385447,0.038533,0.0385342,0.0385326,0.104738,0.0385326
0.0387627,0.0387628,0.0388525,0.0387627,0.038801,0.0387718,0.0388677,0.0387629,0.105362,0.0387628,0.0387636,0.0387742,0.0387643,0.0387627,0.041529,0.0387628,0.0388029,0.0387627,0.0387649,0.0387627,0.0387926,0.0387631,0.0387627,0.0387627
0.0744328,0.0338906,0.0338933,0.0339042,0.0338906,0.0338946,0.036299,0.0338916,0.0338906,0.0339356,0.0413951,0.0338906,0.0357756,0.0338907,0.0338932,0.0793804,0.0378498,0.0603544,0.0920611,0.0338906,0.033912,0.0339859,0.0339034,0.0338942
0.0388565,0.0388557,0.0388569,0.0388557,0.0391612,0.0388563,0.038901,0.0388557,0.0388571,0.0388557,0.038856,0.0388557,0.10536,0.0388557,0.0388577,0.0388562,0.0393252,0.0388557,0.0389308,0.0388557,0.0388731,0.038857,0.0388939,0.0388557
0.0383459,0.0383451,0.0384168,0.0383452,0.0383454,0.0384602,0.0383643,0.0383451,0.0383638,0.0383684,0.0383451,0.104217,0.0383451,0.0392943,0.0496938,0.0383458,0.0383451,0.0384131,0.0383451,0.0383451,0.0383549,0.0395431,0.0383677,0.0383451
0.03886,0.03886,0.0388661,0.0393946,0.0388538,0.0388581,0.0388606,0.0390129,0.0388538,0.105601,0.0388538,0.0388538,0.0388538,0.038854,0.0388552,0.0388538,0.0388538,0.0388615,0.038855,0.0388558,0.0388664,0.0388539,0.0388538,0.0388539
0.0373953,0.0373953,0.0377091,0.0373953,0.0390218,0.073564,0.101211,0.0373953,0.0374237,0.0373953,0.0373953,0.0375016,0.0377296,0.0373953,0.0374112,0.0374075,0.0374189,0.0373953,0.037397,0.0373985,0.0373968,0.0374443,0.0374005,0.0374022
0.0388897,0.0388746,0.0388715,0.0390803,0.0388706,0.0388706,0.105661,0.0388735,0.0388706,0.0388842,0.0388707,0.0388706,0.0388983,0.0388707,0.0388707,0.0388738,0.0388726,0.0388707,0.038891,0.0388706,0.0388792,0.0388707,0.0388725,0.0388712
0.0388636,0.105435,0.038864,0.0388644,0.0388669,0.0393494,0.0388681,0.0388706,0.0388638,0.0390006,0.0388639,0.0388705,0.0388636,0.0388636,0.0388664,0.038884,0.0388636,0.038881,0.0388636,0.0388754,0.0388647,0.0388653,0.0388637,0.0388642
0.0968424,0.0391196,0.0391332,0.0396497,0.0391179,0.0391179,0.0391179,0.0391179,0.0391197,0.039294,0.0391206,0.0408994,0.039118,0.0391193,0.0391191,0.0391201,0.0391303,0.0391179,0.0391192,0.0391179,0.0392581,0.0391204,0.0398877,0.039122
0.0386528,0.038653,0.0386529,0.038653,0.0386528,0.0418548,0.0386528,0.0386529,0.0386528,0.0386709,0.038657,0.0388241,0.0386528,0.0405634,0.0386566,0.0388067,0.0386533,0.0386528,0.0386529,0.0394731,0.038655,0.0389631,0.0386531,0.104388
0.038933,0.0388362,0.0399304,0.0388363,0.0388372,0.0388361,0.0388364,0.0388364,0.038836,0.0388387,0.105214,0.0388361,0.0389359,0.0388368,0.0389893,0.0388384,0.0388365,0.038846,0.0388363,0.038836,0.0388361,0.038836,0.0389277,0.0388379
0.0387227,0.0387216,0.0387413,0.038909,0.0387378,0.0387221,0.0387216,0.0387216,0.0387343,0.0387348,0.0387217,0.0387216,0.0425729,0.0387225,0.0387304,0.0387228,0.0387653,0.0387216,0.10524,0.0387216,0.0387217,0.0387217,0.0387276,0.0387216
0.0388531,0.0389427,0.0389357,0.0388564,0.0388533,0.0388911,0.0388538,0.105612,0.0388533,0.0388777,0.0391991,0.0389084,0.0388531,0.0388533,0.0388582,0.0388531,0.0388598,0.0388531,0.038961,0.0388533,0.0388564,0.038856,0.0388531,0.0388531
0.037375,0.0374202,0.0373761,0.0377907,0.0373752,0.0717377,0.0373756,0.0375483,0.037405,0.0373751,0.037375,0.0376314,0.0373751,0.0373769,0.037375,0.040823,0.037375,0.0373751,0.037377,0.101555,0.037375,0.037395,0.0373831,0.0374295
0.0386769,0.038674,0.0386742,0.0386738,0.038888,0.0386738,0.0386943,0.0386801,0.0386738,0.0386739,0.104949,0.0386738,0.0386741,0.0386738,0.0430798,0.0386738,0.0388512,0.0386749,0.0393965,0.0386738,0.0386739,0.0386738,0.038675,0.0386738
0.0380372,0.0379795,0.0379888,0.0673192,0.0379787,0.0379977,0.0379787,0.0379787,0.0380565,0.0379856,0.0379787,0.0379939,0.0379872,0.0961569,0.0379786,0.0387598,0.0379786,0.0379787,0.0379878,0.0379831,0.0379786,0.0379796,0.0379794,0.0379787
0.0383577,0.0383571,0.0383622,0.0383575,0.0383585,0.0384966,0.0383578,0.0383568,0.0383604,0.0383575,0.0383583,0.0383594,0.0383568,0.0383573,0.0383568,0.104244,0.0383568,0.038357,0.0383568,0.0497113,0.0383575,0.038416,0.0383693,0.0403209
0.038872,0.0388685,0.03887,0.0388684,0.0389217,0.0390619,0.0388688,0.0388685,0.0388738,0.0388684,0.0388706,0.105348,0.0388684,0.0389377,0.0389881,0.0388814,0.0388684,0.0388806,0.0388684,0.0388684,0.0388684,0.0389949,0.0389461,0.0388685
0.0388897,0.039066,0.0388554,0.038998,0.038853,0.0388541,0.0388989,0.0388525,0.0388525,0.0388555,0.0388838,0.0388525,0.0388659,0.105571,0.0388524,0.0389741,0.0388524,0.0388539,0.0388529,0.038871,0.0388525,0.0388587,0.0388529,0.0390307
0.0384675,0.0403075,0.0384677,0.0384651,0.0384877,0.0384656,0.0384652,0.0384653,0.0412065,0.0453582,0.0384654,0.10244,0.0384651,0.0397283,0.0384673,0.0384931,0.0384651,0.0384652,0.0384651,0.0384651,0.0385109,0.0384663,0.0384651,0.0384823
0.0386633,0.0386639,0.0386634,0.0386633,0.0386656,0.0425312,0.0386694,0.0386927,0.0399491,0.0386638,0.038841,0.105096,0.0386636,0.0386639,0.0387232,0.0386656,0.0386714,0.0386639,0.0386633,0.038668,0.0386636,0.0386692,0.0388397,0.0386819
0.0389561,0.0388307,0.0388303,0.038847,0.0388301,0.0388762,0.0388884,0.0388321,0.0388326,0.10555,0.0388301,0.0388595,0.0388301,0.0388303,0.0390172,0.0392257,0.0388317,0.0388307,0.0388352,0.0388308,0.039195,0.038943,0.0388364,0.0388312
0.0386483,0.0386482,0.0386484,0.0386482,0.0386913,0.0386482,0.0387235,0.0386548,0.0410281,0.0386483,0.0386962,0.0386831,0.0386508,0.0386482,0.105047,0.0386483,0.0420979,0.0386492,0.038649,0.0386482,0.0386484,0.0386483,0.0386498,0.0386482
0.038834,0.0387754,0.0388924,0.0387747,0.040975,0.0387749,0.0387747,0.0387747,0.0387812,0.0387748,0.105384,0.0387747,0.038804,0.0387755,0.0387747,0.0387824,0.0387832,0.0387748,0.0388052,0.0387747,0.0387747,0.0387747,0.0391093,0.038776
0.0446942,0.0386713,0.0386714,0.0386939,0.0386724,0.0386713,0.0386715,0.0386713,0.0387278,0.038677,0.0386713,0.0386713,0.0386715,0.0386713,0.0386715,0.0387028,0.0386889,0.0386798,0.0386714,0.0386713,0.104115,0.0387071,0.0389132,0.0386713
0.0388049,0.0388378,0.038804,0.0388039,0.0388246,0.0388039,0.038804,0.038805,0.0390112,0.0388266,0.0391201,0.038804,0.0388051,0.0388039,0.0390228,0.0388139,0.105437,0.0388039,0.0388147,0.0388039,0.0400333,0.0388039,0.038804,0.038804
0.038883,0.0388837,0.0388837,0.0388832,0.0389681,0.038883,0.038886,0.0388846,0.0389025,0.038883,0.0388838,0.0388836,0.105508,0.038883,0.038883,0.0388837,0.0389154,0.0388831,0.0388833,0.038883,0.0389202,0.0388832,0.0388831,0.0388832
0.0388683,0.0388497,0.105566,0.0388704,0.0388511,0.0393348,0.0388508,0.038849,0.0389,0.0388495,0.0388494,0.038849,0.0388524,0.038849,0.0388497,0.038849,0.0388515,0.0388494,0.039158,0.0388499,0.0388552,0.0388492,0.0388496,0.038849
0.0387235,0.0387507,0.0387381,0.0387239,0.0387235,0.105257,0.0387235,0.0424221,0.0387235,0.0387245,0.0387258,0.0387241,0.0387539,0.0388477,0.0387254,0.0387236,0.0387235,0.0387239,0.038724,0.0387288,0.0387235,0.038918,0.0387235,0.0387239
0.0390389,0.0390385,0.0390955,0.0390385,0.0392542,0.0390385,0.0390754,0.0390543,0.0390465,0.0390409,0.0390861,0.0390391,0.039044,0.0390385,0.101686,0.0390387,0.0390734,0.0390408,0.0390386,0.0390385,0.0390398,0.0390385,0.0390391,0.0390385
0.0366801,0.0366715,0.0366697,0.0366713,0.0366696,0.036743,0.0366705,0.03667,0.0366697,0.0993364,0.0366696,0.0367098,0.0366697,0.0366699,0.0370107,0.0370568,0.0366716,0.0366705,0.0366702,0.0366698,0.0865602,0.0431791,0.0366702,0.0366701
0.0388406,0.0388758,0.0388682,0.0388428,0.0388472,0.0388471,0.0388406,0.038841,0.0388407,0.0388406,0.0388408,0.0397959,0.0388406,0.0388418,0.0388406,0.0388446,0.0388406,0.0388725,0.0388406,0.0388499,0.0388407,0.0388479,0.0388406,0.105578
0.0393777,0.0418364,0.0393808,0.0415247,0.0393792,0.0393913,0.0393778,0.0393819,0.039378,0.0393778,0.0393777,0.0393813,0.0393777,0.0401343,0.0393777,0.0393806,0.0393777,0.0393777,0.0393782,0.0888937,0.0393779,0.0393848,0.0393888,0.0393859
0.0389041,0.0388379,0.038839,0.0388406,0.0388376,0.0388502,0.038839,0.0388465,0.0388413,0.105562,0.0388391,0.039537,0.0388376,0.0388376,0.0388575,0.039023,0.0388377,0.03884,0.0388377,0.0388377,0.0388479,0.0389934,0.0388376,0.0388383
0.0388187,0.0388187,0.0388326,0.0388187,0.0388202,0.0403645,0.0388188,0.0388187,0.0388188,0.0388218,0.0388192,0.0388233,0.0388187,0.0388242,0.105495,0.0388188,0.0388669,0.0388199,0.0388195,0.0388187,0.0388639,0.038822,0.0388198,0.0388187
0.0380648,0.0380649,0.038065,0.0380651,0.0380651,0.0380854,0.0380973,0.0380658,0.0383832,0.0380666,0.0380667,0.0380651,0.0380648,0.0380648,0.0500103,0.0380766,0.103449,0.0380648,0.0380702,0.0380648,0.0381225,0.0380651,0.0467274,0.0380648
0.03873,0.0387306,0.0387329,0.0387302,0.0387312,0.0387337,0.0387315,0.105257,0.0387301,0.038744,0.0411259,0.0387301,0.03873,0.0387482,0.0387319,0.0387301,0.0390121,0.038732,0.0397144,0.0387302,0.038732,0.0389721,0.03873,0.03873
0.0387476,0.0387476,0.0387479,0.0387541,0.0387575,0.0387527,0.0388076,0.0387475,0.0388207,0.0387478,0.0387475,0.0387476,0.0393111,0.0387476,0.0387475,0.0387513,0.0419404,0.038748,0.104878,0.0387475,0.0387484,0.0387483,0.0387518,0.0387537
0.0388733,0.0388738,0.0388733,0.0388732,0.0388732,0.0389005,0.0388736,0.0388733,0.0388747,0.0388739,0.0388732,0.0388758,0.0388733,0.0388752,0.0388732,0.10562,0.0388811,0.0388852,0.0388731,0.0390841,0.0388735,0.0388929,0.0388741,0.038883
0.0388776,0.0388744,0.0388781,0.0388745,0.0388744,0.0388747,0.0388748,0.0388748,0.0389633,0.0388954,0.0388744,0.0388755,0.0388896,0.0388782,0.0388833,0.0388745,0.0388748,0.038875,0.0388744,0.0388753,0.0389503,0.105623,0.0389155,0.0388744
0.0392188,0.0391654,0.0391658,0.0392497,0.039183,0.0391686,0.0391658,0.0391674,0.0391654,0.0391656,0.0391655,0.0391656,0.0391705,0.0391654,0.039239,0.0391766,0.0391783,0.0392255,0.0391673,0.0391654,0.0391659,0.0988487,0.0391852,0.0391655
0.0388531,0.0388536,0.0389508,0.0388733,0.105611,0.0388529,0.038853,0.0388579,0.0388762,0.0388529,0.0388538,0.0388551,0.0388565,0.0388533,0.0388546,0.0388532,0.0394599,0.0388574,0.038853,0.0388529,0.0388529,0.038854,0.0388538,0.0388546
0.0386995,0.0386995,0.0387031,0.0386999,0.0448645,0.038708,0.0387148,0.0386995,0.0387482,0.0386994,0.0387254,0.0387024,0.10328,0.0386995,0.0386994,0.0386995,0.0387258,0.0386997,0.0390258,0.0386994,0.0386996,0.0387021,0.038705,0.0386994
0.0384685,0.0409372,0.0384691,0.0384677,0.0384678,0.0385011,0.0385174,0.0384677,0.0384675,0.0384696,0.0385468,0.0385422,0.0384675,0.0461109,0.0384675,0.0389092,0.0384678,0.0384912,0.0384675,0.0384694,0.0384679,0.0384678,0.0384675,0.104423
0.0384751,0.0384718,0.0397208,0.0384718,0.0384787,0.0384762,0.0384718,0.0384718,0.104014,0.0384722,0.0384718,0.0384844,0.0386584,0.038709,0.0384721,0.0463745,0.0384794,0.0384723,0.0384719,0.0385668,0.0384728,0.0384728,0.0398976,0.0384718
0.039644,0.0388671,0.0388673,0.0388891,0.0388679,0.038879,0.0388671,0.0388672,0.0388671,0.0388815,0.0388671,0.0388825,0.0388694,0.0388671,0.0388796,0.0388674,0.0388671,0.0388671,0.0388671,0.0388671,0.0389004,0.10516,0.0388671,0.0388744
0.0388473,0.0390133,0.038858,0.105583,0.0388475,0.0388473,0.0388472,0.0388855,0.0388472,0.0394117,0.0388474,0.0388473,0.0388472,0.038848,0.0388472,0.0388473,0.0389077,0.0389067,0.0388576,0.0388472,0.038848,0.0388473,0.0388516,0.0388614
0.0415378,0.03874,0.0395328,0.0387424,0.0387361,0.0387361,0.0387365,0.0387494,0.0387367,0.105295,0.0387361,0.0387361,0.0387361,0.0387366,0.0388602,0.0387366,0.0387361,0.0387569,0.0387375,0.0387361,0.0387408,0.0387363,0.0387361,0.0387361
0.0390271,0.0388168,0.0388189,0.0388168,0.0388309,0.0388168,0.0388634,0.0388167,0.1055,0.0388168,0.0388167,0.0388168,0.0390125,0.0388167,0.0389123,0.0388343,0.0398386,0.0388169,0.0388448,0.0388167,0.0388167,0.0388326,0.038883,0.0388167
0.0388179,0.0388066,0.105468,0.0392399,0.0398184,0.0388074,0.0390992,0.0388066,0.0388099,0.0388067,0.0388475,0.0388066,0.0388266,0.0388066,0.0388066,0.0388066,0.0388078,0.0388117,0.038965,0.0388066,0.0388066,0.0388066,0.0388083,0.0388066
0.0389794,0.102926,0.0390585,0.0389817,0.0389781,0.0392537,0.0389771,0.038982,0.0389778,0.0389804,0.0389887,0.0391696,0.0389771,0.0389801,0.0389781,0.0389773,0.0389771,0.0389771,0.038979,0.0389825,0.0389781,0.0389783,0.0389771,0.0389852
0.0389589,0.0388526,0.03878,0.0406499,0.0387786,0.0387794,0.038779,0.0387825,0.0387793,0.105353,0.0387786,0.0387786,0.0387789,0.0387786,0.0387786,0.0387974,0.0387795,0.0387822,0.0389378,0.038779,0.0387794,0.0392011,0.0387788,0.0387787
0.0388685,0.0388696,0.0388764,0.0388686,0.105625,0.0388746,0.0388696,0.0388719,0.0388685,0.0388685,0.0388873,0.0388695,0.0389495,0.0388685,0.0388686,0.0388685,0.0388704,0.0388701,0.0391304,0.038869,0.0388685,0.0388816,0.038869,0.0388685
0.0387321,0.0387307,0.0387328,0.0387321,0.0387312,0.0387316,0.0387308,0.0387307,0.0387307,0.0387532,0.0387312,0.0387364,0.0387311,0.0425829,0.0387308,0.0387534,0.0387309,0.0387338,0.0387308,0.0387355,0.0387307,0.0387559,0.0387632,0.105217
0.0389801,0.0389663,0.103389,0.038974,0.0392638,0.0390056,0.0389663,0.0389662,0.0389672,0.0389663,0.0389775,0.0389662,0.0389668,0.0389674,0.0389716,0.0389662,0.0389663,0.0389663,0.0389738,0.0389666,0.0389662,0.0389662,0.0389681,0.0389662
0.0388556,0.0391305,0.0388615,0.0388446,0.0392958,0.0388431,0.0388444,0.0388433,0.0388462,0.0388441,0.105473,0.0388433,0.0388437,0.0388432,0.0388432,0.0388438,0.0388466,0.0388468,0.0391212,0.0388432,0.0388432,0.0388432,0.0389131,0.0388433
0.0395566,0.0387232,0.0387528,0.0387348,0.0387233,0.0387472,0.0387232,0.0387234,0.0387232,0.0387273,0.0387238,0.0395521,0.0391256,0.0387232,0.0387234,0.038729,0.0387233,0.0403516,0.0387236,0.038724,0.0389731,0.105221,0.0387232,0.0388479
0.0387159,0.0387918,0.038716,0.0387228,0.0388961,0.0412882,0.0387163,0.0387159,0.0387159,0.0387159,0.0388899,0.0387279,0.0387162,0.0456356,0.0387158,0.0387256,0.0387158,0.038716,0.038716,0.0987133,0.0387158,0.0387161,0.0388017,0.0394994
0.038284,0.0516234,0.0382842,0.0382881,0.0382871,0.039664,0.0382887,0.0383342,0.0383048,0.038284,0.0383008,0.0382869,0.0382895,0.0387966,0.038284,0.0382842,0.038284,0.0382862,0.038354,0.104048,0.0382865,0.0382883,0.038284,0.0382843
0.0372554,0.0373239,0.0857648,0.0372624,0.0936766,0.0377735,0.0372554,0.0372554,0.0372593,0.0372555,0.0372555,0.0372649,0.0372568,0.0372555,0.0372554,0.0372555,0.037256,0.0372554,0.0373177,0.0372562,0.0375125,0.0372556,0.0372557,0.0372651
0.0380369,0.0408624,0.0380503,0.0506268,0.0380376,0.0380718,0.0380381,0.0380375,0.0380369,0.0380372,0.0380373,0.0380369,0.038037,0.103209,0.0380369,0.0380475,0.038037,0.0380369,0.038037,0.0380521,0.0380369,0.0380385,0.0380468,0.0444749
0.0384818,0.0384869,0.0384864,0.0384817,0.0384881,0.038486,0.0384815,0.0384814,0.0384862,0.0384815,0.0384829,0.0384818,0.0384816,0.0384827,0.0384814,0.104433,0.0384814,0.0384834,0.0384815,0.0486355,0.0384817,0.0384816,0.0384845,0.0387858
0.0388957,0.0388794,0.0388797,0.0388795,0.0388835,0.0388796,0.0388795,0.0389214,0.0388804,0.105583,0.0388795,0.0388801,0.0388794,0.0388802,0.0389444,0.0388795,0.0388794,0.0389206,0.0388794,0.0388794,0.03888,0.0388949,0.0388806,0.0388807
0.0377764,0.0581785,0.0378047,0.046433,0.0377761,0.0378829,0.0377761,0.0377765,0.0377762,0.0377891,0.0377761,0.0377781,0.0377761,0.101731,0.0377761,0.0377768,0.0377763,0.0377765,0.037783,0.0379495,0.0377762,0.0377761,0.0377761,0.0378029
0.0360217,0.0360962,0.036022,0.0360218,0.036029,0.0360307,0.0360278,0.0977671,0.0360217,0.0360218,0.0773271,0.0360217,0.0360217,0.0360225,0.0360229,0.0360217,0.0521012,0.0360237,0.0522386,0.0360218,0.0360217,0.0360219,0.0360217,0.0360518
0.0388543,0.0388463,0.0388496,0.0390151,0.038845,0.038864,0.038844,0.0388445,0.0388439,0.0389596,0.0389521,0.0388441,0.0388439,0.038844,0.038844,0.0388472,0.038844,0.104101,0.0388439,0.0388752,0.038932,0.038971,0.0388443,0.0406466
0.0389408,0.0387787,0.0388716,0.0387804,0.0387788,0.0387788,0.0387815,0.0388671,0.0387791,0.105406,0.0387789,0.0387787,0.0387788,0.0387791,0.0387999,0.0387789,0.0387787,0.0410873,0.0387794,0.0387813,0.0387797,0.0387788,0.0387787,0.0387787
0.0390496,0.0390577,0.039109,0.0959903,0.0390491,0.0390606,0.0390491,0.0390496,0.0390492,0.039095,0.039049,0.0390685,0.0390491,0.0443949,0.039049,0.0390624,0.039049,0.0391214,0.0392812,0.0391019,0.039051,0.0390491,0.0390652,0.0390491
0.0385801,0.0385831,0.0385978,0.104814,0.03858,0.0385802,0.03858,0.0385802,0.0385813,0.0386132,0.03858,0.03858,0.03858,0.045773,0.03858,0.0385842,0.03858,0.0385801,0.0391305,0.0386009,0.0385807,0.0385801,0.0385966,0.0385842
0.0386915,0.0386954,0.0386911,0.038709,0.0386957,0.0386918,0.038691,0.0386909,0.0386909,0.0386909,0.0386976,0.0386916,0.0386917,0.103236,0.0386909,0.0386916,0.0386909,0.0386914,0.0386911,0.0387918,0.0386911,0.0386926,0.0386918,0.0454219
0.0402604,0.0401399,0.04014,0.0402324,0.0576398,0.0401399,0.0401582,0.0401461,0.04028,0.0401399,0.0408628,0.04014,0.0414694,0.04014,0.0401404,0.04014,0.0411595,0.0401399,0.0557871,0.0401399,0.0401494,0.0401718,0.0401433,0.0401399
0.0380611,0.0380584,0.0380604,0.0381145,0.0380583,0.0382397,0.100765,0.0380591,0.0380585,0.0380619,0.0380582,0.0381534,0.0380583,0.0380589,0.0380587,0.0380621,0.0380584,0.0380582,0.0380748,0.0381933,0.0380583,0.0385701,0.0609422,0.0380582
0.0394679,0.0394743,0.0394679,0.0394932,0.0394705,0.0913213,0.0394929,0.0394696,0.0394679,0.039468,0.039468,0.039652,0.0394695,0.039468,0.0394679,0.0401196,0.0394679,0.039468,0.0394684,0.0394684,0.0394731,0.0394713,0.0394725,0.0394718
0.039637,0.0381602,0.0381055,0.039298,0.038654,0.0381055,0.102749,0.0381055,0.0381272,0.0381056,0.038107,0.0381056,0.0395516,0.038139,0.0381055,0.0381997,0.0381175,0.0381058,0.0381098,0.0381056,0.038429,0.0381056,0.0381837,0.0535865
0.0386537,0.0386961,0.038655,0.0386537,0.0386542,0.0387117,0.0386537,0.0386775,0.0386557,0.0440903,0.0386536,0.104635,0.0386536,0.0391524,0.0387129,0.0386904,0.0386536,0.0386609,0.0386537,0.0386536,0.0386728,0.0387983,0.0386538,0.0386538
0.0386712,0.0386713,0.0386713,0.0387036,0.038677,0.0462583,0.038672,0.0386763,0.0386716,0.0386749,0.0386712,0.0388234,0.0386712,0.0396865,0.0386711,0.0386714,0.0386711,0.0386712,0.0387273,0.101342,0.0386712,0.0386833,0.0386711,0.0390204
0.0385906,0.0386013,0.0385944,0.0385907,0.0409956,0.0387732,0.104374,0.0389157,0.0385984,0.0385909,0.0385906,0.0418605,0.0385997,0.0385906,0.0385906,0.0385908,0.0385913,0.0385907,0.0385913,0.0403512,0.0385911,0.0386213,0.038592,0.0386237
0.0388303,0.0389167,0.0388306,0.0388534,0.0388305,0.0391846,0.0388303,0.0388347,0.038898,0.0388303,0.0388303,0.0388955,0.0388303,0.0405049,0.0388303,0.0398383,0.0388303,0.0388304,0.0388304,0.103579,0.0388304,0.0388342,0.0388445,0.0388524
0.0393962,0.0390643,0.0390653,0.0390644,0.0390687,0.0390642,0.0390642,0.0390842,0.0391316,0.0390687,0.0397445,0.0390645,0.0390648,0.0390644,0.0390869,0.0390686,0.0391796,0.039131,0.0390644,0.0390642,0.039166,0.0390654,0.1001,0.0390642
0.0388253,0.0388443,0.038826,0.0388252,0.0388255,0.0388253,0.0389841,0.0388449,0.038831,0.0388256,0.0388997,0.0388285,0.0388254,0.0388252,0.0388362,0.038826,0.105037,0.0388262,0.0388253,0.0388252,0.0405111,0.0388256,0.0388254,0.0388258
0.0388775,0.105679,0.0388785,0.0388874,0.0388787,0.0389157,0.0388774,0.0388846,0.0388897,0.0388874,0.0388936,0.0388836,0.0388774,0.0388804,0.0388774,0.0388775,0.0388775,0.0388774,0.0388799,0.0389021,0.0388783,0.0388776,0.0388774,0.0388842
0.0375622,0.0375626,0.0375619,0.0375639,0.0375619,0.0376487,0.0375628,0.0375626,0.037562,0.0389338,0.037562,0.037562,0.0375619,0.0375654,0.0375619,0.102079,0.0375837,0.0375696,0.0375689,0.0700123,0.0375628,0.0375664,0.0375891,0.0375726
0.0386402,0.0386324,0.0386363,0.0386324,0.0386324,0.0386666,0.0386324,0.0386326,0.0386327,0.0386452,0.0386326,0.0387194,0.0386482,0.038636,0.0386662,0.0386405,0.0386324,0.0386342,0.0386706,0.044821,0.0386342,0.105,0.0386324,0.038649
0.0389504,0.0386001,0.0385991,0.0385949,0.0385949,0.0385982,0.0386003,0.0398466,0.0386001,0.104911,0.0386095,0.0385949,0.0385949,0.0440812,0.0388472,0.038607,0.0385965,0.0385952,0.0385955,0.0385949,0.038595,0.0386027,0.0385949,0.0385949
0.0388846,0.0388839,0.0388864,0.0388839,0.0388838,0.0389288,0.0389174,0.0389197,0.0388838,0.0389851,0.0388838,0.0388992,0.0388847,0.0389103,0.0388902,0.0388839,0.0388842,0.0388839,0.0388847,0.0388902,0.0391131,0.105154,0.0388841,0.0388958
0.0388345,0.0388046,0.0389214,0.0388047,0.0388054,0.0388054,0.0388051,0.0388102,0.0388862,0.0390909,0.0388894,0.0388053,0.0388056,0.0388047,0.0405624,0.0388048,0.0388961,0.0388233,0.0388047,0.0388046,0.038815,0.0388218,0.10499,0.0388046
0.0373424,0.0373261,0.0373262,0.0373262,0.0373267,0.0373263,0.0431492,0.0373262,0.03734,0.0373377,0.0373262,0.0373261,0.0373267,0.0373261,0.0713161,0.0373824,0.101293,0.0373269,0.0374095,0.0373261,0.0373752,0.0374121,0.0374004,0.0373262
0.0413638,0.0413649,0.0413653,0.0413643,0.0413649,0.0414335,0.0413639,0.041364,0.0413754,0.0413639,0.041397,0.0414376,0.0471395,0.0413641,0.041364,0.0413775,0.0414117,0.0413638,0.0413839,0.0413682,0.0413733,0.0413641,0.0425598,0.0413717
0.0387307,0.0387322,0.0387307,0.0387307,0.0387331,0.0390577,0.0387311,0.0387475,0.0435675,0.0387307,0.0387402,0.103792,0.0387506,0.0387307,0.0388142,0.0387319,0.0387983,0.0387307,0.0387307,0.0387308,0.0387307,0.0387645,0.0387309,0.0387323
0.0386954,0.039448,0.0387007,0.0386953,0.0386982,0.0387125,0.0386953,0.0386955,0.0387036,0.0387293,0.0390444,0.105173,0.0386953,0.0398604,0.0386976,0.0386955,0.0386953,0.038696,0.0386953,0.0410038,0.038698,0.0388203,0.0386954,0.0387558
0.0404716,0.038802,0.0389716,0.0388011,0.0388012,0.0388148,0.0388013,0.0388011,0.0388012,0.0388064,0.0388013,0.0388011,0.0388183,0.0388011,0.0388254,0.038856,0.0388012,0.0388653,0.0388012,0.0388011,0.105456,0.0388958,0.0388025,0.0388015
0.0385728,0.0464635,0.0385729,0.104845,0.0385737,0.038573,0.0385726,0.0385768,0.0385726,0.038579,0.0385725,0.0385729,0.0385725,0.0386168,0.0385725,0.0385735,0.0385727,0.0385756,0.0385972,0.0385763,0.0385764,0.0385725,0.0385729,0.0385743
0.0388252,0.0388313,0.0388217,0.0388267,0.0388221,0.0388217,0.0388245,0.0388684,0.0388217,0.0391206,0.0388224,0.0399873,0.0388217,0.0388224,0.0388219,0.0388224,0.0388219,0.105518,0.0388217,0.038846,0.0388235,0.0388395,0.0388253,0.0388223
0.035886,0.042285,0.0359897,0.0364786,0.0358925,0.0358899,0.0358855,0.0358856,0.0358855,0.0363843,0.0358857,0.0359211,0.0358854,0.0953072,0.0358854,0.0359814,0.0358854,0.0361084,0.0358984,0.0527624,0.0360333,0.0358855,0.0358865,0.0902113
0.0388718,0.0388721,0.0388749,0.0388716,0.0389655,0.0389195,0.0388766,0.0388715,0.0388821,0.0388732,0.0388857,0.0388871,0.0388763,0.0388721,0.0389462,0.0388718,0.105653,0.0388716,0.038897,0.0388717,0.0388728,0.0388716,0.038873,0.0388715
0.0388094,0.0395437,0.038812,0.0388094,0.0388122,0.105487,0.0393975,0.0388293,0.0388263,0.0388106,0.0388094,0.0392275,0.0388094,0.0388117,0.038813,0.0389003,0.0388094,0.0388094,0.0388094,0.0388127,0.0388094,0.0388165,0.0388094,0.0388154
0.0388438,0.0388558,0.105544,0.0388449,0.0397896,0.0388482,0.0388439,0.0388438,0.0388448,0.0388439,0.0388449,0.0388439,0.0388438,0.0389151,0.0388439,0.0388439,0.0388439,0.0388439,0.0388501,0.0388439,0.0388479,0.0388439,0.0388441,0.0388439
0.0373714,0.0373657,0.0373658,0.0373665,0.0373666,0.0373659,0.0373766,0.0373657,0.101163,0.0373657,0.0373657,0.0373666,0.0373793,0.0373657,0.0373657,0.0498138,0.0373699,0.0373657,0.0642487,0.0373754,0.0373674,0.0373891,0.0373886,0.0373657
0.0404764,0.040469,0.0404714,0.0404721,0.0404689,0.0404689,0.0404689,0.0404689,0.0690646,0.0404691,0.0404689,0.0404689,0.0404997,0.0404689,0.040469,0.0404766,0.0405224,0.0404799,0.0404847,0.0404704,0.040473,0.0404751,0.0404754,0.0404689
0.0386479,0.038648,0.0386495,0.0386499,0.0386479,0.0386494,0.0386479,0.0386479,0.038648,0.038656,0.038648,0.0386483,0.0386478,0.0989859,0.0386479,0.0386631,0.0386479,0.0386489,0.0386479,0.0387779,0.0386478,0.0386487,0.0387709,0.0504767
0.0388698,0.0388724,0.0389752,0.0388698,0.105656,0.0388706,0.0388701,0.0388699,0.0389003,0.0388698,0.0389399,0.0388827,0.0388751,0.0389717,0.0388728,0.0388698,0.0388699,0.0388699,0.038872,0.0388713,0.0388705,0.0388698,0.0388698,0.0388712
0.0388991,0.0389072,0.0389251,0.0406356,0.0388993,0.0389291,0.0388991,0.0389059,0.0388992,0.0388994,0.0388991,0.0389017,0.0388991,0.0607065,0.0388991,0.0389041,0.0388991,0.0388993,0.03894,0.0798148,0.0389448,0.0389008,0.038903,0.0406895
0.0394169,0.0388839,0.0388727,0.0388729,0.0388758,0.038875,0.038879,0.0388725,0.038873,0.0388728,0.0388725,0.0388725,0.03894,0.0388725,0.038909,0.0388728,0.0388727,0.0388725,0.0388772,0.0388725,0.105091,0.038922,0.0389862,0.0388725
0.0386399,0.0386398,0.0386399,0.0386398,0.0386414,0.0386551,0.0386453,0.03864,0.0405568,0.0386399,0.03864,0.104999,0.0386398,0.0409774,0.0387315,0.038641,0.0386398,0.0387119,0.0386398,0.0388995,0.0386694,0.0401617,0.0386484,0.0386634
0.0387659,0.0387663,0.0387823,0.0387779,0.0387662,0.105362,0.0387715,0.0389865,0.0387992,0.038766,0.0387659,0.0387979,0.0387659,0.03878,0.0389768,0.0412215,0.038767,0.0387659,0.0387659,0.0387666,0.0387659,0.038785,0.0387663,0.0387659
0.0375835,0.0375852,0.0634619,0.0375835,0.0376634,0.102133,0.0375837,0.0377246,0.0404352,0.037926,0.0375835,0.0376029,0.041453,0.0375952,0.0376751,0.0375987,0.037585,0.0375842,0.0375835,0.0375837,0.0375835,0.0377247,0.0375835,0.0375835
0.0387462,0.0385161,0.0385176,0.0477747,0.0385159,0.0385159,0.0385158,0.0385227,0.0385158,0.104042,0.038516,0.0385278,0.0385158,0.0385159,0.0385185,0.0385278,0.0385164,0.0388933,0.0385164,0.0385158,0.0386758,0.0385245,0.0385165,0.0385361
0.0372777,0.0373008,0.0372804,0.037277,0.0372773,0.0372772,0.0372859,0.037278,0.0372771,0.037277,0.0372773,0.0372771,0.0450277,0.037277,0.037277,0.0372837,0.037277,0.0766204,0.0372773,0.0954367,0.0372992,0.0372876,0.037277,0.0372967
0.0388308,0.0387741,0.104513,0.0388249,0.0403607,0.0387742,0.0387741,0.0387741,0.0391836,0.0387743,0.0387751,0.0387741,0.0388398,0.0389257,0.0387741,0.0388354,0.0387741,0.0387741,0.0391442,0.0387741,0.0395793,0.0387799,0.0388923,0.0387744
0.0391288,0.0389804,0.0389807,0.0395429,0.0389804,0.0393074,0.0389818,0.0389804,0.0389805,0.0389828,0.0389805,0.0392457,0.0389804,0.0389807,0.0389804,0.0389983,0.039013,0.0391785,0.0389807,0.0390176,0.0394997,0.095226,0.0450669,0.0390054
0.0388203,0.0388171,0.0388379,0.0388314,0.0388178,0.0389657,0.0388171,0.0388529,0.0388171,0.0388177,0.0388171,0.0388179,0.0388649,0.0388171,0.0388189,0.0388182,0.0388179,0.0388601,0.0388173,0.0388217,0.0402518,0.105447,0.0388171,0.0388183
0.0388356,0.0388329,0.0388399,0.0388326,0.0398521,0.0389662,0.105321,0.0388326,0.0388328,0.0388329,0.0388327,0.0388326,0.0388945,0.0388326,0.0388342,0.0388895,0.0388326,0.0388331,0.0388365,0.0388393,0.0388326,0.0388695,0.0390264,0.0388351
0.0388843,0.0388638,0.0390129,0.0388638,0.0388667,0.0388636,0.0388647,0.0388635,0.10564,0.0388637,0.0388635,0.0388641,0.0388765,0.0388635,0.0388639,0.0388828,0.0388825,0.0388635,0.0388637,0.0388635,0.0391351,0.0388636,0.0388635,0.0388635
0.0374839,0.0374617,0.0374617,0.0375579,0.0374752,0.0374669,0.0375369,0.0374618,0.0374635,0.0374617,0.0374621,0.0374617,0.0992328,0.0374648,0.0374618,0.0374631,0.0414803,0.0374618,0.0723417,0.0374617,0.037484,0.0374673,0.0374634,0.0374622
0.0387914,0.0387949,0.038792,0.0387924,0.0387916,0.0389126,0.0387914,0.0387915,0.0387915,0.0387915,0.0387915,0.0388195,0.0387914,0.0395185,0.0387914,0.0387918,0.0387914,0.0387914,0.0387914,0.0403546,0.0387914,0.0388852,0.0387914,0.105258
0.0396428,0.039655,0.0396442,0.0396715,0.0396457,0.0396459,0.0396428,0.0396566,0.0396428,0.039643,0.0396498,0.0396429,0.0396427,0.0872319,0.0396427,0.0396446,0.0396428,0.0396428,0.0396512,0.0396741,0.0396428,0.0396428,0.0396787,0.0404801
0.0388949,0.0388466,0.0392123,0.0390838,0.038843,0.0388444,0.0388424,0.0388423,0.0388424,0.0388448,0.0388566,0.0388423,0.038918,0.0388423,0.0388426,0.0388423,0.0392649,0.0388671,0.105384,0.0388428,0.0388696,0.0388457,0.0388424,0.0388423
0.0372216,0.0371706,0.0374059,0.0371694,0.0375919,0.0371702,0.0371693,0.037169,0.037183,0.0371696,0.0371734,0.0371697,0.100823,0.037169,0.0371694,0.0371694,0.0371691,0.0371693,0.0806298,0.037169,0.037261,0.037169,0.037169,0.037169
0.0387468,0.0387442,0.0388062,0.0407906,0.0387438,0.0387446,0.0391259,0.0387524,0.038744,0.0387449,0.038744,0.0387438,0.0387589,0.0387438,0.0387494,0.038745,0.105306,0.0388193,0.0393045,0.0387438,0.038744,0.0391535,0.0387562,0.0387439
0.0390362,0.0390363,0.0390363,0.0390369,0.0393279,0.0390736,0.0391181,0.0391171,0.0390362,0.0390362,0.0391928,0.0390534,0.039041,0.0390362,0.0390416,0.0390362,0.101406,0.0390362,0.0390557,0.0390362,0.0390362,0.0390373,0.0390382,0.0390982
0.0385771,0.0401338,0.0385772,0.0385776,0.0385829,0.0385846,0.0385959,0.0387425,0.0385777,0.038606,0.0385772,0.038594,0.0385776,0.0385772,0.0385771,0.038579,0.0385771,0.0440231,0.0385771,0.104862,0.0385776,0.038579,0.0385771,0.0391896
0.0388868,0.0388602,0.0388608,0.0388604,0.0388607,0.0388608,0.0388607,0.0388604,0.0388605,0.0388608,0.0388602,0.0388835,0.0388784,0.0388602,0.0388604,0.0388646,0.0388602,0.0390472,0.0388608,0.0388602,0.0388689,0.105407,0.0393963,0.0388602
0.0386194,0.0385972,0.0385982,0.0388441,0.038597,0.0386114,0.0385987,0.0386961,0.038597,0.104822,0.038597,0.0385988,0.038597,0.038597,0.0386011,0.0411844,0.0385997,0.0414988,0.0385972,0.0385988,0.0385992,0.0386144,0.0385977,0.0401373
0.0389371,0.0389109,0.0389321,0.0392003,0.0389112,0.0389154,0.0389145,0.0389107,0.0389788,0.0389297,0.0389107,0.0389111,0.0389107,0.0389107,0.0389192,0.0389158,0.038942,0.0389146,0.0389113,0.0389107,0.10365,0.0389933,0.0397483,0.0389107
0.0384594,0.0384613,0.0384594,0.0384594,0.0384597,0.0394366,0.0384595,0.0386879,0.0384704,0.0384594,0.0482396,0.104222,0.038461,0.0384595,0.0384938,0.0384594,0.0385774,0.0384596,0.0384594,0.0384594,0.0384597,0.0384686,0.038508,0.03846
0.0389616,0.0388711,0.0388711,0.0388829,0.0388727,0.0388712,0.0388708,0.0388708,0.0388806,0.0388714,0.0389052,0.0388845,0.0388743,0.0388722,0.0388709,0.038873,0.0388781,0.0388708,0.0390768,0.0388952,0.0388734,0.0388869,0.105543,0.0388712
0.103518,0.0386421,0.0386444,0.0444754,0.0386768,0.0386421,0.0386431,0.0386421,0.0386603,0.0386421,0.0386422,0.0386421,0.0387159,0.0386421,0.0386424,0.0386753,0.038643,0.038652,0.0386426,0.0386421,0.0386529,0.0386459,0.0403329,0.0386421
0.0413514,0.041355,0.0413546,0.0413513,0.0413624,0.0413904,0.0413509,0.0413511,0.0413517,0.0413509,0.0413667,0.0413521,0.0478207,0.0413511,0.0413512,0.0413509,0.0421573,0.0413509,0.0413576,0.0413527,0.0413523,0.0415325,0.0413831,0.0413512
0.0388432,0.0388436,0.0388436,0.0388433,0.0388433,0.0388458,0.0388433,0.105508,0.0388436,0.0388496,0.0394977,0.0388433,0.0388432,0.0388449,0.0388446,0.0388435,0.0391337,0.0388469,0.0389746,0.0388448,0.0388432,0.0388457,0.0388432,0.0388432
0.0391875,0.0403538,0.03829,0.0383155,0.0382904,0.0382899,0.0382895,0.0382895,0.0382989,0.0383012,0.0386436,0.0385256,0.0382896,0.0383016,0.0382897,0.038314,0.0384599,0.101872,0.04701,0.0384692,0.0387098,0.0382958,0.0383003,0.042612
0.0400003,0.0400006,0.0413684,0.0400002,0.0785155,0.0400373,0.0400016,0.0400002,0.0400286,0.0400005,0.0400143,0.0400003,0.0400003,0.0400003,0.0400003,0.0400068,0.0400011,0.0400006,0.0400179,0.0400017,0.0400009,0.0400003,0.0400002,0.0400017
0.0388637,0.0388663,0.0388644,0.0388659,0.0388651,0.105387,0.0388709,0.0392372,0.0388693,0.0388668,0.0388638,0.0389494,0.0388924,0.039014,0.0388646,0.0388928,0.038864,0.0388654,0.0388637,0.0388645,0.0388641,0.0389127,0.0388637,0.0388683
0.0388262,0.0388288,0.0388304,0.0388267,0.0388269,0.105467,0.0388521,0.0391084,0.0388267,0.0388305,0.0388263,0.0395164,0.0388263,0.0388308,0.0388266,0.0388298,0.0388267,0.0388263,0.0388263,0.0388265,0.0388262,0.0392524,0.0389094,0.0388264
0.0387528,0.038772,0.0387531,0.0388056,0.0387528,0.104993,0.038753,0.0416546,0.038753,0.0387528,0.0387529,0.0388752,0.0387705,0.0387529,0.0387529,0.0387574,0.0387528,0.0387534,0.0387529,0.0387528,0.0387534,0.0393241,0.0387528,0.0387531
0.0404176,0.0404165,0.0404147,0.040469,0.0404155,0.0405277,0.0404146,0.0404147,0.0404146,0.0404904,0.0404146,0.040415,0.0404146,0.0404146,0.0404156,0.0406552,0.0404146,0.0697199,0.0404151,0.0405274,0.0404327,0.0404322,0.0404203,0.040513
0.0388799,0.0388752,0.0388751,0.0388759,0.0388756,0.0388942,0.0388759,0.0388751,0.038958,0.0388776,0.0388751,0.0388913,0.0388754,0.0388902,0.0388758,0.105669,0.0388753,0.0388756,0.0388754,0.038876,0.0388751,0.0388756,0.0389303,0.0388775
0.0380252,0.0380464,0.0639675,0.0380253,0.0396472,0.0648776,0.0380583,0.0380254,0.0380467,0.0380324,0.0380259,0.0380655,0.0380281,0.0380256,0.0380252,0.0380252,0.0380257,0.0380256,0.0627323,0.0461405,0.0380408,0.0380256,0.0380285,0.0380333
0.0366924,0.0366804,0.0366787,0.0366787,0.0366815,0.0366807,0.0367381,0.0366787,0.0980033,0.0366791,0.0366788,0.0366827,0.0908197,0.0366787,0.0366798,0.0400555,0.0373466,0.0366789,0.0366788,0.0366802,0.0367896,0.0366788,0.0366793,0.036681
0.0384973,0.0384981,0.0477791,0.0384979,0.0385163,0.104645,0.0386432,0.0384987,0.0385169,0.0384984,0.0384974,0.0384976,0.0385016,0.0384973,0.0384974,0.038663,0.0384974,0.0385002,0.0384973,0.0385642,0.0384973,0.0387031,0.0384974,0.0384975
0.0388617,0.038871,0.0388714,0.105558,0.0388614,0.0388624,0.0388615,0.0388613,0.0388618,0.0388661,0.0388613,0.0388617,0.0388613,0.0393952,0.0388613,0.0388613,0.0388614,0.0388618,0.0388635,0.038887,0.0388613,0.0388614,0.0388987,0.0388662
0.0391519,0.0389138,0.0389141,0.0389175,0.0389144,0.0389138,0.0389155,0.0389138,0.0389383,0.0389202,0.0389138,0.0389138,0.0389138,0.0389138,0.0390039,0.0390769,0.038916,0.038914,0.0389157,0.0389138,0.104328,0.0389214,0.0390286,0.0389138
0.038803,0.0388023,0.0388022,0.0388128,0.038808,0.0388022,0.0388024,0.038803,0.038806,0.0388022,0.0408072,0.0388023,0.0388022,0.0388022,0.0392564,0.0388036,0.105044,0.0388022,0.0388022,0.0388022,0.0388209,0.0388022,0.0388058,0.0388026
0.0391367,0.0391421,0.0391367,0.0391367,0.0393592,0.0391371,0.0391367,0.0391566,0.0391367,0.0391394,0.0391377,0.0394835,0.0391368,0.039276,0.0391369,0.0391429,0.0391367,0.0391388,0.0391389,0.0395848,0.0391367,0.0391678,0.0391367,0.0986279
0.0388017,0.0387994,0.0388656,0.0391521,0.038792,0.0398478,0.0387918,0.0387917,0.0387915,0.0387936,0.0387959,0.0388067,0.0387915,0.105405,0.0387932,0.0388038,0.0387921,0.0388014,0.0387915,0.0387999,0.0387919,0.0387931,0.0388303,0.0395771
0.0384988,0.0384989,0.0384988,0.0384988,0.03851,0.0385677,0.0385032,0.0394563,0.0385026,0.0384988,0.0386968,0.0385501,0.0385457,0.0384988,0.0385198,0.0384988,0.104538,0.0384991,0.0471161,0.0384988,0.0384991,0.0384989,0.038507,0.0384989
0.0418309,0.0394071,0.0393686,0.0394197,0.0393721,0.0393688,0.0393686,0.0393686,0.0393696,0.0393693,0.0397645,0.0393792,0.0393688,0.0393695,0.0393686,0.0398263,0.0393751,0.0906938,0.0393811,0.0394305,0.0393938,0.0393747,0.039387,0.0396435
0.0387236,0.103719,0.0387219,0.044055,0.0387231,0.0387244,0.0387401,0.0387506,0.0387225,0.0387244,0.0387213,0.0387254,0.0387213,0.0387291,0.0387213,0.0387234,0.0387213,0.0387216,0.0387216,0.0389866,0.0387304,0.0387215,0.0387217,0.0387287
0.0387999,0.0387999,0.0388029,0.0387998,0.0388243,0.038801,0.0387999,0.0387998,0.0421066,0.0388075,0.0388,0.104184,0.0388066,0.0388002,0.0388331,0.0388002,0.0387999,0.0387998,0.0387999,0.0388343,0.0387999,0.0388,0.0387998,0.0388012
