0.0388852,0.038885,0.038887,0.038885,0.0389547,0.038885,0.038885,0.0388851,0.0389369,0.0388929,0.0389236,0.0389427,0.038885,0.038885,0.105406,0.0388851,0.0388945,0.0388858,0.038885,0.038885,0.038885,0.038885,0.0388851,0.0388851
0.040331,0.0385284,0.0385335,0.0385284,0.0385309,0.0385284,0.0385284,0.0385284,0.0385297,0.0385285,0.0385284,0.0385284,0.0385289,0.0385284,0.0458636,0.0385284,0.0385284,0.0385284,0.0385314,0.0385284,0.104694,0.0385297,0.03853,0.0385284
0.0387748,0.038775,0.0387759,0.0412327,0.0387748,0.0387749,0.0387748,0.038775,0.0387748,0.0387748,0.0387748,0.0387749,0.0387748,0.104215,0.0387748,0.0387748,0.0387748,0.0387749,0.0387748,0.0402348,0.0387748,0.0387748,0.0387748,0.03882
0.0405036,0.0405001,0.0405001,0.0405001,0.0405001,0.0405001,0.0405002,0.0405001,0.0684136,0.0405001,0.0405001,0.0405001,0.0405082,0.0405001,0.0405002,0.0405044,0.0405001,0.0405001,0.0405022,0.0405001,0.0405001,0.0405003,0.0405658,0.0405001
0.0388211,0.038821,0.038822,0.038821,0.038821,0.0388251,0.040184,0.038821,0.0388675,0.0388319,0.038821,0.0388217,0.038821,0.0388219,0.0388212,0.105524,0.038821,0.0388214,0.038821,0.0388955,0.038821,0.0388919,0.0388213,0.0388399
0.0382582,0.0382465,0.0382355,0.0483005,0.0382358,0.0382354,0.0382354,0.0382355,0.0382354,0.0382354,0.0382538,0.0382355,0.0382354,0.0382355,0.0382354,0.0383622,0.0382354,0.103852,0.0382354,0.0385277,0.0382354,0.0382357,0.0444292,0.0382378
0.0387793,0.0387782,0.0387787,0.0387773,0.0413996,0.0387773,0.0387784,0.0387773,0.0388031,0.0387773,0.038862,0.0387774,0.105382,0.0387773,0.0387773,0.0387773,0.0387786,0.0387773,0.0387779,0.0387773,0.0387773,0.0387773,0.0387773,0.0387773
0.0386891,0.0386879,0.0418804,0.0386877,0.0387119,0.0386878,0.0386905,0.0386877,0.0386877,0.0386877,0.10472,0.0386877,0.0386877,0.0386877,0.0409277,0.0386877,0.0386886,0.0386877,0.0386877,0.0386877,0.038688,0.0386877,0.038688,0.0386877
0.0382919,0.0382919,0.038292,0.0382919,0.0382919,0.0383771,0.0382919,0.0382979,0.038292,0.0382919,0.0383707,0.103915,0.0382919,0.0382989,0.038292,0.0382921,0.0382919,0.0534703,0.0382919,0.0382919,0.0382919,0.0383065,0.0382927,0.0382921
0.0389563,0.0388522,0.038854,0.0388529,0.0388522,0.0388521,0.0388537,0.0388522,0.0388521,0.0388521,0.0388534,0.0388521,0.0388546,0.0388521,0.038892,0.0388521,0.0394898,0.0388529,0.105609,0.0388521,0.0388526,0.0388526,0.0388522,0.0388521
0.0390682,0.0390681,0.0390682,0.0390681,0.0390783,0.0390682,0.0391171,0.0390681,0.0393072,0.0390681,0.0390681,0.0390681,0.0390681,0.0390681,0.0390681,0.101106,0.0390681,0.0390681,0.0390682,0.0390973,0.0390681,0.0390681,0.0390681,0.0390681
0.0391972,0.0390384,0.0391224,0.0390384,0.0390385,0.0390396,0.0390385,0.0390384,0.0390624,0.0390385,0.0390384,0.0390385,0.0391251,0.0390384,0.0390385,0.0390385,0.0390384,0.0390385,0.0391683,0.0390384,0.100962,0.0397033,0.0390425,0.0390384
0.0398067,0.0398211,0.0398067,0.0398067,0.0398067,0.0398067,0.0832663,0.0398351,0.0398067,0.0398069,0.0398069,0.0398067,0.0398118,0.0398067,0.0398069,0.0398067,0.0409317,0.0398074,0.0398067,0.0398067,0.0398083,0.0398068,0.0398107,0.0398067
0.0375719,0.0375587,0.0759341,0.0375582,0.037558,0.037558,0.037578,0.037558,0.0375588,0.037558,0.0375695,0.037558,0.037558,0.037558,0.037559,0.0375587,0.0375829,0.0375836,0.037558,0.037558,0.0402954,0.0375583,0.094953,0.037558
0.0386314,0.04374,0.0386314,0.0386314,0.0386314,0.0399084,0.0386314,0.10501,0.0386317,0.0386591,0.0386318,0.038632,0.0386314,0.0386314,0.0386315,0.0386314,0.0386321,0.0386314,0.0386314,0.0386817,0.0386314,0.0386333,0.0386314,0.0386314
0.0453421,0.0386024,0.0386926,0.0385726,0.0385726,0.0385726,0.0385727,0.0385726,0.0386145,0.0385741,0.0385731,0.0385726,0.0385726,0.0385726,0.0395994,0.0385727,0.0385726,0.0385796,0.0385726,0.0385726,0.104832,0.0385733,0.0385729,0.0385726
0.0388052,0.038767,0.038767,0.0387671,0.038767,0.038767,0.0388002,0.038767,0.038767,0.038767,0.0387705,0.038767,0.0387957,0.038767,0.0387684,0.038767,0.0416183,0.038767,0.10538,0.038767,0.0387868,0.0387698,0.038767,0.038767
0.0388577,0.0388552,0.0388616,0.0388552,0.039328,0.0388552,0.105538,0.0388552,0.0388554,0.0388552,0.038894,0.0388552,0.0388552,0.0388552,0.0388747,0.0391058,0.0388553,0.0388552,0.0388553,0.0388552,0.0388555,0.0388552,0.0388557,0.0388552
0.038854,0.038854,0.038854,0.0388543,0.038854,0.0389551,0.038854,0.105575,0.038854,0.0394998,0.038854,0.038854,0.038854,0.0388541,0.0388541,0.0388547,0.0388544,0.038854,0.0388733,0.038854,0.038854,0.0388691,0.038854,0.038854
0.0388847,0.0389518,0.0388801,0.0388801,0.0388801,0.03888,0.038881,0.03888,0.0388801,0.0388802,0.0388802,0.03888,0.0388803,0.03888,0.038881,0.03888,0.105654,0.03888,0.03888,0.03888,0.0389009,0.03888,0.0388856,0.03888
0.0387767,0.0387607,0.0387606,0.039389,0.0387606,0.0387606,0.041062,0.0387606,0.0387613,0.0387606,0.0387741,0.0387606,0.0389316,0.0387606,0.0387606,0.0387738,0.0387606,0.0387618,0.0387607,0.0387606,0.0387608,0.0387606,0.10536,0.0387606
0.0388566,0.0388566,0.0389069,0.0388566,0.0388574,0.0388566,0.0388568,0.0388566,0.105591,0.0388566,0.0388569,0.0388585,0.0388573,0.0388566,0.0395091,0.0388566,0.0388568,0.0388566,0.0388566,0.0388566,0.0388566,0.0388566,0.0388566,0.0388566
0.0401407,0.0386484,0.0386484,0.0386485,0.0386484,0.0386484,0.0396256,0.0386484,0.0386502,0.0386484,0.0386592,0.0386484,0.03866,0.0386484,0.0386488,0.0386484,0.0386497,0.0425597,0.104676,0.0386484,0.0386487,0.038649,0.0386517,0.0386484
0.0388551,0.0388551,0.0388552,0.0388551,0.0394573,0.0388551,0.0388584,0.0388551,0.0388568,0.0388551,0.0388553,0.0388551,0.105536,0.0388551,0.0388551,0.0388551,0.0390054,0.0388551,0.0388922,0.0388551,0.0388552,0.0388552,0.0388562,0.0388551
0.0386679,0.0386677,0.0386717,0.0386677,0.0386677,0.0388136,0.0386679,0.0386677,0.0387047,0.0386682,0.0386678,0.105105,0.0386677,0.0386877,0.0391948,0.0386701,0.0386677,0.0386966,0.0386677,0.0386677,0.0386682,0.043438,0.0386679,0.0386677
0.0389208,0.0388603,0.0388601,0.0393446,0.03886,0.0388619,0.03886,0.0389002,0.03886,0.105632,0.03886,0.03886,0.03886,0.0388603,0.03886,0.03886,0.03886,0.03886,0.03886,0.03886,0.03886,0.03886,0.03886,0.03886
0.0385828,0.0385828,0.039032,0.0385828,0.0427399,0.0416031,0.104871,0.0385828,0.0385936,0.0385828,0.0385828,0.0385828,0.0386204,0.0385828,0.0385935,0.0386217,0.0385832,0.0385828,0.0385828,0.0385828,0.0385828,0.0385829,0.0385828,0.0385828
0.0387984,0.0387984,0.0387984,0.0409325,0.0387984,0.0387984,0.105465,0.0387984,0.0387984,0.0387984,0.0387984,0.0387984,0.0387984,0.0387984,0.0387984,0.0387984,0.0388292,0.0387984,0.0387989,0.0387984,0.0388043,0.0387984,0.0387995,0.0387984
0.0387454,0.103753,0.0387454,0.0387457,0.0387458,0.0437622,0.0387454,0.0387456,0.0387454,0.0388236,0.0387454,0.0387455,0.0387454,0.0387454,0.0387457,0.0387492,0.0387454,0.0387476,0.0387454,0.0387454,0.0387459,0.0387454,0.0387454,0.0387454
0.100048,0.0388936,0.0388939,0.0389393,0.0388936,0.0388936,0.0388936,0.0388936,0.0388936,0.0389156,0.0388937,0.0435926,0.0388936,0.038894,0.0388937,0.0388936,0.0388936,0.0388936,0.0388937,0.0388936,0.0389257,0.0389022,0.0394836,0.0388943
0.0388533,0.0388534,0.0388534,0.0388534,0.0388533,0.038857,0.0388533,0.0388533,0.0388533,0.038862,0.0388533,0.0407556,0.0388533,0.0390038,0.0388533,0.0388568,0.0388533,0.0388533,0.0388533,0.0391967,0.038854,0.03895,0.0388533,0.103864
0.0389218,0.038877,0.0390069,0.038877,0.0388771,0.0388771,0.0388771,0.038877,0.038877,0.0388771,0.105647,0.038877,0.0388805,0.038877,0.0388791,0.038877,0.0388771,0.0388772,0.038877,0.038877,0.038877,0.038877,0.0388773,0.0388771
0.0388835,0.0388814,0.0388947,0.0388814,0.0388826,0.0388814,0.0388814,0.0388814,0.0388817,0.0388814,0.0388815,0.0388814,0.0388997,0.0388814,0.0388828,0.0388814,0.0388829,0.0388814,0.10569,0.0388814,0.0388814,0.0388814,0.0388814,0.0388814
0.0388786,0.0388807,0.0388786,0.0388787,0.0388786,0.0389865,0.0388786,0.105662,0.0388786,0.0388786,0.0388787,0.0388786,0.0388786,0.0388802,0.0388786,0.0388786,0.0388801,0.0388786,0.0388955,0.0388786,0.0388786,0.038879,0.0388786,0.0388786
0.0369993,0.0369997,0.0369993,0.0370094,0.0369993,0.0377694,0.0369993,0.0369994,0.0371316,0.0369993,0.0369993,0.0370427,0.0369993,0.0370032,0.0369993,0.0844789,0.0369993,0.0369993,0.0369993,0.100568,0.0369993,0.0369995,0.0369993,0.0370076
0.038966,0.0389655,0.0389657,0.0389655,0.0389862,0.0389655,0.0389701,0.0389662,0.0389655,0.0389655,0.100913,0.0389655,0.0389655,0.0389655,0.0415941,0.0389655,0.0390166,0.0389658,0.0391386,0.0389655,0.0389655,0.0389655,0.0389656,0.0389655
0.0378965,0.037897,0.0378966,0.0632641,0.0378965,0.0379061,0.0378965,0.0378965,0.0378967,0.0378966,0.0378965,0.0378969,0.0378965,0.102866,0.0378965,0.0380322,0.0378965,0.0378965,0.0378965,0.0378965,0.0378965,0.0378965,0.0378965,0.0378965
0.0386496,0.0386498,0.0386608,0.0386493,0.0386498,0.0386508,0.0386494,0.0386493,0.0386517,0.0386493,0.0386493,0.0386498,0.0386493,0.0386494,0.0386493,0.105027,0.0386493,0.0386502,0.0386493,0.0444324,0.0386496,0.0386514,0.0386495,0.0388841
0.0388678,0.0388678,0.0388679,0.0388678,0.0388692,0.0388767,0.0388678,0.0388678,0.038886,0.0388678,0.0388679,0.105569,0.0388678,0.0391248,0.0388891,0.0389121,0.0388678,0.0388801,0.0388678,0.0388678,0.0388678,0.0389752,0.0388683,0.0388678
0.0388585,0.0388737,0.0388592,0.0388772,0.0388583,0.0388589,0.0388591,0.0388584,0.0388584,0.0388584,0.0388585,0.0388589,0.0388609,0.10561,0.0388583,0.0388666,0.0388583,0.0388586,0.0388583,0.0388584,0.0388583,0.0388584,0.0388589,0.0394578
0.0387761,0.0387816,0.0387761,0.0387761,0.0387761,0.0387761,0.0387761,0.0387761,0.0387761,0.0388665,0.0387761,0.10337,0.0387761,0.0393584,0.0387761,0.0387761,0.0387761,0.0387761,0.0387761,0.0387761,0.042845,0.0387761,0.0387761,0.0388086
0.0388058,0.0388058,0.0388058,0.0388058,0.0388059,0.0406202,0.0388058,0.0388306,0.0388813,0.0388058,0.0388477,0.105484,0.0388079,0.0388058,0.0388058,0.0388058,0.0388064,0.0388058,0.0388058,0.0388265,0.0388058,0.038808,0.0388058,0.0388058
0.0387386,0.0387386,0.0387386,0.0387439,0.0387386,0.0387731,0.0387386,0.0387391,0.0387386,0.105302,0.0387386,0.0387389,0.0387386,0.0387387,0.0387386,0.0423975,0.0387386,0.0387386,0.0387386,0.0387387,0.0387388,0.0387493,0.0387386,0.0387386
0.0383921,0.0383921,0.0383922,0.0383921,0.0384689,0.0383921,0.0383955,0.0383961,0.0384446,0.0383921,0.0385161,0.0383925,0.0383922,0.0383921,0.104339,0.0383921,0.0507724,0.0383921,0.0383925,0.0383921,0.0383921,0.0383921,0.0383922,0.0383921
0.0388452,0.0388446,0.0388642,0.0388446,0.0392588,0.0388446,0.0388446,0.0388446,0.0388466,0.0388446,0.105307,0.0388446,0.0396015,0.0388446,0.0388446,0.0388446,0.0388447,0.0388446,0.0388996,0.0388446,0.0388446,0.0388446,0.0388634,0.0388446
0.0812142,0.0371869,0.0371888,0.0371907,0.0371871,0.0371869,0.037187,0.0371869,0.0372137,0.037187,0.0371869,0.0371869,0.0371869,0.0371869,0.037187,0.0372644,0.0371875,0.03719,0.037187,0.0371869,0.0980367,0.0371882,0.0397084,0.0371869
0.0388491,0.0388515,0.0388491,0.0388491,0.0388501,0.0388491,0.0388491,0.0388491,0.0390713,0.0388491,0.0390611,0.0388491,0.0388518,0.0388491,0.0388499,0.0388491,0.105582,0.0388491,0.0388491,0.0388491,0.0392975,0.0388491,0.0388491,0.0388491
0.0387039,0.0387039,0.0387039,0.0387039,0.0394536,0.0387039,0.0387052,0.0387039,0.038714,0.0387039,0.0387041,0.038704,0.105051,0.0387039,0.0387039,0.0387039,0.0426948,0.0387039,0.038704,0.0387039,0.0387105,0.0387039,0.038704,0.0387039
0.038882,0.0388817,0.105673,0.0388817,0.038885,0.0388908,0.0388835,0.0388817,0.0388882,0.0388817,0.0388821,0.0388817,0.0388817,0.0388817,0.0388817,0.0388817,0.0388826,0.0388817,0.0389014,0.0388817,0.0388882,0.0388817,0.0388818,0.0388817
0.0381211,0.0381217,0.0381211,0.0381212,0.0381211,0.103603,0.0381211,0.0576667,0.0381211,0.0381611,0.0381212,0.0381211,0.0381257,0.0381354,0.0381211,0.0381211,0.0381211,0.0381211,0.0381211,0.0381211,0.0381211,0.0381275,0.0381211,0.0381211
0.0390829,0.0390829,0.039086,0.0390829,0.040011,0.0390829,0.0391184,0.0390831,0.0391091,0.0390829,0.0393083,0.039083,0.0390832,0.0390829,0.0998718,0.0390829,0.0390853,0.0390829,0.0390829,0.0390829,0.0390829,0.0390829,0.0390829,0.0390829
0.0378767,0.0378767,0.0378766,0.0378768,0.0378766,0.0379096,0.0378766,0.0378767,0.0378768,0.102849,0.0378766,0.0378956,0.0378766,0.0378766,0.0378817,0.038434,0.0378766,0.0378766,0.0378766,0.0378766,0.0628182,0.0383083,0.0378766,0.0378766
0.0388767,0.0388881,0.0388771,0.0388768,0.0388767,0.0388767,0.0388767,0.0388767,0.0388767,0.0388769,0.0388768,0.0388823,0.0388767,0.0388768,0.0388767,0.0388767,0.0388767,0.0388769,0.0388767,0.0390171,0.0388767,0.0388769,0.0388767,0.105677
0.0389794,0.0513729,0.0389795,0.0488716,0.0389803,0.0389802,0.0389794,0.0389794,0.0389794,0.0389794,0.0389794,0.0389817,0.0389794,0.0391532,0.0389794,0.0389799,0.0389794,0.0389795,0.0389794,0.080946,0.0389798,0.0389794,0.0389796,0.0390421
0.0388753,0.0388753,0.0388753,0.038876,0.0388753,0.03895,0.0388753,0.0388938,0.0388753,0.105652,0.0388753,0.0388888,0.0388753,0.0388753,0.0388753,0.0389052,0.0388753,0.0388753,0.0388753,0.0388753,0.0388782,0.0389518,0.0388753,0.0388753
0.0388777,0.0388777,0.0389759,0.0388777,0.0388793,0.0388941,0.0388777,0.0388777,0.0388787,0.0388777,0.0388794,0.038885,0.0388777,0.0388777,0.105679,0.0388777,0.0388783,0.0388777,0.0388778,0.0388777,0.0388826,0.0388795,0.0388777,0.0388777
0.0379314,0.0379313,0.0379314,0.0379313,0.0379313,0.0379313,0.0380787,0.0379313,0.0379319,0.0379313,0.0379321,0.0379314,0.0379314,0.0379313,0.0619151,0.0379321,0.102979,0.0379313,0.0379313,0.0379313,0.0382793,0.0379321,0.0380491,0.0379313
0.0386476,0.0386477,0.0386508,0.0386476,0.0386476,0.0386484,0.0386478,0.105049,0.0386476,0.0386478,0.0444202,0.0386476,0.0386476,0.0386476,0.0386482,0.0386476,0.0386824,0.0386476,0.0386599,0.0386476,0.0386476,0.0388797,0.0386476,0.0386476
0.0388354,0.0388354,0.0388378,0.0388354,0.0388394,0.0388354,0.0392633,0.0388354,0.0388366,0.0388354,0.0388354,0.0388354,0.0394904,0.0388354,0.0388354,0.0388354,0.0389974,0.0388354,0.105527,0.0388354,0.0388354,0.0388355,0.0388415,0.0388354
0.0388813,0.0388813,0.0388817,0.0388813,0.0388813,0.0388823,0.0388813,0.0388813,0.0389032,0.0388813,0.0388813,0.0388853,0.0388813,0.0388835,0.0388813,0.105536,0.0388813,0.0390213,0.0388813,0.0388888,0.0388816,0.0388913,0.0388884,0.0388815
0.0388179,0.0388121,0.0388121,0.0388121,0.0388121,0.0388121,0.0388121,0.0388121,0.0388178,0.0406683,0.0388121,0.0388185,0.0388123,0.0388121,0.0388133,0.0388123,0.0388127,0.0388125,0.0388121,0.0388121,0.0388248,0.105432,0.0388123,0.0388121
0.0389263,0.0388805,0.0388806,0.0388818,0.0388806,0.0388805,0.0388805,0.0388805,0.0388805,0.0388806,0.0388805,0.0388826,0.0388805,0.0388805,0.0389872,0.0388809,0.0388811,0.0389854,0.0388805,0.0388805,0.0388805,0.105486,0.0388815,0.0388805
0.0388783,0.0388783,0.0388892,0.0388783,0.105681,0.0388783,0.0388783,0.0388801,0.0388804,0.0388783,0.0389675,0.0388783,0.0388784,0.0388783,0.0388785,0.0388783,0.0388913,0.0388789,0.0388783,0.0388783,0.0388783,0.0388783,0.0388783,0.0388783
0.0385368,0.0385368,0.0385391,0.0385368,0.0476685,0.0385368,0.0386005,0.0385368,0.0385797,0.0385368,0.0386097,0.0385384,0.104316,0.0385368,0.0385368,0.0385369,0.0385371,0.0385368,0.0385479,0.0385368,0.0385368,0.0385388,0.0385451,0.0385368
0.0380971,0.0381624,0.0380971,0.0380972,0.0380971,0.0381146,0.0380972,0.0380971,0.0380971,0.0381045,0.0380973,0.0381465,0.0380971,0.0582083,0.0380971,0.0381107,0.0380971,0.0380972,0.0380971,0.0380971,0.0380971,0.0380975,0.0380971,0.103501
0.0388698,0.0388698,0.039262,0.0388698,0.0388699,0.0388698,0.0388699,0.0388698,0.105465,0.0388698,0.0388698,0.0388698,0.0389245,0.0388698,0.0388702,0.0389507,0.0388698,0.0388698,0.0388698,0.0388698,0.0388698,0.0388699,0.0388707,0.0388698
0.038885,0.038882,0.038882,0.038889,0.038882,0.0388825,0.038882,0.038882,0.038882,0.0389024,0.038882,0.0388821,0.0388827,0.038882,0.038882,0.0388821,0.038882,0.038882,0.0388821,0.038882,0.0388825,0.105681,0.038882,0.0388821
0.0388309,0.0393945,0.0388312,0.105534,0.0388307,0.0388306,0.0388306,0.0388387,0.0388306,0.0388955,0.0388307,0.0388306,0.0388306,0.03885,0.0388306,0.0388306,0.0388308,0.0395341,0.0388306,0.0388306,0.0388306,0.0388306,0.0388307,0.0388312
0.0887712,0.0368592,0.0368659,0.0368654,0.036859,0.036859,0.036859,0.0368592,0.036859,0.100193,0.036859,0.036859,0.036859,0.036859,0.036982,0.0368591,0.036859,0.0368592,0.036859,0.036859,0.0368594,0.036859,0.036859,0.036859
0.0389538,0.0389483,0.0389483,0.0389483,0.0389484,0.0389483,0.0389509,0.0389483,0.103914,0.0389483,0.0389483,0.0389483,0.0391461,0.0389483,0.0389484,0.0389483,0.0390088,0.0389483,0.0389483,0.0389483,0.0389483,0.0389487,0.0389573,0.0389483
0.0388576,0.0388576,0.105604,0.0388576,0.0393587,0.0388577,0.0388691,0.0388576,0.0388578,0.0388576,0.0389672,0.0388576,0.038861,0.0388576,0.0388576,0.0388576,0.0388576,0.0388576,0.0388981,0.0388576,0.0388576,0.0388576,0.0388624,0.0388576
0.0389138,0.104373,0.0389138,0.0389141,0.0389138,0.0394126,0.0389138,0.0389138,0.0389139,0.0389144,0.0389138,0.0389138,0.0389138,0.038917,0.0389143,0.0390032,0.0389138,0.0389138,0.0389138,0.0389138,0.0389294,0.0389138,0.0389138,0.0389148
0.0389158,0.0388497,0.0388441,0.0396658,0.0388441,0.0388442,0.0388441,0.0388443,0.0388441,0.105413,0.0388441,0.0388441,0.0388441,0.0388442,0.0388441,0.0390816,0.0388441,0.038851,0.0388441,0.0388441,0.0388452,0.0388722,0.0388442,0.0388441
0.0388517,0.0388519,0.038867,0.0388517,0.105572,0.0388518,0.0388522,0.0388518,0.0388517,0.0388517,0.0392829,0.0388518,0.0390808,0.0388517,0.0388517,0.0388517,0.0388518,0.0388517,0.0390128,0.0388517,0.0388517,0.038853,0.0388519,0.0388518
0.0386774,0.0386771,0.0386771,0.0386775,0.0386771,0.0386771,0.0386771,0.0386771,0.0386771,0.0386851,0.0386774,0.0386881,0.0386771,0.0440319,0.0386771,0.0386774,0.0386771,0.0386826,0.0386771,0.0386772,0.0386771,0.0386808,0.0386776,0.105042
0.0387636,0.0387635,0.105179,0.0387635,0.0419792,0.0387636,0.0387635,0.0387635,0.0387637,0.0387635,0.038808,0.0387635,0.0387636,0.0387635,0.0387635,0.0387635,0.0387635,0.0387635,0.0387637,0.0387635,0.0387635,0.0387635,0.0387635,0.0387635
0.0388645,0.0388692,0.0388702,0.0388643,0.0394067,0.0388643,0.0388644,0.0388643,0.0388645,0.0388643,0.105436,0.0388643,0.0388652,0.0388643,0.0388643,0.0388643,0.0388645,0.0388644,0.0388796,0.0388643,0.0388643,0.0388643,0.0389782,0.0388646
0.0388848,0.0388814,0.0388822,0.0388817,0.0388814,0.0388816,0.0388814,0.0388814,0.0388814,0.0388819,0.0388814,0.0388973,0.0388815,0.0388814,0.0388814,0.0388814,0.0388817,0.0388826,0.0388814,0.0388814,0.0388844,0.105689,0.0388814,0.0388938
0.0402947,0.0403215,0.0402947,0.0402973,0.0402954,0.0403039,0.0402952,0.0402974,0.0402947,0.0402947,0.0403086,0.0403203,0.0402949,0.0616547,0.0402947,0.0403006,0.0402947,0.0402948,0.0402947,0.0516911,0.0402947,0.0402947,0.0402954,0.0403768
0.038872,0.0390806,0.0388723,0.038872,0.038872,0.038873,0.0388737,0.038875,0.0389391,0.038872,0.038872,0.0388721,0.0388721,0.0388858,0.038872,0.0388732,0.038872,0.0388721,0.0388961,0.105622,0.0388725,0.0388722,0.038872,0.038872
0.0396976,0.0396984,0.0433428,0.0396976,0.0829547,0.0396982,0.0396976,0.0396976,0.0396976,0.0396976,0.0396978,0.039722,0.0396978,0.0396976,0.0396976,0.0396976,0.0396976,0.0396976,0.0399868,0.0396976,0.0397374,0.0396976,0.0396976,0.0396976
0.0388414,0.0392628,0.0388414,0.0398322,0.0388414,0.0388423,0.0388414,0.0388414,0.0388414,0.0388414,0.0388414,0.0388414,0.0388414,0.105137,0.0388414,0.0388417,0.0388414,0.0388415,0.0388414,0.0388416,0.0388414,0.0388414,0.0388477,0.0389326
0.0393903,0.0393925,0.039396,0.0393903,0.0393928,0.0393903,0.0393903,0.0393903,0.039418,0.0393904,0.0393903,0.0393906,0.0393903,0.0394055,0.0393903,0.0914706,0.0393903,0.0394108,0.0393903,0.0418373,0.0393906,0.0393906,0.0393928,0.0394188
0.0388932,0.0388823,0.0388823,0.0388824,0.0388823,0.0388823,0.0388823,0.0388839,0.0388825,0.105685,0.0388823,0.0388826,0.0388823,0.0388831,0.0388823,0.0388823,0.0388823,0.0388834,0.0388823,0.0388823,0.0388823,0.0388889,0.0388823,0.0388825
0.0387292,0.0417305,0.0387738,0.0400575,0.0387292,0.0387294,0.0387292,0.0387293,0.0387292,0.0387524,0.0387292,0.0387292,0.0387292,0.104825,0.0387292,0.0387292,0.0387292,0.0387294,0.0387292,0.0387302,0.0387292,0.0387292,0.0387292,0.0387343
0.0362504,0.0362548,0.0362505,0.0362504,0.0362519,0.0362506,0.0363422,0.0984375,0.0362504,0.0362504,0.0784784,0.0362504,0.0362504,0.0362504,0.0362677,0.0362504,0.0605712,0.0362504,0.0373828,0.0362504,0.0362504,0.0362505,0.0362504,0.0362569
0.0396875,0.0396994,0.0396875,0.039744,0.0396873,0.0396874,0.0396872,0.0396872,0.0396872,0.0397131,0.0396876,0.0396872,0.0396872,0.0396872,0.0396872,0.0396873,0.0396872,0.0858441,0.0396872,0.0396883,0.0396891,0.039693,0.0396873,0.040932
0.0406312,0.0387728,0.0387742,0.0388408,0.0387728,0.0387728,0.0387728,0.0395846,0.0387746,0.105395,0.0387728,0.0387728,0.0387728,0.0387728,0.0387729,0.0387728,0.0387728,0.0388609,0.0387728,0.0387728,0.0387728,0.0387728,0.0387728,0.0387728
0.0386654,0.0386657,0.0386714,0.0977594,0.0386654,0.0386655,0.0386654,0.0386656,0.0386654,0.0386683,0.0386654,0.0386659,0.0386654,0.0515308,0.0386654,0.0386654,0.0386654,0.0386671,0.0386654,0.0387248,0.0386654,0.0386654,0.0386655,0.0386654
0.0382473,0.03825,0.0382567,0.10373,0.0382473,0.0382473,0.0382473,0.0382473,0.0382473,0.0382484,0.0382473,0.0382473,0.0382473,0.0548045,0.0382473,0.0382474,0.0382473,0.0382487,0.0382479,0.0382566,0.0382473,0.0382473,0.0382477,0.0382473
0.038818,0.0388201,0.0388181,0.038847,0.0388181,0.0388181,0.038818,0.0388181,0.038818,0.0388181,0.0388181,0.0388196,0.0388181,0.104881,0.038818,0.0388181,0.038818,0.0388181,0.038818,0.0388243,0.038818,0.0388181,0.0388183,0.0410827
0.0381156,0.0380859,0.0380859,0.0380861,0.0422816,0.0380859,0.0380894,0.0380859,0.0382904,0.0380859,0.0519642,0.0380859,0.040855,0.0380859,0.0380861,0.0380859,0.0381014,0.0380859,0.102901,0.0380859,0.0381122,0.0380859,0.038086,0.0380859
0.0393805,0.0393805,0.0393805,0.0394028,0.0393805,0.0393814,0.077736,0.039384,0.0393805,0.0393805,0.0393808,0.039864,0.0393807,0.0393807,0.0393805,0.0394262,0.0393805,0.0393805,0.0394403,0.0395477,0.0393805,0.0395256,0.0549643,0.0393805
0.0399645,0.0399948,0.0399645,0.0399645,0.0399758,0.0800407,0.0404158,0.0399645,0.0399647,0.0399645,0.0399645,0.0401312,0.0399645,0.0399645,0.0399645,0.0400803,0.0399645,0.0399645,0.0399645,0.0399645,0.0399649,0.0399645,0.0399645,0.0399646
0.0372308,0.037232,0.0372308,0.037233,0.0372308,0.0372308,0.101203,0.0372308,0.0372308,0.0372308,0.0372311,0.0372308,0.0624214,0.0372308,0.0372308,0.0372308,0.0372308,0.0372308,0.0372308,0.0372308,0.0541946,0.0372308,0.0372319,0.0375602
0.0383832,0.0383834,0.0383832,0.0383832,0.0383832,0.0384007,0.0383832,0.0383833,0.038384,0.0413604,0.0383832,0.103106,0.0383832,0.0494054,0.0383869,0.0383856,0.0383832,0.0383909,0.0383832,0.0383832,0.0383862,0.0384285,0.0383832,0.0383832
0.0389019,0.0389019,0.0389019,0.0389033,0.0389019,0.0390074,0.0389019,0.0389809,0.0389021,0.0389033,0.0389019,0.0389862,0.0389019,0.0401873,0.0389019,0.0389019,0.0389019,0.0389019,0.0389216,0.103209,0.0389019,0.0389061,0.0389019,0.0393681
0.0400575,0.0400575,0.0400582,0.0400575,0.0412156,0.0400626,0.0761937,0.0400749,0.0400581,0.0400575,0.0400575,0.0402253,0.0400586,0.0400575,0.0400575,0.0400577,0.0400576,0.0400575,0.0401941,0.0410509,0.0400575,0.0400577,0.0400575,0.04006
0.0387521,0.0387657,0.0387522,0.0387648,0.0387522,0.038755,0.0387521,0.0387522,0.0388094,0.0387521,0.0387521,0.0388021,0.0387521,0.0390363,0.0387521,0.0418905,0.0387521,0.0387522,0.0387521,0.10514,0.0387522,0.0387521,0.0387522,0.0387535
0.0390009,0.0389942,0.0389944,0.0389942,0.0389943,0.0389942,0.0389943,0.0389942,0.039209,0.0389946,0.0393463,0.0389943,0.0389948,0.0389942,0.0390011,0.0389943,0.0390108,0.0390274,0.0389942,0.0389942,0.0389987,0.0390247,0.102466,0.0389942
0.0386273,0.0386276,0.0386274,0.0386273,0.0386273,0.0386273,0.0432986,0.0386274,0.0386274,0.0386273,0.038647,0.0386273,0.0386273,0.0386273,0.0386353,0.0386273,0.104999,0.0386273,0.0386273,0.0386273,0.0405012,0.0386275,0.0386273,0.0386273
0.038874,0.105669,0.038874,0.0388891,0.038874,0.0388808,0.038874,0.0388742,0.0388746,0.0388763,0.038874,0.038874,0.038874,0.0388822,0.038874,0.0390048,0.038874,0.038874,0.038874,0.0388822,0.0389273,0.038874,0.038874,0.0388781
0.0379719,0.0379737,0.0379719,0.0379753,0.0379719,0.0379724,0.0379719,0.0379719,0.0379724,0.0379869,0.0379719,0.0379726,0.0379719,0.0379747,0.0379719,0.102003,0.0379721,0.0379736,0.037972,0.0625419,0.0379932,0.0379914,0.0379738,0.0379761
0.0388774,0.0388774,0.0388779,0.0388774,0.0388774,0.0389556,0.0388774,0.0388774,0.0388774,0.0388781,0.0388774,0.0389021,0.0388774,0.0388774,0.0388774,0.0388777,0.0388774,0.0388774,0.0388776,0.0388814,0.0388982,0.105671,0.0388774,0.0388965
0.0387782,0.0387619,0.0387624,0.0387618,0.0387618,0.0387655,0.0387618,0.0416764,0.0387652,0.105364,0.0387618,0.0387618,0.0387618,0.0388577,0.0388405,0.038762,0.0387618,0.038762,0.0387618,0.0387618,0.0387618,0.0387618,0.0387618,0.0387618
0.0388787,0.0388786,0.0388788,0.0388786,0.0388786,0.0388787,0.0388787,0.0388786,0.0388786,0.0389604,0.0388786,0.0388974,0.0388786,0.0388786,0.0388786,0.0388786,0.0388786,0.0388786,0.0388787,0.0388786,0.0388788,0.105679,0.0388786,0.0388905
0.0397258,0.0389125,0.0389509,0.0389125,0.0389128,0.0389125,0.0394496,0.0389125,0.0390528,0.0389201,0.0390649,0.0389126,0.0389126,0.0389125,0.0393261,0.0389125,0.0389225,0.0389159,0.0389125,0.0389125,0.0389235,0.0394027,0.102394,0.0389125
0.0379286,0.0379265,0.0379265,0.0379265,0.0379265,0.0379265,0.0385613,0.0379265,0.0379266,0.0379278,0.0379265,0.0379265,0.0379266,0.0379265,0.0607205,0.0379265,0.102861,0.0379265,0.0379367,0.0379265,0.0390365,0.038203,0.0379265,0.0379265
0.0385111,0.0385125,0.0385111,0.0385111,0.0385124,0.0385134,0.0385111,0.0385111,0.0385111,0.0385111,0.0391033,0.0405766,0.0991768,0.0385111,0.0385111,0.0385112,0.0385565,0.0385111,0.038739,0.0385145,0.0385475,0.0385155,0.0505987,0.0385111
0.0388958,0.0388958,0.0388958,0.0388958,0.0388967,0.0390906,0.0388958,0.038923,0.0389089,0.0388958,0.0389116,0.103242,0.038898,0.0388958,0.0388966,0.0388959,0.0396186,0.0388958,0.0388958,0.0388967,0.0388958,0.0400678,0.0388958,0.0388993
0.038869,0.0389735,0.038869,0.038869,0.038869,0.0388764,0.038869,0.038869,0.0388691,0.0388708,0.038869,0.105648,0.038869,0.0390029,0.038869,0.038869,0.038869,0.038869,0.038869,0.0388752,0.0389663,0.0388695,0.038869,0.0388816
0.0405983,0.0387546,0.0402305,0.0387545,0.0387546,0.0387545,0.0387546,0.0387545,0.0387734,0.0387561,0.0387546,0.0387545,0.0387551,0.0387545,0.0387741,0.0387546,0.0387545,0.0387546,0.0387546,0.0387545,0.105281,0.0387574,0.0387556,0.0387545
0.0379916,0.0605726,0.0379909,0.103268,0.0379916,0.0379909,0.0379909,0.0379915,0.0379909,0.0379922,0.0379909,0.037991,0.0379909,0.0383002,0.0379909,0.0379909,0.0379909,0.0380136,0.0379909,0.0380138,0.0379913,0.0379909,0.0379909,0.037991
0.0386679,0.0386683,0.0386679,0.0386702,0.0386679,0.0386679,0.0386679,0.0386697,0.0386679,0.0386694,0.0386679,0.044071,0.0386679,0.0386679,0.0386679,0.0386745,0.0386679,0.105075,0.0386679,0.0386681,0.0386684,0.0388108,0.038671,0.0386685
0.0359393,0.036671,0.0359393,0.0359491,0.0359395,0.0359394,0.0359393,0.0359393,0.0359393,0.0359437,0.0359393,0.035949,0.0359393,0.08726,0.0359393,0.0359396,0.0359393,0.0359447,0.0359393,0.0662992,0.0359393,0.0359393,0.0359393,0.090954
0.0388686,0.0388683,0.0388712,0.0388683,0.0388733,0.0388683,0.0388713,0.0388683,0.0388686,0.0388683,0.0388808,0.0388712,0.0391825,0.0388683,0.038893,0.0388683,0.105652,0.0388683,0.0388785,0.0388683,0.0388683,0.0388692,0.0388683,0.0388683
0.0388789,0.0388848,0.0388789,0.0388789,0.0388791,0.105684,0.0388791,0.0388801,0.03888,0.0388789,0.0388789,0.0389263,0.0388789,0.0388824,0.0388791,0.0389207,0.0388789,0.0388789,0.0388789,0.0388789,0.0388789,0.0388789,0.0388789,0.0388789
0.0388502,0.0388513,0.105579,0.0388502,0.0397139,0.0388512,0.0388502,0.0388502,0.0388502,0.0388502,0.0388504,0.0388502,0.0388502,0.0388507,0.0388502,0.0388502,0.0388502,0.0388502,0.0388503,0.0388502,0.0388508,0.0388502,0.0388502,0.0388502
0.0387468,0.0387466,0.0387467,0.0387466,0.0387468,0.0387466,0.0387483,0.0387466,0.105319,0.0387466,0.0387466,0.0387466,0.0387468,0.0387466,0.0387466,0.0418123,0.0387466,0.0387466,0.0390916,0.0387475,0.0387466,0.0387467,0.0388412,0.0387466
0.0410396,0.0409914,0.0409923,0.0409913,0.0409913,0.0409913,0.0409913,0.0409913,0.0571439,0.0409913,0.0409913,0.0409913,0.0409936,0.0409913,0.0409913,0.0409914,0.0409942,0.0409915,0.0409913,0.0409913,0.0409917,0.0409914,0.0409921,0.0409913
0.0374957,0.0374957,0.0374959,0.0375016,0.0374957,0.0374957,0.0374957,0.0374957,0.0374957,0.0374975,0.0374958,0.0374991,0.0374957,0.100879,0.0374957,0.0375009,0.0374957,0.0374991,0.0374957,0.0375204,0.0374957,0.0374958,0.0375015,0.0741653
0.0388789,0.0388789,0.0389068,0.0388789,0.105683,0.0388789,0.0388789,0.0388789,0.0388793,0.0388789,0.0389353,0.0388789,0.0388792,0.0388791,0.0388796,0.0388789,0.0388789,0.0388789,0.0388963,0.0388789,0.0388789,0.0388789,0.0388789,0.0388789
0.0389985,0.0389994,0.0390004,0.0391793,0.0389989,0.039,0.0389985,0.0389985,0.0389985,0.0389986,0.0389985,0.0390501,0.0389985,0.0391362,0.0389985,0.0389988,0.0389985,0.038999,0.0389987,0.102494,0.039009,0.0389986,0.0389985,0.039152
0.0391216,0.0388676,0.0388668,0.0388667,0.0388668,0.0388667,0.0388667,0.0388667,0.038867,0.0388668,0.0388667,0.0388667,0.0388732,0.0388667,0.0390877,0.0388667,0.0388667,0.0388667,0.038867,0.0388667,0.105572,0.0388679,0.0388758,0.0388667
0.0388076,0.0388076,0.0388076,0.0388076,0.0388076,0.0388076,0.0388076,0.0388076,0.039821,0.0388076,0.0388076,0.10549,0.0388076,0.0388149,0.0388109,0.0388115,0.0388076,0.0388157,0.0388076,0.0388106,0.0388097,0.0397024,0.0388077,0.0388076
0.037485,0.0374857,0.037485,0.0374852,0.037485,0.101871,0.037485,0.0374855,0.0374852,0.037485,0.037485,0.0374854,0.037485,0.0375171,0.0374864,0.0734216,0.037485,0.037485,0.037485,0.0374851,0.0374859,0.0374851,0.037485,0.037485
0.0375819,0.0375819,0.0710825,0.0375819,0.0375826,0.102098,0.0375819,0.0375881,0.0375843,0.0375822,0.0375819,0.0375819,0.037582,0.0375819,0.0375892,0.0375819,0.0375819,0.0375819,0.0375819,0.0375819,0.0375819,0.037582,0.0375819,0.0375819
0.0393985,0.0388969,0.0388969,0.0413798,0.0388969,0.0388969,0.0388969,0.0388969,0.0388969,0.102258,0.0388969,0.0388992,0.0388969,0.0388971,0.0388969,0.0388969,0.0388969,0.0389356,0.0388969,0.0388969,0.0388978,0.0389699,0.0388969,0.0389106
0.038765,0.0387655,0.0387643,0.0387644,0.0387642,0.0387641,0.0387818,0.0387641,0.0387643,0.0387641,0.0387737,0.0387641,0.0390851,0.0387641,0.0387641,0.0387668,0.0387642,0.0415422,0.0387641,0.105272,0.0387644,0.0387647,0.0387676,0.0387809
0.0391299,0.0388389,0.105563,0.0388396,0.0390814,0.0388389,0.0388389,0.0388389,0.0388663,0.0388389,0.038839,0.0388389,0.0388598,0.0390281,0.0388389,0.0388395,0.0388389,0.0388389,0.0389002,0.0388389,0.0391327,0.0388389,0.0388536,0.0388389
0.0397255,0.0395453,0.0395453,0.0396091,0.0395453,0.0395454,0.0395456,0.0395453,0.0395453,0.0395483,0.0395453,0.0414067,0.0395453,0.0395453,0.0395453,0.0432839,0.0395453,0.0395897,0.0395453,0.039552,0.0395463,0.0823844,0.0417019,0.039563
0.0388823,0.0388813,0.038882,0.0388875,0.0388813,0.0388814,0.0388813,0.0388814,0.0388813,0.0388825,0.0388813,0.0388814,0.0388813,0.0388813,0.0388813,0.0388814,0.0388902,0.0388814,0.0388825,0.0388813,0.0389025,0.105689,0.0388813,0.0388814
0.0389044,0.0389041,0.0389041,0.0389041,0.038912,0.0389044,0.105175,0.0389041,0.0389043,0.0389041,0.0389045,0.0389041,0.038923,0.0389041,0.0389058,0.0389048,0.0389041,0.0389041,0.0389042,0.0389041,0.0389041,0.0389041,0.0389041,0.0389041
0.0388844,0.0388815,0.0388841,0.0388815,0.0388818,0.0388815,0.0388816,0.0388815,0.105691,0.0388815,0.0388815,0.0388815,0.0388818,0.0388815,0.0388815,0.0388815,0.0388815,0.0388815,0.0388815,0.0388815,0.0389107,0.0388815,0.0388815,0.0388815
0.0375515,0.0375504,0.0375506,0.0375505,0.0375508,0.0375504,0.0377631,0.0375504,0.0375505,0.0375504,0.0375505,0.0375504,0.0969739,0.0375504,0.0375505,0.0375504,0.0385167,0.0375504,0.0757333,0.0375504,0.0375516,0.0375507,0.0375516,0.0375504
0.0388764,0.0388764,0.0388764,0.0388764,0.0388764,0.038882,0.0388764,0.0388764,0.0388764,0.0388766,0.0388764,0.0389246,0.0388764,0.0388976,0.0388764,0.0388765,0.0388764,0.0388764,0.0388764,0.0401031,0.0388764,0.038885,0.0388764,0.104532
0.03882,0.0388238,0.0388203,0.038847,0.03882,0.03882,0.03882,0.0388219,0.03882,0.03882,0.0388206,0.0388202,0.03882,0.105312,0.03882,0.03882,0.03882,0.0388201,0.0388205,0.0388532,0.03882,0.03882,0.0388211,0.0405793
0.0389267,0.0389211,0.0395804,0.0389239,0.0389211,0.038921,0.038921,0.038921,0.038921,0.038921,0.0389263,0.038921,0.0389225,0.038921,0.0389214,0.038921,0.0389279,0.038921,0.104053,0.038921,0.0390019,0.0389212,0.0389221,0.038921
0.0366096,0.0365766,0.036607,0.0365763,0.0365905,0.0365763,0.0365764,0.0365763,0.0365783,0.0365763,0.0365766,0.0365763,0.099403,0.0365763,0.0365763,0.0365763,0.0365794,0.0365763,0.0958346,0.0365763,0.0365763,0.0365763,0.0365763,0.0365763
0.0388721,0.0388706,0.0389799,0.0389565,0.0388706,0.0388706,0.0388715,0.0388719,0.0388706,0.0388706,0.0388707,0.0388706,0.038871,0.0388706,0.038871,0.0388706,0.105658,0.0388715,0.0389271,0.0388706,0.0388706,0.0389291,0.0388729,0.0388706
0.0386069,0.0386069,0.0386069,0.0386069,0.0387912,0.038607,0.038763,0.0396397,0.0386069,0.0386069,0.0444249,0.0386162,0.0386129,0.0386069,0.0386108,0.0386069,0.104708,0.0386069,0.0387241,0.0386069,0.0386069,0.0386101,0.0386075,0.0386085
0.0387112,0.0429237,0.0387112,0.0387122,0.0387112,0.0387113,0.0387112,0.0387526,0.0387113,0.0387115,0.0387112,0.0387123,0.0387112,0.0387113,0.0387112,0.0387121,0.0387112,0.0387112,0.0387113,0.105227,0.0387115,0.0387112,0.0387112,0.0388682
0.038873,0.0388698,0.0388698,0.0388698,0.0388698,0.0388698,0.0388698,0.0388698,0.0388698,0.0388699,0.0388698,0.039057,0.0388698,0.0388698,0.0388699,0.0388757,0.0388699,0.0389726,0.0388698,0.0388698,0.0388761,0.105639,0.0389193,0.0388698
0.0385462,0.0384955,0.0384955,0.0385051,0.0384955,0.0384993,0.0384955,0.0385055,0.0384955,0.104641,0.0384955,0.0384955,0.0384955,0.0384972,0.0384955,0.0388333,0.0384955,0.0386321,0.0384955,0.0384955,0.0384955,0.0444775,0.0384955,0.041926
0.0389268,0.0388825,0.0388901,0.0388953,0.0388825,0.0388825,0.038883,0.0388825,0.0388828,0.0388825,0.0388825,0.0388838,0.0388825,0.0388825,0.0388845,0.0388871,0.0388825,0.0388827,0.0388825,0.0388825,0.105554,0.0388829,0.0389565,0.0388825
0.0384617,0.0384617,0.0384617,0.0384617,0.038462,0.038471,0.0384617,0.0384634,0.0384617,0.0384617,0.0492219,0.104542,0.0384619,0.0384617,0.0385011,0.0384617,0.0384751,0.0384617,0.0384617,0.0384617,0.0384706,0.0384656,0.0384643,0.0384617
0.0389506,0.0389222,0.0389224,0.0389369,0.0389222,0.0389222,0.0389222,0.0389222,0.0389222,0.0389222,0.0389271,0.0389822,0.0389222,0.0389287,0.0389222,0.0389327,0.0389226,0.0389223,0.0389695,0.0389345,0.0389309,0.0389226,0.104595,0.0389222
0.104732,0.0386543,0.0386552,0.0403143,0.0386543,0.0386543,0.0386544,0.0386543,0.0386565,0.0386543,0.0386543,0.0386543,0.0386563,0.0386543,0.0386543,0.0386631,0.0386544,0.0386553,0.0386545,0.0386543,0.0386716,0.0386545,0.0431804,0.0386543
0.0394492,0.0394507,0.0394492,0.0394492,0.0394544,0.0394499,0.0394492,0.0394492,0.0394492,0.0394492,0.039496,0.0399195,0.0913709,0.0394492,0.0394492,0.0394492,0.039611,0.0394492,0.0398246,0.0394494,0.0394608,0.0395587,0.0395641,0.0394492
0.0388563,0.0388563,0.0388563,0.0388563,0.0388563,0.0388571,0.0388563,0.105621,0.0388563,0.0388563,0.0394558,0.0388563,0.0388563,0.0388563,0.0388563,0.0388563,0.0389076,0.0388574,0.0388619,0.0388563,0.0388563,0.0388822,0.0388563,0.0388563
0.0613772,0.0378922,0.0378672,0.0392183,0.0378603,0.03786,0.03786,0.03786,0.0378608,0.0378798,0.0378639,0.037867,0.03786,0.0378601,0.03786,0.0390092,0.037903,0.102908,0.0378602,0.0378732,0.0379421,0.0379,0.0378666,0.0378912
0.0395582,0.0395582,0.0403928,0.0395582,0.0892925,0.0395583,0.0395585,0.0395582,0.0395604,0.0395582,0.0395657,0.0395583,0.0395582,0.0395582,0.0395582,0.0395582,0.0395582,0.0395582,0.0395821,0.0395583,0.0395584,0.0395582,0.0395582,0.0395582
0.038936,0.0389361,0.0389361,0.038936,0.038936,0.104157,0.038936,0.0389638,0.038936,0.0389362,0.038936,0.0389362,0.038936,0.0392191,0.038936,0.0389395,0.038936,0.038936,0.038936,0.038936,0.038936,0.0389361,0.038936,0.0389363
0.0381506,0.0381508,0.0381506,0.0381506,0.0381507,0.103684,0.0382761,0.038381,0.0381507,0.0381507,0.0381506,0.05662,0.0381507,0.0381627,0.0381507,0.0381542,0.0381506,0.0381506,0.0381506,0.0381506,0.0381506,0.0381609,0.0381506,0.0381508
0.0387977,0.0390494,0.0387978,0.0387979,0.0387978,0.105383,0.0387977,0.040799,0.0387978,0.0387978,0.0387977,0.0387978,0.0388056,0.0388027,0.0387977,0.0387983,0.0387977,0.0387977,0.0387977,0.0387977,0.0387977,0.0388,0.0387977,0.0387978
0.0407706,0.0407788,0.0407688,0.0407703,0.0407689,0.0407689,0.0407688,0.0407688,0.0407688,0.0407792,0.0407688,0.0407689,0.0407688,0.0407689,0.0407689,0.0408592,0.0407688,0.0621662,0.0407688,0.0407994,0.0407692,0.0407714,0.0407694,0.0407711
0.0388798,0.0388785,0.0388789,0.0388785,0.0388785,0.0388891,0.0388798,0.0388785,0.0388879,0.0388785,0.0388785,0.0388837,0.0388785,0.0389532,0.0388792,0.105662,0.0388785,0.0388808,0.0388785,0.0388788,0.0388786,0.0388807,0.0389028,0.0388785
0.040774,0.0407744,0.0493282,0.040774,0.0408095,0.0407748,0.0408619,0.040774,0.040776,0.040774,0.0407743,0.0408107,0.0407805,0.040774,0.040774,0.040774,0.0407746,0.040774,0.05038,0.0438602,0.0407811,0.040774,0.040774,0.040774
0.0375633,0.0375633,0.0375633,0.0375633,0.0375635,0.0375633,0.037656,0.0375633,0.102065,0.0375633,0.0375633,0.0375633,0.0712555,0.0375633,0.0375633,0.0376764,0.0375674,0.0375633,0.0375633,0.0375707,0.0376313,0.0375633,0.0375639,0.0375633
0.0377607,0.0377608,0.0666115,0.0377607,0.0377609,0.102644,0.0377643,0.0377645,0.0377607,0.0377607,0.0377607,0.0377607,0.0377607,0.0377607,0.0377607,0.0377617,0.0377607,0.0377607,0.0377607,0.0377607,0.0377607,0.037761,0.0377607,0.0377607
0.0388417,0.038843,0.0388427,0.105506,0.0388417,0.0388418,0.0388417,0.0388417,0.0388417,0.0388417,0.0388417,0.0388417,0.0388417,0.0399739,0.0388417,0.0388417,0.0388417,0.0388417,0.0388417,0.038842,0.0388417,0.0388417,0.0388423,0.0388417
0.0391139,0.0388691,0.0388696,0.0389012,0.038869,0.038869,0.038869,0.038869,0.0388739,0.0388701,0.038869,0.038869,0.038869,0.038869,0.0389527,0.0388695,0.0388697,0.038869,0.0388691,0.038869,0.105611,0.0388696,0.0389018,0.038869
0.0388824,0.038882,0.038882,0.0388822,0.0388821,0.038882,0.038882,0.038882,0.038882,0.038882,0.0388825,0.038882,0.038882,0.038882,0.0389346,0.038882,0.105658,0.038882,0.038882,0.038882,0.0388846,0.038882,0.038882,0.038882
0.0387584,0.0387584,0.0387584,0.0387584,0.0388235,0.0387584,0.0387584,0.0387599,0.0387584,0.0387586,0.0387592,0.0427043,0.0387584,0.039567,0.0387584,0.0387585,0.0387584,0.0387614,0.0387585,0.0391083,0.0387584,0.0387666,0.0387584,0.103374
0.0388023,0.039305,0.038931,0.0397892,0.0388022,0.0391435,0.0388022,0.0388023,0.0388022,0.0388031,0.0388022,0.038805,0.0388022,0.10547,0.0388046,0.038803,0.0388022,0.0388049,0.0388022,0.0388733,0.0388023,0.0388022,0.0388063,0.0388366
0.0387568,0.0387568,0.0387568,0.0387568,0.0387595,0.0387568,0.038786,0.0387703,0.0387568,0.0387568,0.0389861,0.0387983,0.038964,0.0387568,0.038767,0.0387568,0.105133,0.0387568,0.0416731,0.0387568,0.0387569,0.0387591,0.038765,0.0387568
0.0392055,0.0389433,0.0388805,0.038961,0.0388837,0.0388775,0.0388775,0.0388775,0.0388782,0.0388778,0.0388849,0.038881,0.0388775,0.0388775,0.0388775,0.0389572,0.0388793,0.104754,0.0388784,0.0389841,0.0389165,0.0388863,0.038982,0.0391011
0.0387199,0.105164,0.03872,0.0429084,0.03872,0.0387201,0.0387199,0.03872,0.03872,0.0387204,0.0387199,0.03872,0.0387199,0.0387201,0.0387199,0.0387387,0.0387199,0.03872,0.03872,0.0387779,0.0387276,0.0387199,0.0387199,0.038723
0.0389273,0.0389273,0.0389275,0.0389273,0.0389896,0.0389282,0.0389273,0.0389273,0.0390481,0.0389273,0.0389274,0.104347,0.0389281,0.0389285,0.0389273,0.0389273,0.0389273,0.0389273,0.0389278,0.0390638,0.0389275,0.0389276,0.0389273,0.0389281
