0.0390987,0.039099,0.039105,0.0390995,0.0391455,0.039099,0.0390987,0.0391087,0.0395293,0.0391349,0.0410679,0.0392239,0.0390987,0.0391134,0.0974104,0.0391021,0.0393838,0.0394818,0.0390989,0.0390987,0.0391027,0.0390994,0.0391,0.0391
0.0397407,0.0387894,0.0389236,0.0387896,0.0388455,0.0387892,0.0387895,0.0387889,0.0388041,0.0387924,0.0387898,0.0387889,0.0388601,0.0387889,0.0388551,0.0387981,0.03879,0.0387889,0.0392668,0.0387889,0.104908,0.0389344,0.0398001,0.0387889
0.0379995,0.0380569,0.0382274,0.0492596,0.0380024,0.0380287,0.0380007,0.0380017,0.0380006,0.0379998,0.0380045,0.038003,0.0379994,0.1028,0.0379994,0.0380219,0.0379994,0.0380155,0.0379996,0.0485339,0.0379994,0.0379994,0.0380003,0.0390478
0.0404063,0.0404054,0.0404057,0.0404081,0.0404281,0.0404054,0.0404065,0.0404053,0.0693426,0.0404054,0.0404058,0.0404054,0.0404328,0.0404055,0.0404119,0.0405742,0.0404122,0.0404076,0.0405007,0.0404069,0.0404273,0.0404269,0.0413588,0.0404053
0.0372013,0.0372011,0.0372164,0.0372011,0.0372011,0.0375722,0.0796051,0.0372011,0.0372868,0.0372712,0.037201,0.0372061,0.0372011,0.0372019,0.0372014,0.10079,0.037201,0.0372274,0.037201,0.0373948,0.037218,0.0375711,0.0372025,0.0372254
0.0371249,0.037138,0.0371059,0.0738431,0.0371062,0.0371059,0.037106,0.0371198,0.037106,0.0371299,0.0371968,0.0371061,0.0371059,0.0371193,0.0371059,0.0396106,0.0371122,0.100446,0.0371089,0.0402619,0.0371067,0.0371237,0.0403432,0.0373679
0.0386975,0.0386897,0.0387652,0.0386897,0.0397083,0.0386897,0.0386961,0.0386897,0.0388143,0.0386897,0.0397419,0.0386901,0.105084,0.0386897,0.0386906,0.0386899,0.0387122,0.0386897,0.0412783,0.0386897,0.0387126,0.0386913,0.03882,0.0386898
0.0387298,0.038732,0.039019,0.0387297,0.0396367,0.0387338,0.0387917,0.0387395,0.0387332,0.038731,0.104802,0.0387465,0.03873,0.0387302,0.0418297,0.0387297,0.0387386,0.0387299,0.0387339,0.0387297,0.0387297,0.0387298,0.0387309,0.0387327
0.0385627,0.038558,0.0386572,0.0385741,0.038558,0.0385728,0.0385581,0.0385789,0.0385675,0.039926,0.0392416,0.104374,0.0385579,0.0389204,0.0406149,0.0385591,0.0385579,0.0417108,0.0385579,0.0385606,0.038558,0.0387179,0.0385617,0.039394
0.0388042,0.0388035,0.0388282,0.038814,0.0388273,0.0388035,0.0390389,0.0388156,0.0388035,0.0388039,0.0391889,0.0388039,0.039043,0.0388035,0.0388213,0.0388035,0.0424145,0.0388039,0.102854,0.0388035,0.0388118,0.0388045,0.0388975,0.0388035
0.039033,0.0390399,0.0390393,0.0390331,0.0391658,0.0391928,0.0391956,0.0390331,0.0390735,0.039033,0.0390333,0.0390332,0.0390349,0.0390474,0.0390329,0.100541,0.0390329,0.0390331,0.0391265,0.0400874,0.0390332,0.0390412,0.0390331,0.0390505
0.0383668,0.0379692,0.0383931,0.0379692,0.0379794,0.0379789,0.037973,0.0379692,0.0379821,0.0379694,0.0379693,0.0379697,0.0465286,0.0379692,0.0379733,0.0379728,0.0379693,0.0379692,0.0381371,0.0379693,0.101107,0.0537236,0.0382217,0.0379692
0.0388548,0.0388548,0.0388548,0.0389788,0.0388636,0.0388545,0.104323,0.0395766,0.0388545,0.0395392,0.0389653,0.0388545,0.0388572,0.0388549,0.0388641,0.0388549,0.039115,0.038855,0.0389093,0.0388545,0.0388546,0.0388548,0.0388961,0.0388548
0.0394503,0.0387808,0.0428529,0.0387858,0.0387812,0.0387808,0.0389243,0.0387808,0.0388231,0.0387945,0.038826,0.038781,0.0387809,0.0387824,0.0388093,0.0387812,0.0387941,0.0388662,0.0387808,0.0387808,0.0458241,0.0387861,0.0958713,0.0387811
0.0378703,0.0577617,0.0378703,0.0378706,0.0378764,0.043076,0.0379199,0.10285,0.0378705,0.0384467,0.0378727,0.0380406,0.0378703,0.0378703,0.0379236,0.0378707,0.0380306,0.0378738,0.0378732,0.0378782,0.0378703,0.0378718,0.0378703,0.0378709
0.047633,0.0385538,0.0393885,0.0385535,0.0385551,0.0385535,0.0385547,0.0385535,0.0385591,0.0385705,0.0385639,0.0385535,0.03888,0.0385535,0.0385604,0.038564,0.0385536,0.0385536,0.0386597,0.0385535,0.101636,0.0386378,0.0397018,0.0385535
0.0384237,0.0384236,0.038427,0.0384246,0.038425,0.0384235,0.0384356,0.03844,0.0384235,0.0384257,0.0384243,0.0384234,0.0489717,0.0384234,0.0384305,0.0384382,0.0397215,0.0384235,0.104324,0.0384234,0.0384337,0.0384425,0.038424,0.0384235
0.0386608,0.0386593,0.0394794,0.0386593,0.0432085,0.0386686,0.10471,0.0386593,0.0386981,0.0386594,0.0386977,0.0386593,0.0386616,0.0386624,0.0387332,0.0388435,0.0386595,0.0386594,0.0386607,0.0386594,0.0386739,0.0386593,0.0390488,0.0386593
0.0385071,0.0385678,0.0385071,0.0391267,0.0385071,0.0385411,0.0385092,0.104621,0.0385071,0.0427401,0.0385303,0.0385073,0.0385071,0.0385072,0.0385212,0.0385072,0.0385535,0.0385131,0.0431177,0.0385071,0.0385071,0.0385733,0.0385071,0.0385072
0.0386592,0.038659,0.0386589,0.0386618,0.0386598,0.0386588,0.0387334,0.0386598,0.0386778,0.0386777,0.0386683,0.0386588,0.0386619,0.0386588,0.0397978,0.038659,0.104879,0.038681,0.0386715,0.0386588,0.0389217,0.0386593,0.0430592,0.0386588
0.0405315,0.0385531,0.0385552,0.0429113,0.0385567,0.0385531,0.0393665,0.0385531,0.0385952,0.0385533,0.0397956,0.0385531,0.0385645,0.0385645,0.0385532,0.0386074,0.0385579,0.0386157,0.0385552,0.0385536,0.0385541,0.0385533,0.104689,0.0385534
0.0380876,0.0380876,0.0387333,0.0380876,0.0382055,0.0389005,0.0393309,0.0380899,0.101763,0.0380876,0.038105,0.038808,0.0381051,0.0380876,0.0566621,0.0380884,0.0381148,0.0380876,0.0380999,0.0380876,0.0381178,0.0380878,0.0380876,0.0380876
0.0385702,0.0384951,0.0384975,0.0387121,0.0384951,0.0384951,0.0385041,0.0384998,0.0384952,0.0385286,0.0408602,0.0384951,0.038545,0.0384951,0.0385317,0.0385618,0.0391116,0.0385503,0.100087,0.0384951,0.0384953,0.0385057,0.0494783,0.0384951
0.038795,0.0387935,0.0387965,0.0387935,0.0400396,0.0387939,0.0388747,0.0387935,0.0388165,0.0387935,0.0387964,0.0387939,0.105097,0.0387935,0.0387979,0.038796,0.0393876,0.0387935,0.0391602,0.0387935,0.0390464,0.0387949,0.0388648,0.0387938
0.0385036,0.0385024,0.0386686,0.0385025,0.0385024,0.0388519,0.0385574,0.0385036,0.0385786,0.0389185,0.038503,0.10224,0.0385024,0.0387035,0.0465011,0.0385079,0.0385024,0.0385317,0.0385024,0.0385028,0.0385077,0.0413975,0.0385053,0.038503
0.0381128,0.0382808,0.0381029,0.0584293,0.0380551,0.0380569,0.0380637,0.0385743,0.0380551,0.103405,0.0380629,0.0380554,0.0380551,0.0380627,0.038057,0.0380551,0.0380551,0.0381205,0.0380569,0.0380551,0.0380555,0.0380564,0.0380559,0.0380608
0.0368246,0.0368247,0.0395571,0.0368246,0.0739155,0.0492879,0.0999467,0.0368248,0.0373688,0.0368246,0.0368248,0.0368317,0.0369898,0.0368247,0.0368477,0.0368466,0.0368264,0.0368246,0.0368268,0.0368436,0.0368398,0.0368249,0.0368247,0.0368247
0.038812,0.0387874,0.0387982,0.0388232,0.0387873,0.0387873,0.105428,0.0387883,0.0387873,0.0404397,0.0387876,0.0387873,0.0388134,0.0387875,0.0387874,0.0387964,0.0387983,0.0387875,0.0388095,0.0387873,0.0387907,0.0387877,0.0394517,0.0387885
0.038738,0.104225,0.0387408,0.0389391,0.0387438,0.0411272,0.0387383,0.0393422,0.0387383,0.0400907,0.0387383,0.0388822,0.038738,0.0387436,0.0387383,0.0387581,0.0387381,0.0387477,0.0387382,0.0387874,0.0387399,0.0387393,0.038738,0.0387493
0.0879611,0.0367563,0.0368628,0.0387344,0.0367563,0.0367563,0.0367563,0.0367563,0.0367612,0.037101,0.037332,0.0374494,0.0367584,0.0367708,0.0367626,0.0367584,0.0367567,0.0367966,0.0367564,0.0367563,0.0367904,0.0367668,0.0995551,0.0367879
0.0385764,0.038587,0.0385763,0.038577,0.0385763,0.0385888,0.0385763,0.038583,0.0385763,0.0387715,0.038579,0.0437463,0.0385763,0.0391243,0.0385766,0.0390961,0.0385763,0.0386171,0.0385763,0.0400229,0.0385768,0.0389767,0.0385765,0.10439
0.039873,0.038718,0.0403503,0.0388307,0.0387187,0.038718,0.0387184,0.038718,0.0387241,0.0387311,0.105189,0.0387181,0.0387511,0.0387261,0.0389389,0.0387182,0.0387188,0.0387189,0.0387427,0.038718,0.038718,0.038718,0.039804,0.03872
0.038537,0.0385377,0.0389101,0.0387976,0.0386912,0.0385364,0.0385361,0.0385361,0.0385421,0.0385358,0.0386221,0.0385358,0.0465897,0.038536,0.0385442,0.0385362,0.0385433,0.0385358,0.104713,0.0385358,0.0385367,0.038536,0.0385399,0.0385358
0.0387363,0.0392122,0.0387365,0.0391223,0.0387363,0.0412186,0.0387366,0.105233,0.0387363,0.0389841,0.0387462,0.0387396,0.0387363,0.0387367,0.038738,0.0387364,0.038755,0.0387372,0.0389349,0.0387363,0.0387363,0.0387422,0.0387363,0.0387364
0.0369349,0.037126,0.0369381,0.0369433,0.0369351,0.0382955,0.0369352,0.0369603,0.0369637,0.0369349,0.0369349,0.037333,0.0369349,0.0369612,0.0369349,0.0851917,0.0369349,0.0369533,0.036937,0.100076,0.0369349,0.0369692,0.0369349,0.0370024
0.0383509,0.0383509,0.0383576,0.038353,0.0386289,0.0383507,0.0384359,0.0385762,0.0383508,0.0383529,0.103541,0.0383507,0.0383522,0.0383514,0.0473981,0.0383507,0.0389217,0.0383531,0.0424601,0.0383507,0.0383507,0.0383507,0.0384105,0.0383507
0.0369804,0.0369836,0.0376543,0.094719,0.0369707,0.0370239,0.0369707,0.0369707,0.0370651,0.0369725,0.0369735,0.0369768,0.0369708,0.0884523,0.0369707,0.0395372,0.0369707,0.0369733,0.0369725,0.0369927,0.0369707,0.0369707,0.0369867,0.0369707
0.0381534,0.0381873,0.038158,0.0381538,0.0381929,0.0384115,0.0381738,0.0381534,0.039353,0.0381535,0.0381534,0.0381593,0.0381534,0.0381631,0.0381534,0.10356,0.0381534,0.038206,0.0381535,0.055237,0.0381934,0.0381637,0.0381538,0.0383056
0.0387538,0.0387533,0.0388562,0.0387533,0.0387664,0.0389703,0.0387541,0.0387534,0.0403527,0.0387537,0.038759,0.103757,0.0387533,0.040731,0.0391524,0.0388476,0.0387533,0.0387577,0.0387533,0.0387708,0.0387534,0.0392256,0.0387579,0.038761
0.0387451,0.0388056,0.0387701,0.0391918,0.0387412,0.0387413,0.0387624,0.0387388,0.0387388,0.038758,0.0388595,0.0387424,0.0387386,0.104467,0.0387386,0.0389583,0.0387386,0.0387407,0.038739,0.0388221,0.0387386,0.0387392,0.0387474,0.042237
0.0387346,0.038749,0.0387364,0.0387344,0.0387351,0.0387402,0.0387343,0.0387344,0.0420308,0.0390781,0.0387372,0.104708,0.0387343,0.0388023,0.0392282,0.0387513,0.0387344,0.0387389,0.0387343,0.0387345,0.0387624,0.0387361,0.0387345,0.038856
0.0383655,0.0383656,0.0383655,0.0383655,0.038367,0.0399039,0.038404,0.038406,0.0495602,0.038366,0.0383816,0.104215,0.0383669,0.0383655,0.0388817,0.0383735,0.0383775,0.0383657,0.0383655,0.0383709,0.0383666,0.0383686,0.0383655,0.0383662
0.0387711,0.038771,0.0387709,0.0387723,0.0387708,0.0387794,0.038989,0.0387926,0.0387708,0.105364,0.0387708,0.0388254,0.0387708,0.0387709,0.0388327,0.0408557,0.0387708,0.0387876,0.0387708,0.0387708,0.0388064,0.0391711,0.0387712,0.038773
0.0380944,0.0380944,0.0380961,0.0380945,0.0382156,0.0380947,0.0382628,0.0381487,0.0392021,0.0380951,0.039679,0.0382448,0.0380965,0.0380944,0.103484,0.0380945,0.0552262,0.0380962,0.038095,0.0380944,0.0380947,0.0380949,0.0381122,0.0380945
0.0383803,0.0383666,0.0385445,0.0383658,0.0424825,0.0383653,0.0383683,0.0383653,0.0384629,0.0383653,0.10407,0.0383653,0.0425932,0.0383684,0.0383663,0.038366,0.0383727,0.0383653,0.0420509,0.0383653,0.0383653,0.0383653,0.0395532,0.0383661
0.0461292,0.0364715,0.0364777,0.0365315,0.0364715,0.0364715,0.0364725,0.0364715,0.0368151,0.0365403,0.0364716,0.0364716,0.036476,0.0364715,0.0364858,0.0365614,0.0365267,0.0365148,0.0364745,0.0364715,0.0978743,0.0367546,0.0891216,0.0364715
0.0387537,0.0387578,0.0387536,0.0387537,0.0389153,0.0387536,0.0387554,0.0387548,0.0393458,0.0387545,0.040737,0.0387541,0.0391241,0.0387536,0.0391419,0.0387551,0.104744,0.0387546,0.0387609,0.0387536,0.0391514,0.0387537,0.038763,0.0387545
0.0386533,0.0386534,0.0386535,0.0386532,0.0394831,0.0386534,0.0386607,0.0386532,0.0400796,0.0386532,0.0386792,0.0386554,0.104904,0.0386532,0.0386535,0.0386567,0.0421976,0.0386532,0.0387679,0.0386533,0.0387599,0.0386537,0.0386627,0.0386533
0.0388073,0.0388066,0.105456,0.0388101,0.0389393,0.0388528,0.0388242,0.0388065,0.0401991,0.0388065,0.0388101,0.0388067,0.0388188,0.0388066,0.0388077,0.0388065,0.0388067,0.0388065,0.0390948,0.0388067,0.0388754,0.0388065,0.0388322,0.0388065
0.0375828,0.0377011,0.0375868,0.0375836,0.037583,0.101829,0.0375878,0.0711149,0.0375829,0.0375922,0.0375831,0.0375847,0.037583,0.0376138,0.0375833,0.0375855,0.0375829,0.0375828,0.0376234,0.0375829,0.0375828,0.0376019,0.0375828,0.037583
0.0389343,0.0389342,0.0390359,0.0389342,0.0390838,0.0389347,0.0390171,0.0389346,0.0393946,0.0389366,0.040375,0.0389672,0.0389355,0.0389343,0.102212,0.0389354,0.0389572,0.0389353,0.0389343,0.0389342,0.0389347,0.0389344,0.0389354,0.0389349
0.0378278,0.037827,0.0378269,0.037827,0.0378269,0.0378372,0.0378463,0.0378278,0.037827,0.10183,0.0378269,0.0379928,0.0378269,0.0378269,0.0379098,0.0387983,0.0378272,0.0378347,0.037827,0.0378269,0.0581549,0.044387,0.0378295,0.0378275
0.0386809,0.0397446,0.0386861,0.0387075,0.0386829,0.0386978,0.0386808,0.0386821,0.0386808,0.0386826,0.0386829,0.0409762,0.0386808,0.0387867,0.0386808,0.0388678,0.0386808,0.0387015,0.0386808,0.0401977,0.0386809,0.0386886,0.0386808,0.105088
0.0383435,0.0576946,0.0384679,0.039572,0.0383905,0.0383579,0.0383436,0.0383471,0.0383436,0.038344,0.0383437,0.0383529,0.0383434,0.0399954,0.0383434,0.0383548,0.0383434,0.0383477,0.0383473,0.0949709,0.0383435,0.0383437,0.0383435,0.0390217
0.0387539,0.0387552,0.0387536,0.0389318,0.0387536,0.0387918,0.0387551,0.0402148,0.0387536,0.105023,0.038754,0.0396156,0.0387536,0.0387536,0.0388614,0.0388117,0.0387537,0.0387732,0.0387538,0.0387536,0.0387541,0.0396641,0.0387536,0.0387578
0.038851,0.0388511,0.0389052,0.038851,0.0388625,0.0389488,0.0388524,0.0388746,0.0388898,0.0388818,0.0388536,0.0389851,0.038851,0.038851,0.105526,0.0388511,0.0388834,0.0388518,0.0388515,0.038851,0.0392955,0.0388784,0.0388511,0.0388511
0.0385732,0.0385737,0.0385733,0.0385734,0.0385782,0.0385764,0.0386222,0.0386207,0.0393296,0.0385741,0.0385836,0.0385739,0.0385735,0.0385732,0.0455203,0.0385881,0.1047,0.0386206,0.0385828,0.0385732,0.0387731,0.0385743,0.0385954,0.0385732
0.0387332,0.0388013,0.0387352,0.0387353,0.0387343,0.0391858,0.0387461,0.105252,0.0387332,0.0388302,0.0390085,0.0387333,0.0387332,0.0387454,0.0387354,0.0387333,0.0388268,0.0387462,0.0415795,0.0387332,0.0387332,0.0387391,0.0387332,0.0387332
0.0387605,0.0387603,0.0387634,0.0387603,0.0388416,0.0387603,0.0390487,0.0387605,0.0387642,0.0387603,0.0387622,0.0387602,0.0459125,0.0387602,0.0387606,0.0387611,0.0398157,0.0387603,0.0997994,0.0387603,0.0388045,0.0387624,0.0388401,0.0387602
0.0387393,0.03874,0.0387395,0.0387394,0.0387398,0.0387566,0.0387418,0.0387401,0.0391609,0.0387401,0.0387393,0.0387481,0.0387393,0.0387436,0.0387393,0.105195,0.0387398,0.0403863,0.0387404,0.0403094,0.0387524,0.0388425,0.0387401,0.0387471
0.0388426,0.0388147,0.0388147,0.0388148,0.0388147,0.0388204,0.0388318,0.0388157,0.0388187,0.0396345,0.0388147,0.0388512,0.0388152,0.038815,0.0389508,0.0388174,0.0388147,0.0388596,0.0388147,0.0388159,0.0396663,0.10512,0.0390027,0.038819
0.0388424,0.03878,0.03878,0.0388352,0.0387801,0.0387801,0.0387802,0.0387851,0.0387803,0.038848,0.0387801,0.0387804,0.0387802,0.03878,0.0390087,0.0388142,0.0388053,0.0404418,0.0387851,0.0387801,0.0387825,0.104199,0.0404871,0.0387842
0.038569,0.0385731,0.0385742,0.0385756,0.104685,0.0385695,0.0385694,0.0385704,0.0461399,0.038569,0.0387416,0.0385697,0.0385935,0.0385783,0.0385839,0.0385693,0.0389766,0.0385701,0.0385742,0.0385695,0.0385691,0.0385691,0.0385708,0.0385694
0.038599,0.0385989,0.0386012,0.0385989,0.0425399,0.0386059,0.0386277,0.0385989,0.0409912,0.0385989,0.0387451,0.0386012,0.104295,0.0385989,0.038599,0.0386054,0.0386295,0.0385989,0.0399185,0.0386013,0.0386057,0.038604,0.0386384,0.0385989
0.0384776,0.0389386,0.0384824,0.0384847,0.038478,0.0384949,0.038491,0.0384774,0.0384772,0.0390058,0.0384855,0.0389892,0.0384772,0.0473024,0.0384773,0.0387846,0.0384772,0.0384792,0.0384772,0.0384831,0.0384773,0.0384792,0.0384773,0.104326
0.0370738,0.0370646,0.0372726,0.0370647,0.0370657,0.0370683,0.0370816,0.0370646,0.0993637,0.0370646,0.0370646,0.0370689,0.0371182,0.0370726,0.0370654,0.06574,0.0370646,0.0370653,0.0370646,0.0370754,0.0371116,0.0370703,0.0561697,0.0370646
0.0390042,0.0387533,0.0387535,0.0387926,0.0387532,0.0387578,0.0387533,0.0387545,0.0387533,0.0416098,0.0387533,0.0387754,0.0387631,0.0387533,0.0387738,0.0387671,0.0387533,0.0387543,0.0387621,0.0387533,0.0388177,0.105259,0.0387593,0.03887
0.0375792,0.0504403,0.0375861,0.10202,0.0375778,0.0375778,0.0375778,0.0382999,0.0375778,0.0520529,0.037795,0.0375779,0.0375778,0.0377003,0.0375778,0.0375779,0.037793,0.0426017,0.0376001,0.0375778,0.0375782,0.037578,0.0375909,0.0375838
0.0389113,0.0387546,0.0396236,0.0412402,0.0387388,0.0387392,0.0387427,0.0387581,0.0387388,0.105293,0.0387408,0.0387392,0.0387388,0.0387575,0.0388054,0.038739,0.0387388,0.0387573,0.0387419,0.0387388,0.0387396,0.0387407,0.0387428,0.0387389
0.0379408,0.0379399,0.0379406,0.0379399,0.0412834,0.03794,0.0393233,0.0379399,0.102378,0.0379399,0.0379399,0.03794,0.0394869,0.0379399,0.0382519,0.0380782,0.0383391,0.03794,0.0379406,0.0379399,0.0379437,0.0379569,0.0557971,0.0379399
0.038751,0.0387453,0.10529,0.0388124,0.0387958,0.0387466,0.038805,0.038745,0.0388362,0.038745,0.0413767,0.0387458,0.0388808,0.0387492,0.0387452,0.038745,0.038745,0.038745,0.0392187,0.038745,0.0387451,0.038745,0.0387959,0.038745
0.0386912,0.10002,0.0387332,0.0387489,0.0387052,0.0475235,0.0386912,0.0387406,0.0386931,0.0387632,0.0386919,0.0395254,0.0386912,0.0387765,0.0387005,0.0386984,0.0386912,0.0386913,0.0386913,0.0386932,0.0386914,0.038693,0.0386912,0.0387633
0.0387019,0.0387123,0.0386788,0.0439082,0.0386786,0.0386787,0.0386787,0.0386962,0.0386786,0.104628,0.0386787,0.0386786,0.0386786,0.0386787,0.0386789,0.0387385,0.0386791,0.0387772,0.0387067,0.0386786,0.0386908,0.0389187,0.0386977,0.0386793
0.0385959,0.0386175,0.0386717,0.0385959,0.104761,0.0386067,0.0386519,0.0386013,0.038602,0.0385959,0.0391546,0.0385975,0.0388239,0.0385977,0.0385965,0.0385959,0.0386044,0.0385959,0.0451092,0.0386386,0.0385965,0.0385973,0.038596,0.0385962
0.0385872,0.0385663,0.0385665,0.0385683,0.0385663,0.0385663,0.0385666,0.0385665,0.0385662,0.0387274,0.0385847,0.0386268,0.0385662,0.045523,0.0385663,0.0387618,0.0385663,0.0386572,0.0385663,0.0388292,0.0385663,0.0390334,0.0388762,0.104429
0.0382816,0.0382842,0.103914,0.0382984,0.052946,0.0382957,0.0382824,0.0382801,0.0385431,0.0382801,0.0387035,0.0382805,0.0382883,0.038337,0.0382826,0.0382801,0.0382801,0.0382801,0.0384497,0.0382808,0.0382806,0.0382801,0.0382908,0.0382801
0.0386988,0.0387316,0.0387447,0.0387319,0.0388302,0.0386955,0.038696,0.0386971,0.0386988,0.0386962,0.104957,0.038696,0.0387091,0.0386964,0.0386958,0.0386955,0.0387509,0.0387027,0.0427289,0.0386958,0.0386955,0.0386955,0.039363,0.0386966
0.0390131,0.0387654,0.0387655,0.0387669,0.0387654,0.0387662,0.0387654,0.038766,0.0387654,0.0389727,0.0387654,0.0389937,0.0387768,0.0387654,0.0387667,0.038816,0.0387655,0.0391113,0.0387874,0.0387761,0.0393082,0.105364,0.0388283,0.0400627
0.038045,0.0398023,0.0380496,0.0380873,0.039456,0.0382163,0.0380963,0.0380593,0.0380452,0.0380451,0.0382737,0.0380622,0.038045,0.0851825,0.038045,0.038056,0.038045,0.0380452,0.0380462,0.0708719,0.038045,0.0380451,0.0380451,0.0412898
0.037649,0.0615727,0.0376514,0.037653,0.0417705,0.0398514,0.0376569,0.0379139,0.037666,0.037649,0.0376496,0.0376495,0.0376524,0.0381122,0.037649,0.0376724,0.037649,0.0376493,0.0390894,0.101595,0.0376495,0.0376491,0.037649,0.0376508
0.0374174,0.0820603,0.0504206,0.0374177,0.0787374,0.0388241,0.0374174,0.0374178,0.037431,0.0374174,0.0375534,0.0374348,0.0374514,0.0374185,0.0374174,0.0374175,0.0374208,0.0374174,0.0387027,0.0374961,0.0374554,0.0374174,0.0374174,0.0374188
0.0385704,0.039425,0.0385853,0.0433485,0.0385759,0.0385956,0.0385925,0.0385726,0.0385705,0.0385721,0.0385752,0.0385704,0.0385704,0.103375,0.0385704,0.0399521,0.0385704,0.0385711,0.0385724,0.0393011,0.0385704,0.0385704,0.0385719,0.0402497
0.0369589,0.0370045,0.0369977,0.0369595,0.0369749,0.0369804,0.0369594,0.0369589,0.0373125,0.0369591,0.0369591,0.0369638,0.0369589,0.0386172,0.0369589,0.0996786,0.0369589,0.0370539,0.0369594,0.0847254,0.0369726,0.0369716,0.0369596,0.0371965
0.0389057,0.0388255,0.0388256,0.0388463,0.0388254,0.0388259,0.0388334,0.0388962,0.0388254,0.105423,0.0388319,0.0388857,0.0388254,0.0388461,0.0391929,0.0388261,0.0388254,0.039175,0.0388254,0.0388254,0.0388263,0.0393851,0.0388364,0.0388608
0.0359512,0.0619393,0.0368919,0.0836617,0.0359502,0.0359539,0.0359501,0.0359536,0.0359501,0.0372828,0.035953,0.0359539,0.0359501,0.0967277,0.0359501,0.0359524,0.0359501,0.0359813,0.0359505,0.0359986,0.0359501,0.0359501,0.0359502,0.0362972
0.0358412,0.0394482,0.0358421,0.0358494,0.0359868,0.0358499,0.0358438,0.0971015,0.0358412,0.0358416,0.0594374,0.0358415,0.0358413,0.0358417,0.0358439,0.0358414,0.0467132,0.0358467,0.0761367,0.0358414,0.0358412,0.0358413,0.0358412,0.0358456
0.0385685,0.0386081,0.0385652,0.038752,0.0385646,0.0385649,0.0385644,0.0386115,0.0385644,0.0420051,0.0386134,0.0385719,0.0385644,0.0385676,0.0385665,0.038586,0.0385668,0.0948633,0.0385644,0.0386136,0.0385822,0.039048,0.0385697,0.0523537
0.0387975,0.0387675,0.0387881,0.0399756,0.0387665,0.0387666,0.0387757,0.0392162,0.0387667,0.105319,0.0387692,0.0387668,0.0387665,0.0388236,0.0388556,0.0387665,0.0387666,0.0399315,0.0387668,0.0387665,0.0387667,0.03877,0.0387775,0.0387665
0.0367642,0.0368935,0.0371948,0.0960364,0.0367592,0.0367598,0.0367592,0.036763,0.0367594,0.038199,0.0367617,0.0367642,0.0367592,0.0916058,0.0367592,0.0367836,0.0367592,0.0382681,0.0367635,0.0368318,0.0367596,0.0367593,0.0367743,0.0367622
0.0377531,0.0381719,0.0383128,0.102373,0.037749,0.0377495,0.0377491,0.0377531,0.0377492,0.0381389,0.0377494,0.0377491,0.037749,0.0649569,0.037749,0.0378055,0.0377491,0.0383792,0.0377796,0.0378081,0.0377493,0.0377491,0.0377731,0.0377537
0.0381605,0.0381815,0.0381988,0.0383209,0.0382126,0.0381599,0.0381603,0.0381586,0.0381591,0.0381589,0.038188,0.0381642,0.0381586,0.100961,0.0381585,0.0381715,0.0381585,0.0381616,0.0381586,0.0401073,0.0381589,0.0381595,0.0381777,0.0572444
0.0375324,0.0375316,0.0375317,0.0375427,0.0387131,0.0375316,0.0375351,0.0375337,0.0386021,0.0375316,0.0486935,0.0375316,0.0790956,0.0375317,0.0375322,0.0375316,0.0376435,0.0375316,0.0814736,0.0375316,0.0376047,0.0375343,0.0376474,0.0375315
0.0389062,0.0389062,0.0389065,0.0389062,0.0389065,0.0389329,0.104737,0.0389083,0.0389062,0.0389357,0.0389063,0.0390979,0.0389094,0.0389073,0.0389063,0.0389266,0.0389062,0.0389062,0.0389089,0.0389294,0.0389068,0.038933,0.0389963,0.0389079
0.0395265,0.0395615,0.0395275,0.0395266,0.0395336,0.0856474,0.0421819,0.0395286,0.0395294,0.039537,0.0395266,0.04021,0.0395267,0.039527,0.0395289,0.0412754,0.0395265,0.0395266,0.0395265,0.0395287,0.0395544,0.0395364,0.0395265,0.0395796
0.0385181,0.0385036,0.0385019,0.0385221,0.0385022,0.0385011,0.102309,0.038501,0.0385015,0.038502,0.0385058,0.0385014,0.0480865,0.0385015,0.038501,0.038511,0.0385065,0.0385011,0.0385034,0.0385011,0.040285,0.0385011,0.0386814,0.0390503
0.0377983,0.0378033,0.0378014,0.0377994,0.0377983,0.0379338,0.0377995,0.0378412,0.0378112,0.0713615,0.0377985,0.0952797,0.0377983,0.0382116,0.0384411,0.0378452,0.0377983,0.0378309,0.0377983,0.0377988,0.0378018,0.0382507,0.0377983,0.0378004
0.0391735,0.0394971,0.0391772,0.0391745,0.0392339,0.0474078,0.039207,0.039597,0.0391738,0.0391748,0.0391751,0.0397393,0.0391736,0.0532957,0.0391735,0.0391772,0.0391735,0.0391736,0.0391782,0.0725952,0.0391735,0.0391864,0.0391735,0.041795
0.0386966,0.0386986,0.0386999,0.0386966,0.0396634,0.0391136,0.103726,0.0389848,0.0386967,0.0386966,0.0386967,0.0388575,0.0387053,0.0386966,0.0386966,0.038697,0.0386969,0.0386966,0.0387151,0.0430472,0.0386967,0.0386973,0.0386966,0.0387305
0.0383472,0.0390955,0.0383588,0.0383642,0.038442,0.0389553,0.0383473,0.0383502,0.0388958,0.0383472,0.0383473,0.0388975,0.0383472,0.040767,0.0383472,0.0481842,0.0383472,0.0383622,0.0383474,0.103019,0.0383473,0.0383489,0.0383472,0.0384869
0.0391151,0.0387994,0.0388019,0.0388826,0.0387996,0.0387994,0.0387995,0.0387995,0.0406534,0.0388147,0.039212,0.0387995,0.0388006,0.0387995,0.0389513,0.0388005,0.0396479,0.0396602,0.038813,0.0387994,0.0391502,0.038808,0.102693,0.0387994
0.0388964,0.0389042,0.0388967,0.0388965,0.0389226,0.0388972,0.0391419,0.0389118,0.0389142,0.0389051,0.0389094,0.038899,0.0388985,0.0388964,0.0394283,0.0388967,0.104141,0.0389029,0.0388965,0.0388964,0.0392576,0.0388965,0.0388966,0.0388977
0.0388135,0.105483,0.0388146,0.0394703,0.0388616,0.0394591,0.0388135,0.038967,0.0388171,0.0388474,0.0388147,0.0388199,0.0388135,0.038899,0.0388135,0.038843,0.0388136,0.0388137,0.0388139,0.038913,0.038814,0.0388135,0.0388135,0.0388538
0.038356,0.0383586,0.038356,0.0383565,0.0383563,0.0383589,0.0383653,0.0383602,0.03836,0.0383761,0.038356,0.0383568,0.038356,0.0383605,0.038356,0.102467,0.0383655,0.0401125,0.0383628,0.0517152,0.0384021,0.0384433,0.0383779,0.0383646
0.0387708,0.0387702,0.0387705,0.0387701,0.0387701,0.0388008,0.0387701,0.0387792,0.0387701,0.0388523,0.0387701,0.0401809,0.0387719,0.0387702,0.0387705,0.0387948,0.0387701,0.0387749,0.0390853,0.039519,0.0388246,0.105296,0.0387701,0.0390779
0.038562,0.0385657,0.0386402,0.0385691,0.0385619,0.0386016,0.0386423,0.0445601,0.0385621,0.104724,0.038588,0.0385641,0.0385619,0.0391276,0.0400891,0.0385625,0.038562,0.0385821,0.0385619,0.0385619,0.038562,0.0385643,0.0385619,0.0385622
0.0387908,0.0387895,0.0387898,0.0387895,0.0387896,0.0388736,0.0389831,0.0388125,0.0387895,0.0406405,0.0387895,0.0388575,0.0387897,0.0387901,0.0387912,0.0387964,0.0387895,0.0387943,0.0387902,0.0387957,0.0389005,0.104691,0.0387899,0.0395866
0.0392106,0.0390373,0.0390387,0.0390377,0.0390374,0.0390373,0.0390495,0.0390374,0.0399376,0.0391674,0.0390973,0.0390382,0.0390395,0.0390373,0.0443384,0.0390374,0.0390941,0.0390671,0.0390374,0.0390373,0.039266,0.039345,0.0949367,0.0390373
0.0383024,0.0383019,0.0383019,0.0383023,0.0383021,0.038302,0.0405175,0.0383223,0.0383039,0.0384608,0.0383024,0.0383019,0.0383104,0.0383019,0.0507252,0.0383058,0.102893,0.0383158,0.0385595,0.0383019,0.0384867,0.0384799,0.0389963,0.0383019
0.0395228,0.0395237,0.0395254,0.0395231,0.0395356,0.0395234,0.0395251,0.0395227,0.0395949,0.0395227,0.0462052,0.0395611,0.0814346,0.0395227,0.0395227,0.0395267,0.0403468,0.0395227,0.0410822,0.0395289,0.0396274,0.039523,0.0397541,0.0395227
0.0387918,0.0387922,0.0387918,0.0387918,0.0388019,0.0390424,0.0387937,0.0388846,0.0462816,0.0387918,0.0388775,0.0983034,0.0388146,0.0387918,0.040037,0.0387963,0.0390523,0.0387919,0.0387919,0.0387924,0.0387918,0.0388118,0.0387918,0.0387921
0.0385588,0.0385915,0.0385624,0.0385588,0.0385666,0.0386278,0.0385588,0.0385588,0.0386058,0.0385684,0.0385609,0.104791,0.0385588,0.0415574,0.0385595,0.0385598,0.0385588,0.038559,0.0385588,0.0399211,0.0385614,0.0385678,0.0385588,0.0423697
0.0421269,0.0386233,0.0394133,0.0386232,0.0386253,0.0386236,0.0386242,0.0386232,0.0386419,0.0386363,0.0386234,0.0386234,0.0386835,0.0386232,0.0386592,0.0386557,0.0386237,0.0386233,0.0386279,0.0386232,0.104896,0.0400755,0.0394772,0.0386234
0.0369207,0.0859129,0.0369238,0.100282,0.0369208,0.0369203,0.0369202,0.0370181,0.0369203,0.0371025,0.0369228,0.0369204,0.0369202,0.0376604,0.0369202,0.0369242,0.0369215,0.0374102,0.0369283,0.0369412,0.0369208,0.0369202,0.0369232,0.0369247
0.0383373,0.0383366,0.0383351,0.0383786,0.0383351,0.038335,0.0383369,0.0386322,0.038335,0.0512754,0.0383381,0.0387507,0.038335,0.0383354,0.0383403,0.0384214,0.0383507,0.103961,0.0383351,0.0384742,0.0383408,0.0385714,0.0383921,0.0384168
0.0357844,0.0447568,0.0359199,0.0358866,0.035848,0.0358161,0.0357852,0.0357844,0.0357846,0.0357863,0.0357845,0.0358003,0.0357843,0.0892235,0.0357843,0.0402334,0.0357843,0.035808,0.0357848,0.0696817,0.0357853,0.0357844,0.0357844,0.0758243
0.038721,0.0387247,0.0387225,0.038721,0.0425999,0.0387262,0.03873,0.0387218,0.0387753,0.038721,0.0387649,0.0387251,0.0392299,0.038721,0.0387771,0.038721,0.104802,0.038721,0.0387521,0.038721,0.0387351,0.038721,0.038724,0.038721
0.0387357,0.0398006,0.0388187,0.0387357,0.03875,0.105286,0.0391367,0.0388173,0.0387584,0.0387363,0.0387357,0.0388693,0.0387357,0.0387366,0.0387387,0.0407006,0.0387357,0.0387357,0.0387358,0.0387565,0.0387362,0.0387363,0.0387357,0.0387361
0.0380611,0.0395206,0.103285,0.0380643,0.0554673,0.0387954,0.0380622,0.0380611,0.038062,0.0380612,0.0380829,0.0380613,0.0380611,0.0397163,0.0380612,0.0380613,0.0380611,0.0380611,0.0380809,0.0380651,0.0380634,0.0380611,0.0380611,0.0380618
0.0372933,0.0372933,0.0372939,0.0372933,0.037715,0.0372935,0.0373755,0.0372932,0.100492,0.0372932,0.0372933,0.0372942,0.0378783,0.0372935,0.0372933,0.0766243,0.0372942,0.0372933,0.0376038,0.037584,0.0373012,0.0372991,0.0380184,0.0372932
0.0390126,0.039011,0.0390166,0.0390297,0.0390216,0.0390109,0.0390111,0.0390109,0.0990548,0.0390109,0.039011,0.0390109,0.0390383,0.039011,0.0390119,0.0391113,0.0390552,0.0390262,0.0390534,0.0390158,0.0390494,0.0390126,0.0423918,0.0390109
0.0369693,0.036968,0.0369706,0.0371879,0.036967,0.0369674,0.0369671,0.0369689,0.0369668,0.0370318,0.037095,0.0369937,0.0369667,0.0959812,0.0369668,0.037013,0.0369667,0.0371422,0.0369667,0.037398,0.0369667,0.0369769,0.0370612,0.0895402
0.0387853,0.0393375,0.0389308,0.0387853,0.105416,0.0390676,0.0387865,0.0387897,0.0389825,0.0387853,0.039405,0.0387879,0.0388139,0.0390458,0.0387864,0.0387853,0.0387856,0.0387853,0.0390889,0.0389057,0.0387873,0.0387853,0.0387853,0.0387862
0.0393366,0.0396433,0.0397315,0.0394209,0.0393396,0.0393561,0.0393367,0.0393469,0.0393367,0.0393382,0.0393366,0.0393453,0.0393366,0.041105,0.0393366,0.0395677,0.0393366,0.039357,0.0394346,0.0913525,0.0393377,0.0393458,0.0393366,0.0402851
0.0467481,0.0383519,0.0383643,0.0383522,0.0383583,0.0383518,0.0383555,0.0383517,0.0383555,0.0383587,0.038352,0.0383518,0.040085,0.0383517,0.0383779,0.0383541,0.0383522,0.0383517,0.0384065,0.0383517,0.103518,0.0386935,0.0421537,0.0383518
0.0386048,0.0386041,0.0386072,0.0386041,0.0386084,0.0386073,0.0386075,0.0386063,0.0392908,0.0386061,0.0386051,0.104384,0.0386041,0.038651,0.0397681,0.0386146,0.0386041,0.0394352,0.0386041,0.0390135,0.0386634,0.0430223,0.0386109,0.038673
0.0370411,0.0370696,0.0370414,0.0370416,0.0370411,0.100602,0.0370897,0.0375489,0.0370798,0.0370418,0.0370411,0.0370647,0.0370411,0.0370412,0.0370416,0.0836885,0.0370412,0.0370416,0.0370411,0.0371655,0.0370415,0.0370719,0.0370411,0.0370411
0.0387308,0.0387322,0.0424479,0.0387309,0.0387314,0.105157,0.0387506,0.0387755,0.0388951,0.0387353,0.0387308,0.0387475,0.0387309,0.0387318,0.0387466,0.0387725,0.038731,0.0387309,0.0387308,0.0387315,0.0387308,0.0387367,0.0387308,0.0387309
0.0398355,0.0381245,0.03812,0.0502196,0.0381196,0.0381196,0.0381196,0.0381251,0.0381196,0.103183,0.0381638,0.0381266,0.0381196,0.0381212,0.038134,0.0381219,0.0381232,0.0425776,0.0381197,0.0381196,0.0381464,0.0382759,0.0387149,0.0390495
0.039122,0.0391186,0.0391198,0.0391239,0.0391242,0.0391177,0.0391249,0.0391178,0.0391201,0.0391177,0.0391181,0.0391186,0.0392893,0.0391177,0.0391177,0.0392422,0.0391184,0.0466026,0.0391198,0.0920279,0.039254,0.0391283,0.0392744,0.0392645
0.0391994,0.0387908,0.104495,0.0388099,0.0391547,0.0387966,0.0387917,0.0387907,0.0388694,0.0387907,0.0388047,0.0387907,0.0390361,0.0399723,0.0387907,0.0388977,0.0387907,0.0387907,0.0391677,0.0387912,0.0392341,0.0387926,0.0388603,0.0387911
0.0394387,0.0386313,0.0386315,0.0386417,0.0386313,0.0386315,0.0386445,0.0386313,0.0386317,0.039102,0.0386315,0.0386867,0.0386314,0.0386318,0.0386319,0.0396945,0.0386328,0.0398441,0.0386313,0.0386409,0.0395,0.0872387,0.058123,0.0388658
0.0388455,0.0388423,0.0388423,0.0388456,0.0388423,0.0388609,0.0388423,0.0390609,0.0388423,0.0389215,0.0388423,0.0388492,0.0388513,0.0388423,0.0388439,0.0388486,0.0388434,0.0391183,0.038922,0.0388473,0.0391455,0.105572,0.0388429,0.0388846
0.0388069,0.0388063,0.0388104,0.0388063,0.0395511,0.0389469,0.105302,0.0388064,0.0388064,0.0388065,0.0388064,0.0388066,0.039849,0.0388064,0.0388377,0.0389602,0.0388063,0.0388063,0.0388123,0.038807,0.0388071,0.0388238,0.0388092,0.0388123
0.0387382,0.0387379,0.0391962,0.0387381,0.0387551,0.0387411,0.0387393,0.0387379,0.105296,0.0387379,0.0387384,0.0387521,0.0388106,0.0387379,0.0387525,0.03879,0.0387427,0.038738,0.038738,0.0387379,0.0418224,0.038738,0.0387459,0.0387379
0.0381568,0.038145,0.0381496,0.0381456,0.0381673,0.0381452,0.0383844,0.038145,0.0381507,0.038145,0.0381485,0.038145,0.103264,0.038145,0.0381455,0.038151,0.0388972,0.038145,0.0562339,0.038145,0.0382244,0.0381526,0.0383228,0.0381452
0.0383152,0.0384078,0.0383165,0.038317,0.0383163,0.0383337,0.0383151,0.0383177,0.0383152,0.0383213,0.0383163,0.0420467,0.0383151,0.0389954,0.0383153,0.0383644,0.0383151,0.038328,0.0383151,0.0484304,0.038316,0.0387255,0.0383151,0.103626
0.038672,0.038961,0.0387514,0.0397427,0.0387126,0.0386753,0.0386725,0.0387122,0.0386723,0.0386725,0.0392834,0.0386736,0.038672,0.104414,0.038672,0.0386805,0.038672,0.038674,0.0386772,0.0390321,0.038672,0.038672,0.0386727,0.0422882
0.0388479,0.0388454,0.0402333,0.038851,0.0390517,0.038839,0.038839,0.038839,0.0388391,0.0388391,0.0389224,0.038839,0.0390891,0.038839,0.0388404,0.038839,0.0388644,0.0388391,0.104421,0.0388393,0.0390066,0.0388459,0.0389514,0.038839
0.0366343,0.0366157,0.0374233,0.0366144,0.0370078,0.0366144,0.0366381,0.036614,0.0366315,0.036614,0.0366338,0.0366142,0.0987897,0.036614,0.0366143,0.036614,0.036626,0.036614,0.093933,0.036614,0.0370713,0.0366141,0.0366263,0.036614
0.038775,0.0387746,0.0387756,0.0390703,0.0387746,0.0387746,0.0387913,0.0389734,0.0387747,0.0387851,0.0387894,0.0387746,0.0387856,0.0387746,0.0389429,0.038775,0.105246,0.0390918,0.0396228,0.0387746,0.0387752,0.0388094,0.0397943,0.0387746
0.0385647,0.0385693,0.0385648,0.0385648,0.039421,0.0385831,0.0387708,0.0464964,0.0385654,0.0385647,0.0412335,0.0385692,0.0386123,0.0385647,0.0386137,0.0385649,0.100033,0.038565,0.0397543,0.0385647,0.0385647,0.038565,0.0385647,0.0385656
0.0387431,0.0399546,0.0387431,0.0387435,0.0387914,0.0387747,0.0387504,0.0387908,0.0387435,0.0387432,0.0387431,0.0389727,0.0387432,0.0387547,0.0387431,0.038772,0.0387431,0.0387874,0.0387439,0.105302,0.0387435,0.0387451,0.0387431,0.0406849
0.0386073,0.0385459,0.0385459,0.038546,0.0385459,0.0385469,0.038551,0.0385462,0.0385477,0.0386223,0.0385459,0.0385933,0.0385516,0.0385459,0.0385537,0.0387805,0.0385468,0.0396839,0.0385474,0.0385573,0.0389173,0.104657,0.0453673,0.0385471
0.0385858,0.0385806,0.0385807,0.0386005,0.0385805,0.0385815,0.0386104,0.0387852,0.0385805,0.10477,0.0385806,0.0385866,0.0385805,0.0385811,0.038626,0.0387134,0.0385833,0.0436024,0.0385805,0.0385805,0.0385854,0.0405431,0.0385937,0.0390075
0.0389605,0.0386086,0.0386494,0.0386121,0.0386087,0.0386092,0.0386116,0.0386085,0.0390404,0.0386297,0.0386086,0.038613,0.0386089,0.0386085,0.0386396,0.0387366,0.0386271,0.0387141,0.0386088,0.038609,0.104679,0.0387643,0.0446352,0.0386085
0.0386783,0.0386786,0.0386784,0.0386784,0.0386794,0.038703,0.0386798,0.0390382,0.0387744,0.0386786,0.0434454,0.104452,0.0386822,0.0386784,0.039257,0.0386786,0.0387794,0.038679,0.0386796,0.0386788,0.0386789,0.0386859,0.0386786,0.0386794
0.0409644,0.0387684,0.038769,0.0390301,0.0387705,0.0387683,0.0387686,0.0387683,0.0387851,0.0387688,0.0398842,0.0387711,0.0389317,0.0387722,0.0387684,0.0387997,0.038787,0.0388154,0.0388679,0.0388028,0.0387909,0.0387941,0.104283,0.0387701
0.0964978,0.0362339,0.0362354,0.0433641,0.0362344,0.0362339,0.0362364,0.0362339,0.03634,0.0362352,0.0362417,0.0362339,0.0363883,0.0362349,0.0362345,0.0363137,0.0362384,0.0363861,0.0362353,0.036234,0.0364648,0.0362745,0.0984405,0.0362344
0.0389153,0.0389155,0.0389155,0.0389152,0.0390419,0.038916,0.0389216,0.0389152,0.0389179,0.0389152,0.0389752,0.0389399,0.100808,0.0389151,0.038916,0.0389152,0.0397281,0.0389152,0.0414585,0.0389172,0.0393887,0.0389531,0.0389654,0.0389154
0.0387447,0.0388043,0.0387451,0.0387477,0.038746,0.0388527,0.0387468,0.105257,0.0387461,0.0387627,0.0395261,0.0387451,0.0387447,0.0387483,0.0387472,0.0387475,0.0394349,0.0388451,0.0405825,0.0387449,0.0387447,0.0387472,0.0387447,0.0387447
0.0386284,0.0385364,0.0384844,0.0446035,0.038484,0.038484,0.038484,0.0384844,0.0384863,0.0388607,0.0385858,0.0384927,0.038484,0.0384851,0.038484,0.0388955,0.0386164,0.104027,0.0385019,0.0388649,0.0385116,0.038495,0.0412994,0.038721
0.0385386,0.0386002,0.0468403,0.0385386,0.0963958,0.0469658,0.0385791,0.0385394,0.0386132,0.0385386,0.0385404,0.0385402,0.0385406,0.0385391,0.0385405,0.0385558,0.0385388,0.0385386,0.0387134,0.0386423,0.0385448,0.0385386,0.0385386,0.0385391
0.0388834,0.0388943,0.0388874,0.0388862,0.0388842,0.10476,0.038908,0.0390124,0.0388918,0.0388837,0.0388834,0.0388924,0.0388839,0.0388932,0.0388838,0.0396016,0.0388838,0.0388834,0.0388838,0.0388838,0.0388834,0.0388848,0.0388834,0.0388841
0.0385966,0.0385972,0.0385985,0.0385966,0.0385989,0.104521,0.0423749,0.0389552,0.0385982,0.0386009,0.0385967,0.041908,0.0385967,0.0385991,0.0386139,0.0386611,0.0385967,0.0385966,0.0385966,0.0385977,0.0385967,0.0388063,0.0385966,0.0385995
0.0387109,0.0389775,0.0387111,0.0387178,0.038711,0.10457,0.0387111,0.0433525,0.0387113,0.0387113,0.0387109,0.0387207,0.0387117,0.038711,0.0387111,0.0388,0.0387111,0.0387109,0.0387173,0.0387112,0.0387109,0.0387668,0.0387109,0.038711
0.0395617,0.039579,0.0395591,0.0396636,0.0395592,0.0395607,0.0395591,0.0395796,0.0395591,0.0398753,0.0395596,0.0395634,0.0395591,0.0395601,0.0395592,0.0409652,0.0395624,0.0855342,0.0395602,0.0408513,0.0395812,0.040155,0.0396003,0.0403322
0.0388644,0.0388643,0.0388659,0.0388644,0.0388645,0.0389018,0.0389822,0.0388642,0.0392011,0.0388663,0.0388642,0.0388723,0.0388643,0.0388847,0.0388646,0.105489,0.0388642,0.0388737,0.0388645,0.0388977,0.0388662,0.038914,0.0388759,0.0388653
0.0384635,0.0438763,0.0582517,0.0384636,0.0693631,0.0386303,0.0386622,0.038472,0.0384654,0.0384635,0.0387504,0.0384809,0.0385352,0.0384641,0.0384635,0.0384636,0.0384644,0.0384635,0.0579021,0.0390438,0.0384659,0.0384636,0.0384636,0.0384637
0.0370872,0.0370868,0.0370867,0.0370866,0.0371139,0.0370867,0.0371094,0.0370866,0.099563,0.0370866,0.037087,0.0371068,0.081283,0.0370866,0.0370874,0.0376822,0.0377403,0.0370866,0.0370866,0.037087,0.0389226,0.0370867,0.0371768,0.0370868
0.038722,0.0389666,0.0402908,0.0387224,0.0387243,0.105234,0.0387601,0.0391386,0.0387261,0.0387252,0.038722,0.0387254,0.038722,0.0387239,0.0387222,0.0405604,0.038722,0.0387222,0.0387222,0.0387408,0.0387221,0.0387407,0.038722,0.0387221
0.0388499,0.0389261,0.0389143,0.105375,0.038838,0.0388404,0.038838,0.0388383,0.0388381,0.0388458,0.0388409,0.0388425,0.038838,0.0398519,0.038838,0.0388386,0.038838,0.0388497,0.0388382,0.0388468,0.038838,0.038838,0.0389532,0.0388441
0.0389052,0.0388119,0.0388297,0.0388214,0.0388119,0.0388124,0.0388168,0.0388119,0.0391389,0.0390845,0.0388119,0.0388119,0.038813,0.0388119,0.0390398,0.0389646,0.0388695,0.0388134,0.0388193,0.0388119,0.104336,0.0391836,0.0402566,0.0388119
0.0385567,0.038559,0.0385566,0.0386554,0.0385623,0.0385566,0.0385577,0.0385841,0.038584,0.0385701,0.0463566,0.0385567,0.0385566,0.0385568,0.0400762,0.0385578,0.103559,0.0385729,0.0385571,0.0385566,0.0385598,0.0385571,0.0386747,0.0385597
0.03858,0.0385859,0.0385799,0.0385803,0.0385896,0.0385801,0.0385798,0.0385835,0.0385799,0.0385832,0.0385929,0.0403988,0.0385799,0.0400398,0.03858,0.0385976,0.0385798,0.0385986,0.0385801,0.045559,0.0385799,0.0387825,0.0385816,0.102127
0.0385916,0.0387034,0.0387503,0.0415527,0.038586,0.0386554,0.0385828,0.0385828,0.0385831,0.0385891,0.0385888,0.0385942,0.0385828,0.104112,0.0385828,0.0386323,0.0385828,0.0385959,0.0385828,0.0387297,0.038583,0.0385835,0.0385881,0.0434843
0.0372112,0.0372126,0.0372113,0.0372113,0.0374457,0.0372124,0.037244,0.0396815,0.0372244,0.0372112,0.043131,0.0372287,0.0390315,0.0372112,0.0373566,0.0372113,0.100087,0.0372113,0.0706081,0.0372112,0.0372121,0.0372114,0.0372114,0.0372112
0.0388239,0.0385965,0.0385366,0.0411799,0.0385359,0.0385355,0.0385355,0.0385356,0.0385361,0.0385911,0.0394774,0.0385431,0.0385355,0.0385651,0.0385355,0.0385733,0.0385451,0.0988399,0.0385412,0.040664,0.038543,0.0385424,0.0453077,0.0403802
0.0386925,0.100582,0.0387031,0.0471084,0.0386954,0.0387871,0.0386926,0.0386934,0.038693,0.0387053,0.0386924,0.0386953,0.0386924,0.0387683,0.0386924,0.0388198,0.0386924,0.0386928,0.0386931,0.0393467,0.0386933,0.0386925,0.0386924,0.0387834
0.038963,0.0389632,0.0389646,0.038963,0.0389705,0.0389727,0.0389637,0.0389631,0.0399621,0.0389643,0.038967,0.102608,0.0389765,0.038963,0.0390367,0.0389687,0.038963,0.0389631,0.038963,0.0390581,0.0389694,0.0389666,0.038963,0.0389833
