0.0388461,0.0388462,0.0388477,0.0388462,0.0388514,0.0388486,0.0388461,0.0389261,0.0390754,0.0388656,0.040627,0.0403985,0.0388461,0.0388717,0.102831,0.0388462,0.0388481,0.0388485,0.0388462,0.0388461,0.0388487,0.0388467,0.0388493,0.0388461
0.0414948,0.0414849,0.0415714,0.0414905,0.0415281,0.0414853,0.0414863,0.0414844,0.0414858,0.0414856,0.0415029,0.0414843,0.0415515,0.0414843,0.0418519,0.0414843,0.0414877,0.0414916,0.0447478,0.0414843,0.0414889,0.0415422,0.0419168,0.0414843
0.0363808,0.0368689,0.0377995,0.0640701,0.0363807,0.0363933,0.0363807,0.0363842,0.0363807,0.0363846,0.0363838,0.0363821,0.0363807,0.0976471,0.0363807,0.036403,0.0364021,0.0363905,0.0363809,0.0710265,0.0363983,0.0363807,0.0363809,0.037639
0.0399663,0.0399409,0.0399428,0.0399412,0.0399525,0.0399407,0.039951,0.0399407,0.0748092,0.0399448,0.0399408,0.0399408,0.0399538,0.0399407,0.0399989,0.0400884,0.0399432,0.0399521,0.0399475,0.0399407,0.0399466,0.0399462,0.0461895,0.0399407
0.0368646,0.0368628,0.0368859,0.0368617,0.0368622,0.0368833,0.0862619,0.0368616,0.0381745,0.037943,0.0368616,0.036862,0.0368619,0.0368622,0.0368616,0.100089,0.0368717,0.0369293,0.0368616,0.0369543,0.0368944,0.0368729,0.0368742,0.0368816
0.0410269,0.0410214,0.0410084,0.0483854,0.0410075,0.0410075,0.0410075,0.0410085,0.0410074,0.0410103,0.0411907,0.0410074,0.0410079,0.0411767,0.0410074,0.0426355,0.0410285,0.0410311,0.0410079,0.0430938,0.0410143,0.0410126,0.0445385,0.0417571
0.0386009,0.0385873,0.0388131,0.0385872,0.0399412,0.0385872,0.0387288,0.0385872,0.0386077,0.0385872,0.0398065,0.0385875,0.104651,0.0385872,0.0385907,0.0385872,0.0385879,0.0386078,0.0433923,0.0385872,0.0385916,0.0385881,0.0386199,0.0385872
0.0386664,0.0386664,0.0395608,0.0386664,0.0388601,0.0386759,0.0386691,0.03867,0.0386678,0.0386664,0.102678,0.0387932,0.0386669,0.0386664,0.0454066,0.0386664,0.0386678,0.0386763,0.0386713,0.0386666,0.0386695,0.0386669,0.0386675,0.0386667
0.0386165,0.0386168,0.0388713,0.0386164,0.0386172,0.0393086,0.0386163,0.0386187,0.0386216,0.038618,0.0405908,0.101217,0.0386163,0.0438205,0.0399444,0.0386204,0.0386202,0.0386281,0.0386163,0.0386284,0.0386271,0.0386207,0.0386169,0.0397116
0.0388177,0.0388136,0.0390311,0.0388836,0.0388178,0.0388138,0.0390198,0.038826,0.0388136,0.0388137,0.0406746,0.0388136,0.0392505,0.0388136,0.0391352,0.0388136,0.0388218,0.038838,0.104056,0.0388136,0.0388162,0.0388602,0.0388291,0.0388136
0.0391467,0.0391473,0.0391517,0.039148,0.0392199,0.0391607,0.0410834,0.0391467,0.0393234,0.0391475,0.0391472,0.0391468,0.0391477,0.039147,0.0391467,0.0953396,0.0391659,0.0391785,0.0391483,0.0411579,0.039156,0.0391483,0.0391475,0.0391471
0.0415211,0.0415182,0.0416265,0.0415185,0.0415245,0.0415235,0.0415875,0.0415183,0.0415191,0.0415195,0.0415344,0.0415182,0.0425239,0.0415182,0.0415491,0.0415182,0.0415209,0.0415377,0.0423123,0.0415182,0.0415232,0.042913,0.0416178,0.0415182
0.0393284,0.0393252,0.0393243,0.0393392,0.0393285,0.0393239,0.088731,0.0394078,0.0393244,0.0453859,0.0393243,0.0393239,0.0394501,0.0393239,0.0393255,0.0393271,0.0393282,0.039376,0.0393762,0.0393239,0.0393277,0.0393261,0.0397244,0.039324
0.0401003,0.0388337,0.0422015,0.0388465,0.0388335,0.0388335,0.0388772,0.0388334,0.0388426,0.0388451,0.0388477,0.0388335,0.0388388,0.0388337,0.0388426,0.0388358,0.0388345,0.0388542,0.0388335,0.0388335,0.0388399,0.0388363,0.102055,0.0388337
0.0373401,0.0487899,0.0373401,0.0373402,0.0373595,0.0653369,0.0373418,0.101422,0.0373401,0.0375375,0.0373408,0.0373442,0.0373401,0.0373401,0.037354,0.0373403,0.0373716,0.0373462,0.0373425,0.0373607,0.03735,0.0373411,0.0373401,0.0373407
0.041796,0.0415528,0.0420292,0.0415498,0.0415519,0.0415496,0.0415631,0.0415496,0.0415529,0.0415509,0.0416301,0.0415496,0.0416882,0.0415496,0.0415611,0.0415496,0.0415507,0.0415654,0.0415556,0.0415496,0.0415556,0.0415699,0.0433298,0.0415496
0.0379623,0.0379373,0.0379405,0.0383301,0.0379387,0.0379373,0.0380775,0.0379473,0.0379373,0.0379465,0.038031,0.0379373,0.0617757,0.0379373,0.0379646,0.0379373,0.0379455,0.0379618,0.102783,0.0379373,0.0379406,0.0380068,0.03795,0.0379373
0.0382773,0.0382769,0.039955,0.0382767,0.0560234,0.0382781,0.0992129,0.0382767,0.0388225,0.038277,0.0382952,0.0382768,0.0382896,0.0382767,0.0382813,0.0386332,0.0382832,0.0382994,0.0382816,0.038278,0.0382815,0.0382768,0.0382935,0.0382767
0.038557,0.0385889,0.038557,0.0407156,0.038557,0.0386083,0.0385571,0.104741,0.038557,0.0393312,0.0385707,0.038557,0.038557,0.0385573,0.038573,0.038557,0.0386081,0.0385656,0.0438625,0.038557,0.0385619,0.0385879,0.038557,0.0385573
0.0415695,0.0415935,0.0415695,0.0415842,0.0415732,0.0415685,0.0416227,0.041576,0.0415726,0.0416023,0.0415725,0.0415685,0.04157,0.0415685,0.0434333,0.0415685,0.0415704,0.0415726,0.0416124,0.0415685,0.0415721,0.0415694,0.0418528,0.0415685
0.0479128,0.0383619,0.0383687,0.0410728,0.0383626,0.0383613,0.038566,0.0383613,0.038384,0.0383621,0.0383812,0.0383613,0.0384632,0.0383616,0.0383614,0.0392553,0.038367,0.0383892,0.0383633,0.0383619,0.0383655,0.0383618,0.104132,0.0383614
0.0373878,0.0373883,0.0374264,0.0373878,0.0399805,0.0374096,0.0377664,0.0373882,0.0993292,0.0373879,0.0373885,0.03752,0.0373948,0.0373878,0.0749465,0.0373878,0.0373885,0.0373905,0.0373918,0.0373878,0.0374009,0.0373878,0.0373878,0.0373878
0.0427765,0.0370183,0.0370318,0.0391149,0.0370184,0.0370183,0.0371045,0.0370186,0.0370184,0.0370204,0.0437103,0.0370183,0.0427131,0.0370183,0.0370212,0.0370193,0.037041,0.037071,0.0976684,0.0370183,0.0370202,0.037224,0.0672981,0.0370184
0.0388071,0.0388044,0.0388337,0.0388049,0.0393796,0.0388042,0.039157,0.0388042,0.0388196,0.0388042,0.0388099,0.0388042,0.105263,0.0388042,0.03881,0.0388042,0.0388053,0.0388183,0.0400041,0.0388042,0.0388124,0.0388059,0.0388312,0.0388042
0.0384617,0.0384606,0.0385319,0.0384605,0.0384604,0.0401505,0.0384663,0.0384605,0.0384957,0.0384832,0.0384611,0.103904,0.0384604,0.0385596,0.0466225,0.0384804,0.0384646,0.0384745,0.0384604,0.0384604,0.0384719,0.0398211,0.0384609,0.0384668
0.0369457,0.0372755,0.0370516,0.0853829,0.0369407,0.0369421,0.0369421,0.0378626,0.0369407,0.100353,0.0369407,0.0369407,0.0369407,0.0370205,0.0369408,0.0369408,0.0369649,0.0369529,0.0369952,0.0369407,0.0369571,0.0369437,0.036941,0.036944
0.036312,0.0363121,0.0377115,0.036312,0.0820509,0.0563345,0.0966692,0.0363121,0.0369733,0.036312,0.0363139,0.0364153,0.0364564,0.036312,0.0363308,0.0363272,0.0363142,0.0363376,0.0363149,0.0363145,0.0363269,0.0363126,0.036312,0.036312
0.0385476,0.038515,0.0385354,0.0387126,0.038514,0.038514,0.104654,0.0385169,0.038514,0.0471395,0.038514,0.038514,0.0385513,0.038514,0.0385144,0.0385151,0.0385226,0.0385985,0.038866,0.038514,0.0385208,0.0386592,0.0385182,0.0385142
0.0378958,0.0980442,0.037896,0.0379125,0.037897,0.0679111,0.0379146,0.0379772,0.0378966,0.0379528,0.0378958,0.0379199,0.0378958,0.0378966,0.0379005,0.0379196,0.0379096,0.0379,0.0378958,0.0379151,0.0379314,0.0378966,0.0378958,0.0379296
0.098414,0.0364063,0.0364892,0.0367973,0.0364063,0.0364063,0.0364063,0.0364063,0.0364142,0.0364407,0.0367977,0.0366186,0.0364093,0.0367417,0.0364622,0.0364111,0.0364072,0.0364329,0.0364063,0.0364063,0.0364193,0.036712,0.0981361,0.0370522
0.0381141,0.0381173,0.0381136,0.0381595,0.0381134,0.0381827,0.0381134,0.0381222,0.0381134,0.0381431,0.0381172,0.052778,0.0381134,0.0385552,0.0381137,0.0383087,0.0381217,0.0381486,0.0381134,0.0397449,0.0381573,0.0411539,0.0381136,0.103168
0.0389512,0.0384429,0.040197,0.0384452,0.0384461,0.0384428,0.0384439,0.038443,0.0384434,0.038443,0.104361,0.0384431,0.0385517,0.0384461,0.0386021,0.0384428,0.0384442,0.038452,0.0385062,0.0384428,0.0384441,0.0384429,0.0472798,0.038443
0.0388301,0.0388301,0.039052,0.0392559,0.0389287,0.0388299,0.03883,0.0388312,0.0388347,0.0388301,0.0388622,0.0388298,0.039415,0.0388298,0.0388578,0.0388298,0.038837,0.0388335,0.105495,0.0388298,0.038834,0.0388299,0.0388342,0.0388298
0.0386414,0.0390851,0.0386415,0.0386785,0.0386415,0.0402271,0.0386416,0.10502,0.0386414,0.0387746,0.0386679,0.0386441,0.0386414,0.0386418,0.0386506,0.0386414,0.0386843,0.0386471,0.0425627,0.0386415,0.0386526,0.0386482,0.0386414,0.0386421
0.0364109,0.0364986,0.0364124,0.036439,0.0364112,0.0432049,0.0364111,0.0364117,0.0364181,0.0364116,0.0364109,0.0364541,0.0364109,0.0365992,0.0364109,0.093637,0.0364407,0.0364359,0.0364109,0.0977386,0.0364467,0.0364246,0.0364109,0.0367391
0.0376346,0.0376346,0.0376438,0.0376354,0.0386517,0.0376346,0.0376477,0.0379435,0.0376348,0.0376346,0.100826,0.0376347,0.0376448,0.0376346,0.0541048,0.0376346,0.0376399,0.0376406,0.053357,0.0376346,0.0376356,0.0376347,0.0376485,0.0376346
0.0372263,0.0372711,0.0378128,0.0869884,0.0372093,0.0372172,0.0372093,0.0372093,0.0372158,0.0372439,0.0372093,0.0372101,0.0372093,0.0930669,0.0372092,0.0377357,0.0372325,0.0372152,0.0372108,0.0372371,0.0372292,0.0372093,0.0372123,0.0372098
0.0367294,0.0367298,0.0367299,0.0367299,0.0367326,0.0367572,0.0367372,0.0367293,0.0369262,0.0367297,0.0367302,0.0367404,0.0367294,0.0367363,0.0367293,0.0996799,0.0367432,0.0367656,0.0367293,0.0909924,0.0367484,0.0367451,0.0367359,0.0376637
0.0388291,0.0388288,0.0388879,0.0388285,0.0388464,0.0394712,0.03883,0.0388286,0.0392755,0.0388288,0.0388318,0.104229,0.0388285,0.039162,0.0393577,0.0391965,0.038835,0.0388496,0.0388285,0.0388309,0.0388389,0.0390872,0.0388326,0.0388372
0.0384834,0.0385189,0.0382184,0.0441278,0.038171,0.0381717,0.0381718,0.0381712,0.038171,0.0382023,0.038183,0.0381785,0.038172,0.102224,0.038171,0.0382342,0.0381888,0.0382022,0.038171,0.0383164,0.0381846,0.0381718,0.038232,0.0509631
0.0379199,0.0379387,0.0379316,0.0379197,0.0379202,0.0379585,0.03792,0.0379198,0.0561015,0.039398,0.0379198,0.101558,0.0379197,0.0440883,0.0380169,0.0380406,0.0379207,0.0379334,0.0379197,0.0379203,0.0379497,0.0379208,0.0379197,0.0380448
0.0384238,0.038424,0.0384238,0.0384238,0.0384685,0.0399514,0.0384255,0.0384455,0.0478824,0.0384238,0.0386125,0.104353,0.0384279,0.0384239,0.0388235,0.038429,0.0384256,0.038432,0.0384238,0.0385949,0.0384369,0.0384347,0.0384238,0.0384661
0.0386055,0.0386072,0.0386056,0.0389866,0.038605,0.0387151,0.038643,0.0386475,0.038605,0.104899,0.038605,0.0386051,0.038605,0.0386071,0.0386107,0.0440309,0.0386271,0.0386266,0.0386051,0.038605,0.0386359,0.0397052,0.0386052,0.0386068
0.0387791,0.0387791,0.0387854,0.0387791,0.0394129,0.0387792,0.0388114,0.038828,0.040343,0.0387793,0.039099,0.038858,0.0387831,0.0387791,0.105375,0.0387791,0.0387801,0.0387828,0.0387817,0.0387791,0.0387827,0.0387794,0.038785,0.0387791
0.0380624,0.0380518,0.0383866,0.0380518,0.0512862,0.0380518,0.038054,0.0380518,0.0383442,0.0380518,0.103203,0.038052,0.0403847,0.0380519,0.0380545,0.0380519,0.038053,0.0380692,0.0389031,0.0380526,0.0380534,0.0380518,0.0425746,0.0380518
0.0627508,0.0379891,0.0380051,0.0380946,0.0379891,0.037989,0.0379954,0.037989,0.0382476,0.0385146,0.037989,0.037989,0.0380001,0.037989,0.0380064,0.0381479,0.0379915,0.038016,0.037992,0.037989,0.037999,0.0383693,0.0999684,0.037989
0.0414748,0.0414908,0.0414746,0.0414754,0.0415495,0.0414746,0.04148,0.0414851,0.0456226,0.0414801,0.0415721,0.0414747,0.0415485,0.0414746,0.0415829,0.0414761,0.0414764,0.0414798,0.0414837,0.0414746,0.04148,0.0414747,0.0415195,0.0414747
0.0388724,0.0388733,0.0388731,0.0388735,0.0389906,0.0388719,0.0389361,0.0388721,0.0389588,0.0388718,0.0389062,0.038872,0.105482,0.0388718,0.0388729,0.0388719,0.0388728,0.0388792,0.0389966,0.0388721,0.0388782,0.0388721,0.0388872,0.0388719
0.038863,0.0388719,0.10547,0.0388658,0.0389808,0.0388831,0.0389655,0.0388625,0.0388927,0.0388625,0.0388656,0.0388625,0.0389418,0.0388625,0.0388629,0.0388625,0.0388649,0.0388698,0.0391446,0.0388656,0.0388692,0.0388625,0.0388846,0.0388625
0.0370954,0.0372295,0.0371022,0.0371535,0.0370968,0.100313,0.0370958,0.082921,0.0370954,0.0371391,0.0370957,0.0370994,0.0370955,0.0370958,0.037099,0.0370954,0.0371563,0.0371018,0.0373828,0.0370976,0.037109,0.0371383,0.0370954,0.0370961
0.0392794,0.0392794,0.0393678,0.0392793,0.0404697,0.0392794,0.0393986,0.0392912,0.040506,0.0392835,0.040088,0.0393192,0.0392861,0.0392794,0.0930642,0.0392794,0.0392801,0.0392869,0.0392797,0.0392793,0.0392833,0.0392794,0.0392814,0.0392794
0.0383586,0.0383586,0.0383583,0.0384061,0.0383583,0.0384279,0.0383587,0.0384712,0.0383583,0.101166,0.0383583,0.0383775,0.0383583,0.0383585,0.0385393,0.0385399,0.0383671,0.0383713,0.0383583,0.0383583,0.03838,0.0542899,0.0383584,0.0383631
0.0382255,0.0382709,0.0382509,0.038299,0.0382251,0.038261,0.0382251,0.0382255,0.0382251,0.0382255,0.0382296,0.0393626,0.0382253,0.0407262,0.0382251,0.0382844,0.0382287,0.0382582,0.0382251,0.051191,0.0382823,0.0382453,0.0382258,0.103857
0.0386831,0.0484112,0.0388014,0.0445583,0.0386834,0.038749,0.038683,0.0386849,0.038683,0.0386832,0.0386835,0.0386873,0.0386833,0.0412926,0.038683,0.0386875,0.0386943,0.038696,0.0386841,0.0874828,0.0387106,0.0386838,0.0386831,0.0430275
0.0386681,0.038668,0.038668,0.0387351,0.038668,0.0389649,0.0386735,0.0392433,0.038668,0.104312,0.038668,0.0386704,0.038668,0.0386681,0.038736,0.0388517,0.038688,0.0386825,0.0386686,0.038668,0.0386803,0.0437443,0.038668,0.0386692
0.0387513,0.0387516,0.0388216,0.0387513,0.0387676,0.041232,0.0387517,0.0387586,0.0387822,0.0387525,0.0387567,0.0396739,0.0387513,0.0387513,0.105154,0.0387513,0.038753,0.0387535,0.0387522,0.0387513,0.0387611,0.038767,0.0387514,0.0387513
0.0408887,0.0408894,0.0408887,0.0408891,0.0408924,0.0408918,0.04096,0.0409453,0.0413224,0.0408922,0.0408906,0.0408896,0.0408889,0.0408887,0.0589135,0.040923,0.040894,0.0408942,0.0408892,0.0408887,0.0408936,0.0408952,0.0409022,0.0408887
0.0386149,0.0386315,0.0386159,0.0386161,0.0386258,0.0392776,0.0386165,0.104917,0.0386149,0.0388422,0.0391668,0.038616,0.0386149,0.0386159,0.0386182,0.0386149,0.0386602,0.0386294,0.0439968,0.038617,0.0386186,0.0386296,0.0386149,0.0386149
0.0385713,0.0385706,0.0386944,0.0385779,0.038839,0.0385707,0.0391547,0.0385707,0.0385707,0.0385706,0.0385776,0.0385706,0.0477153,0.0385706,0.038571,0.0385706,0.0385748,0.0386034,0.102657,0.0385706,0.0385753,0.03858,0.0386022,0.0385706
0.0388192,0.0388197,0.0388193,0.03882,0.0388195,0.0388363,0.0388266,0.0388194,0.0389399,0.0388394,0.0388194,0.0388271,0.0388192,0.0388218,0.0388193,0.10522,0.0388379,0.0388544,0.0388192,0.0403414,0.0388324,0.0389461,0.0388443,0.0388383
0.0389842,0.0387784,0.0387785,0.0387792,0.0387784,0.038779,0.0387801,0.0387801,0.0387799,0.0415365,0.0387787,0.0388102,0.0387875,0.0387784,0.0388755,0.0387895,0.0387811,0.0388168,0.0387785,0.0387784,0.0387877,0.10449,0.0392095,0.0387835
0.0390146,0.0388295,0.0388299,0.0390481,0.0388295,0.03883,0.0388304,0.0388306,0.0388295,0.0394127,0.0388296,0.0388316,0.0388327,0.0388295,0.0400682,0.0388489,0.0388364,0.0388641,0.0388355,0.0388295,0.0388377,0.103739,0.0397012,0.0388317
0.0387518,0.0388181,0.0389123,0.0387519,0.105167,0.038752,0.0387529,0.0387527,0.0415365,0.0387518,0.0390996,0.0387535,0.0387896,0.0387551,0.0388331,0.0387519,0.0387555,0.0387563,0.0387925,0.0387531,0.0387547,0.0387518,0.038754,0.0387518
0.0383013,0.0383013,0.0383115,0.0383013,0.0517388,0.0383016,0.0385483,0.0383013,0.039063,0.0383013,0.0387663,0.0383016,0.103038,0.0383013,0.0383014,0.0383017,0.0383038,0.0383191,0.0393751,0.0383073,0.0383052,0.0383025,0.0383065,0.0383013
0.0380559,0.0397759,0.0380567,0.0380973,0.0380531,0.0382508,0.0380784,0.038054,0.0380531,0.0381798,0.0380544,0.0424813,0.0380531,0.0528013,0.0380532,0.0381756,0.0380615,0.0380823,0.0380531,0.0380778,0.0381041,0.0380643,0.0380532,0.10323
0.0374579,0.0373945,0.0383917,0.0373945,0.0373956,0.0373957,0.0373962,0.0373945,0.101106,0.0373949,0.0373945,0.0373978,0.0374205,0.0373949,0.0374025,0.0662236,0.0373956,0.0374068,0.0373945,0.0374,0.0374056,0.0373956,0.0462518,0.0373945
0.0388282,0.0387946,0.0387947,0.038806,0.0387946,0.0388038,0.0387946,0.0388009,0.0387946,0.040523,0.038796,0.0388634,0.0388076,0.0387946,0.0389289,0.0387958,0.0387993,0.0388228,0.0388427,0.0387946,0.0388089,0.105268,0.0387962,0.0391463
0.0376718,0.0435749,0.0377174,0.102132,0.0376643,0.0376645,0.0376643,0.037704,0.0376643,0.0549114,0.0376644,0.0376643,0.0376643,0.045905,0.0376644,0.0376645,0.0376832,0.0376701,0.0376787,0.0376644,0.0376847,0.0376648,0.0376745,0.0376835
0.0388233,0.0388392,0.0396603,0.039777,0.0388039,0.0388042,0.0388327,0.0388422,0.0388041,0.105464,0.0388039,0.0388039,0.0388039,0.0388474,0.0388105,0.0388042,0.0388154,0.0388161,0.0388068,0.0388039,0.0388181,0.038805,0.0388064,0.0388039
0.0371604,0.0371034,0.0371091,0.0371034,0.0374712,0.0371034,0.038805,0.0371034,0.100483,0.0371034,0.0371035,0.0371036,0.037474,0.0371034,0.039917,0.0386015,0.0371045,0.0371138,0.0371035,0.0371034,0.0371098,0.0371044,0.0764082,0.0371034
0.0388192,0.0388128,0.105486,0.0388274,0.0392046,0.038811,0.0388877,0.0388101,0.0388157,0.0388101,0.0389298,0.0388101,0.0392635,0.0388132,0.0388103,0.0388101,0.0388116,0.0388195,0.039498,0.0388113,0.0388181,0.0388101,0.0388996,0.0388101
0.038096,0.0965119,0.0380971,0.0381141,0.0380961,0.0593096,0.038096,0.0381155,0.0380987,0.0381161,0.038096,0.0435911,0.038096,0.038485,0.0381375,0.0381069,0.038107,0.0380982,0.038096,0.0380968,0.0381391,0.0380965,0.038096,0.0381068
0.0379052,0.0378925,0.0378922,0.0639432,0.0378878,0.0378883,0.0378883,0.0378961,0.0378878,0.101823,0.0378878,0.0378878,0.0378879,0.0378921,0.0378879,0.0380036,0.0379083,0.0379125,0.0379003,0.0378879,0.0379053,0.0383251,0.0379199,0.0378888
0.0383238,0.0383252,0.0389755,0.0383238,0.103543,0.038351,0.0383427,0.0383439,0.0383246,0.0383238,0.0421704,0.0383252,0.0390758,0.0383238,0.0383256,0.0383238,0.0383288,0.0383383,0.0479778,0.0383349,0.0383269,0.0383241,0.0383238,0.0383238
0.0380768,0.0375574,0.0375625,0.0377352,0.0375574,0.0375574,0.0375574,0.0375577,0.0375574,0.0376651,0.0376852,0.0376874,0.0375578,0.069059,0.0375574,0.0376157,0.0375624,0.037615,0.0375574,0.0379841,0.0375729,0.0378807,0.0384955,0.101785
0.0387257,0.0387503,0.105077,0.0387306,0.0420446,0.0387323,0.0387269,0.0387252,0.0387507,0.0387252,0.0388884,0.0387252,0.0387379,0.0387271,0.0387272,0.0387252,0.0387272,0.0387295,0.0393818,0.0387303,0.0387306,0.0387252,0.0387307,0.0387252
0.0388195,0.0388164,0.0389682,0.0388162,0.0393614,0.038816,0.0388169,0.0388164,0.0388259,0.038816,0.103611,0.0388161,0.0388364,0.0388166,0.0388165,0.038816,0.0388191,0.0388314,0.0406963,0.0388271,0.0388181,0.038816,0.0397905,0.038816
0.038878,0.0388155,0.0388166,0.03885,0.0388155,0.0388184,0.0388155,0.0388162,0.0388155,0.038858,0.0388223,0.0388403,0.0388979,0.0388155,0.0388162,0.0388309,0.0388253,0.0388833,0.038873,0.0388246,0.0388286,0.10546,0.0388701,0.0401127
0.039371,0.0410474,0.0393764,0.0394215,0.0394384,0.0396024,0.0393725,0.039388,0.0393711,0.0393711,0.0395176,0.0393773,0.0393714,0.0439424,0.039371,0.0394366,0.0393953,0.0393907,0.0393716,0.0833162,0.0393827,0.0393711,0.039371,0.0436253
0.0380304,0.0583849,0.0380358,0.0380336,0.0390063,0.0395383,0.038033,0.0385772,0.0380406,0.0380304,0.0380391,0.0380321,0.0380446,0.0380695,0.0380304,0.0380337,0.0380553,0.0380406,0.0380701,0.101742,0.0380404,0.0380304,0.0380304,0.0380312
0.0382922,0.0383674,0.081584,0.0382937,0.0623675,0.0385377,0.0382922,0.0382923,0.0382954,0.0382922,0.0383326,0.0382929,0.0383878,0.0382937,0.0382922,0.0382922,0.0382956,0.0383015,0.0512361,0.038472,0.0383121,0.0382922,0.0382922,0.0382924
0.0367596,0.0560602,0.0367928,0.0760859,0.0367553,0.0367626,0.0367554,0.0367561,0.0367552,0.0368022,0.0367555,0.0367554,0.0367552,0.0921655,0.0367552,0.0368084,0.036783,0.0367733,0.0367555,0.0372499,0.0367769,0.0367553,0.0367635,0.039862
0.0372054,0.0372088,0.037222,0.037207,0.0372146,0.0372153,0.0372053,0.0372053,0.0373864,0.0372091,0.0372103,0.0372107,0.0372052,0.038178,0.0372052,0.0928821,0.0372224,0.0372332,0.0372052,0.0871209,0.0372204,0.0372073,0.0372201,0.0373998
0.0388839,0.0388742,0.0388744,0.038879,0.0388739,0.038874,0.0388742,0.0390358,0.0388756,0.105505,0.0388742,0.0388742,0.0388739,0.0388993,0.0389177,0.0388777,0.0388789,0.0388905,0.0388739,0.0388739,0.038882,0.0389553,0.0389009,0.0388774
0.0348315,0.0806027,0.0359608,0.0904252,0.0348289,0.0348406,0.0348289,0.0348305,0.0348289,0.0363558,0.0348289,0.0348306,0.0348289,0.0936953,0.0348289,0.0348319,0.0348475,0.0348348,0.0348289,0.0348866,0.03489,0.034829,0.0348295,0.0358755
0.0366208,0.0367053,0.0366209,0.0366259,0.0366545,0.0366989,0.0366221,0.0994146,0.0366208,0.0366208,0.0840673,0.0366222,0.0366215,0.036621,0.0366281,0.0366208,0.0366407,0.036627,0.0472199,0.0366336,0.0366235,0.0366211,0.0366208,0.0366282
0.0409886,0.0410092,0.0409911,0.0412573,0.0409884,0.0410461,0.0409884,0.0411568,0.0409884,0.0412391,0.041069,0.0409896,0.0409884,0.0409968,0.04099,0.0409917,0.0409967,0.0409992,0.0409885,0.0411693,0.0410013,0.0411347,0.0409894,0.0560418
0.0388265,0.0388274,0.0388716,0.0390993,0.0388243,0.0388244,0.038828,0.0398758,0.0388247,0.105512,0.0388243,0.0388243,0.0388243,0.0389199,0.0388375,0.0388246,0.0388337,0.0388363,0.0388265,0.0388243,0.0388339,0.0388264,0.0388262,0.0388243
0.0365668,0.0366648,0.0390302,0.0962155,0.0365499,0.0365504,0.0365499,0.036551,0.0365499,0.0378687,0.03655,0.03655,0.0365499,0.0956043,0.0365499,0.0365527,0.0365713,0.0365593,0.0365644,0.0366136,0.0365672,0.0365501,0.0365586,0.0365618
0.0369961,0.0379983,0.0379486,0.100422,0.0369768,0.036977,0.0369768,0.0369784,0.0369768,0.0423112,0.0369768,0.0369768,0.0369768,0.0784996,0.0369768,0.0369939,0.0370101,0.0369853,0.0369921,0.0369964,0.0369997,0.0369773,0.0370905,0.0369855
0.0377893,0.0381228,0.0378642,0.0403165,0.0377869,0.0377869,0.0377864,0.0377882,0.0377864,0.0377876,0.0378765,0.0378084,0.0377868,0.100898,0.0377864,0.0377904,0.0377972,0.0377989,0.0377865,0.0434574,0.0377998,0.0377865,0.0377963,0.0590158
0.0365992,0.0365967,0.0365967,0.0366041,0.0374813,0.0365967,0.036599,0.0366034,0.0366992,0.0365967,0.0565625,0.0365968,0.0795433,0.0365967,0.0366017,0.0365967,0.036601,0.0366112,0.0941205,0.0365967,0.0365985,0.0365976,0.0368069,0.0365967
0.0390166,0.0390154,0.0390158,0.0390189,0.0390164,0.0390304,0.0999488,0.0390155,0.0390154,0.0390232,0.0390153,0.0390171,0.0390304,0.0390152,0.0390153,0.0403372,0.0390313,0.0391026,0.0390248,0.0390173,0.0390237,0.0402161,0.0390209,0.0390166
0.0387489,0.042164,0.0387491,0.0387502,0.0387498,0.0991482,0.0422496,0.0387537,0.0387524,0.0387541,0.0387489,0.039219,0.038749,0.0387494,0.03875,0.0408864,0.0387659,0.0387574,0.0387489,0.038753,0.038784,0.0387527,0.0387489,0.0387663
0.0372206,0.0368064,0.0367773,0.0369265,0.0367777,0.0367761,0.0983361,0.0367761,0.0368003,0.0367761,0.0367767,0.0367762,0.0911431,0.0367766,0.0367761,0.0367919,0.0367772,0.0368022,0.0367767,0.0367766,0.03679,0.0367761,0.0373865,0.0369009
0.0388584,0.0389088,0.0388633,0.0388585,0.0388585,0.0413465,0.0388591,0.0388808,0.038882,0.0469138,0.0388583,0.0932578,0.0388583,0.0403444,0.0395807,0.0388853,0.0388661,0.0388709,0.0388583,0.0388584,0.0388769,0.0389258,0.0388583,0.0388708
0.0391097,0.0394052,0.0391153,0.039119,0.0391106,0.0617662,0.0391137,0.0392367,0.0391097,0.0391153,0.0391128,0.039666,0.03911,0.0402605,0.0391097,0.0391185,0.0391388,0.0391391,0.0391115,0.0609645,0.0391318,0.0391157,0.0391097,0.0537101
0.0379455,0.037949,0.037959,0.0379455,0.0615765,0.0407261,0.0999751,0.0382504,0.0379458,0.0379458,0.0379456,0.0379504,0.0379844,0.0379455,0.0379455,0.0379506,0.0379533,0.0380035,0.0380261,0.0382731,0.0379594,0.0379494,0.0379455,0.037949
0.0381167,0.0387484,0.0381287,0.0381684,0.0381249,0.0384235,0.0381167,0.0381172,0.0381813,0.0381167,0.0381173,0.0381705,0.0381167,0.045724,0.0381167,0.0495167,0.0381348,0.0381274,0.0381167,0.103019,0.038139,0.0381169,0.0381168,0.0382255
0.0390574,0.0389876,0.0389892,0.0389886,0.0389885,0.0389875,0.0389876,0.0389891,0.0393833,0.0390046,0.0405607,0.0389876,0.0389928,0.0389876,0.0390464,0.0389886,0.0389893,0.0389972,0.0389962,0.0389876,0.038989,0.0389962,0.10113,0.0389875
0.0411442,0.0412894,0.0411445,0.0411443,0.041153,0.0411443,0.0530132,0.0411999,0.0411662,0.0411516,0.0411524,0.0411571,0.0411464,0.0411442,0.0415294,0.0411445,0.041146,0.0411532,0.0411444,0.0411442,0.0411541,0.0411447,0.0411443,0.0411446
0.0387656,0.105288,0.0387657,0.0388325,0.038767,0.0412023,0.038767,0.0387877,0.0387839,0.0387952,0.0387656,0.0388046,0.0387656,0.0390708,0.038766,0.0388442,0.0387825,0.0387682,0.0387656,0.0387787,0.0388195,0.0387656,0.0387656,0.0387826
0.0380854,0.0380872,0.0380853,0.0381156,0.0380855,0.0380911,0.0380861,0.0380943,0.0380953,0.0382168,0.0380856,0.0380855,0.0380853,0.0380914,0.0380853,0.10285,0.0381248,0.0381175,0.0380854,0.0587665,0.038098,0.0382618,0.0381029,0.0381171
0.0388277,0.0388277,0.0388289,0.0388308,0.0388277,0.0391681,0.0388277,0.0388403,0.0388277,0.0388412,0.0388335,0.0391815,0.0388286,0.0388278,0.0388284,0.0388471,0.0388422,0.0388756,0.0390659,0.0391342,0.0388398,0.105277,0.0388277,0.0391434
0.0387586,0.0387697,0.0387653,0.0387708,0.0387582,0.0387674,0.0387672,0.041237,0.0387598,0.105288,0.0387582,0.0387583,0.0387582,0.0394283,0.0387763,0.038779,0.0387691,0.0387692,0.0387582,0.0387582,0.0387685,0.0387592,0.0387585,0.0387585
0.0386526,0.0386135,0.0386158,0.0386141,0.0386135,0.0386811,0.0386296,0.0386156,0.0386135,0.042728,0.0386137,0.0388984,0.0386158,0.0386135,0.0386158,0.0386284,0.0386189,0.0387254,0.0386141,0.0386137,0.038632,0.104719,0.0386143,0.0410993
0.0400845,0.0400392,0.0400423,0.0400392,0.040042,0.0400392,0.0400893,0.0400399,0.0409866,0.0402575,0.040112,0.0400397,0.040042,0.0400392,0.0503132,0.0400405,0.0400405,0.0400541,0.0400394,0.0400392,0.0400412,0.0401248,0.0673755,0.0400392
0.0406347,0.0406076,0.0406076,0.0406088,0.0406078,0.0406076,0.0418709,0.040614,0.040609,0.0409123,0.0406085,0.0406076,0.0406245,0.0406076,0.0562221,0.0406149,0.0406106,0.040635,0.0407533,0.0406076,0.0406115,0.0464586,0.0427503,0.0406076
0.0390833,0.0390814,0.0390856,0.039083,0.0390845,0.0390816,0.0390815,0.0390815,0.0390821,0.0390814,0.0613465,0.0390989,0.0784336,0.0390814,0.0390827,0.0390814,0.0390829,0.039097,0.0393648,0.0390897,0.0390901,0.0390965,0.0391362,0.0390924
0.0388747,0.0388747,0.0388747,0.0388747,0.0388831,0.0390146,0.0388764,0.0389022,0.0400251,0.0388747,0.0389016,0.0985042,0.0388857,0.0388747,0.044731,0.0388788,0.0388763,0.0388857,0.0388748,0.0388807,0.0388883,0.038988,0.0388747,0.0388807
0.038104,0.0383768,0.0381083,0.038104,0.0381048,0.0413454,0.038104,0.0381044,0.0383071,0.0381052,0.0381047,0.103513,0.038104,0.0482978,0.0381192,0.0381107,0.0381058,0.0381092,0.038104,0.0383897,0.0381369,0.0381084,0.038104,0.0439281
0.0434857,0.0410433,0.0452703,0.0410435,0.0410478,0.0410436,0.0410469,0.0410433,0.0410457,0.0410581,0.0410512,0.0410434,0.0410892,0.0410433,0.0410758,0.0410433,0.0410442,0.0410651,0.0410478,0.0410433,0.0410538,0.0416381,0.0485902,0.0410433
0.0357771,0.0903518,0.0357798,0.0969792,0.0357739,0.0357743,0.035774,0.0357825,0.035774,0.0382165,0.035774,0.035774,0.0357739,0.0588553,0.035774,0.0357757,0.0357986,0.035778,0.0357756,0.0357815,0.0358025,0.035774,0.0357761,0.0358038
0.0413834,0.0413916,0.0413827,0.0413854,0.0413826,0.0413831,0.0413908,0.0414756,0.0413826,0.0459726,0.0413886,0.0414157,0.0413826,0.0413897,0.0413845,0.0414213,0.0413896,0.0414109,0.0413826,0.0413865,0.0413952,0.0417298,0.0413854,0.0430071
0.0361984,0.0449703,0.0363839,0.0367661,0.0361992,0.0362951,0.0361984,0.0361992,0.0361984,0.0362368,0.0361995,0.0362083,0.0361984,0.0960256,0.0361984,0.0365285,0.0362245,0.0362197,0.0361984,0.0767236,0.0362323,0.0361984,0.0361984,0.0570002
0.0416127,0.041614,0.041704,0.0416126,0.0420504,0.0416136,0.041639,0.0416125,0.0416646,0.0416123,0.0418649,0.0416694,0.0419232,0.0416124,0.0416233,0.0416124,0.0416148,0.0416243,0.0416484,0.0416128,0.0416177,0.0416136,0.0416146,0.0416124
0.0385302,0.0453102,0.0385354,0.0385303,0.0385429,0.104721,0.0398109,0.0385817,0.0385369,0.038539,0.0385302,0.03898,0.0385302,0.0385302,0.0385451,0.038884,0.038549,0.0385344,0.0385302,0.0385577,0.0385985,0.0385312,0.0385302,0.0385304
0.0387806,0.0393443,0.105311,0.0387843,0.0403426,0.0390637,0.0387817,0.0387806,0.0387827,0.0387833,0.038782,0.0387808,0.0387807,0.0388596,0.0387807,0.0387806,0.0387848,0.0387907,0.038981,0.0387836,0.0387991,0.0387806,0.0387806,0.0387806
0.0374312,0.0373802,0.0373831,0.0373809,0.0373964,0.0373802,0.0376605,0.0373802,0.0963844,0.0373802,0.0373804,0.0373804,0.0376288,0.0373802,0.0373809,0.0662954,0.0373841,0.0374031,0.0374028,0.0373839,0.0373873,0.0373822,0.0516731,0.0373802
0.0393632,0.0393495,0.0393456,0.0393602,0.0393422,0.0393403,0.0393429,0.0393403,0.0841568,0.0393417,0.0393404,0.0393403,0.0393989,0.0393404,0.0393475,0.0394209,0.0393422,0.0393447,0.0393446,0.0393406,0.0393467,0.0393407,0.0501291,0.0393403
0.0366835,0.0366409,0.0366556,0.0375798,0.0366387,0.036639,0.0366387,0.0366401,0.0366387,0.0367118,0.0367266,0.0367967,0.0366387,0.0960262,0.0366387,0.0366905,0.0366454,0.0366622,0.0366387,0.0371832,0.0366529,0.0366458,0.0369222,0.0956654
0.0387023,0.0387303,0.0396985,0.0387023,0.10514,0.0387508,0.038703,0.038817,0.0393583,0.0387023,0.0406742,0.0387445,0.0387268,0.0387213,0.0387042,0.0387023,0.0387083,0.0387093,0.039395,0.0387952,0.0387068,0.0387023,0.0387023,0.0387023
0.0389555,0.03902,0.039551,0.0431617,0.0389556,0.0390036,0.0389555,0.0389672,0.0389555,0.0389595,0.0389604,0.0389564,0.0389556,0.0436477,0.0389555,0.0389696,0.0389746,0.0389846,0.0389671,0.0893973,0.0389746,0.0389614,0.0389556,0.0438544
0.0421808,0.0412662,0.0412782,0.0412812,0.0412655,0.0412641,0.0412686,0.041264,0.0412649,0.041265,0.0412675,0.0412641,0.0417017,0.041264,0.04166,0.041264,0.0412655,0.0412723,0.0413031,0.041264,0.041273,0.0416054,0.0487329,0.041264
0.0386895,0.0386892,0.0386946,0.0386891,0.03869,0.0387602,0.0386893,0.0386899,0.0389672,0.0386895,0.0389172,0.105102,0.0386891,0.0419291,0.0388803,0.0387245,0.0386921,0.0387108,0.0386891,0.0387324,0.0386987,0.0389071,0.0386895,0.03939
0.0381563,0.038465,0.0381635,0.0382209,0.0381564,0.103559,0.0383884,0.0381684,0.0381577,0.038187,0.0381563,0.0381869,0.0381563,0.0381564,0.0381748,0.0561678,0.0381935,0.038162,0.0381563,0.0381602,0.0382055,0.0381884,0.0381563,0.0381564
0.0386439,0.0387104,0.0400933,0.0386441,0.0386441,0.104199,0.0386729,0.0386501,0.0386858,0.0435374,0.0386439,0.0387323,0.0386439,0.0386446,0.0386857,0.038882,0.0386507,0.0386525,0.0386439,0.0386443,0.0387187,0.0386884,0.0386439,0.0386441
0.0383521,0.0379578,0.0379569,0.0611645,0.0379559,0.037956,0.037956,0.0379748,0.0379559,0.10146,0.0379561,0.037956,0.037956,0.0381053,0.0379667,0.0379628,0.0379624,0.0379755,0.0379564,0.0379559,0.0379738,0.0385247,0.0385988,0.0384592
0.0384272,0.0384448,0.0384545,0.0384388,0.0384421,0.0384264,0.0384686,0.038427,0.0384282,0.0384264,0.038522,0.0384265,0.0552372,0.0384281,0.0384264,0.0384326,0.0384308,0.0384491,0.0384271,0.0989565,0.0384377,0.0384278,0.0384415,0.0385727
0.0393339,0.0387048,0.104256,0.0388232,0.0389894,0.0387046,0.0387048,0.0387045,0.0387288,0.0387051,0.0387253,0.0387045,0.039472,0.0388533,0.0387046,0.0387057,0.0387087,0.0387311,0.039549,0.0387102,0.0387139,0.0387046,0.0413574,0.0387046
0.041346,0.0389621,0.0389625,0.0389879,0.0389621,0.0389646,0.039004,0.0389621,0.0389623,0.0392639,0.0389628,0.0389721,0.0389624,0.0389626,0.0389623,0.0514612,0.0389711,0.0390298,0.0389622,0.0389627,0.0389778,0.0860559,0.041184,0.0391955
0.0388359,0.0388358,0.0388361,0.038848,0.0388359,0.0388489,0.0388359,0.039318,0.0388358,0.0390458,0.0388376,0.0388367,0.0388449,0.0388358,0.0389058,0.0388397,0.0388459,0.038872,0.0392271,0.0388365,0.0388474,0.105456,0.0388366,0.0389018
0.0383258,0.0383256,0.0383606,0.0383255,0.0525322,0.0386866,0.103587,0.0383256,0.0383272,0.0383275,0.0383288,0.0383257,0.0384918,0.0383255,0.0383282,0.0383808,0.0383332,0.0383777,0.0383435,0.0383258,0.0383303,0.0383336,0.0383256,0.0383256
0.0388669,0.0388653,0.0389287,0.0388629,0.0389784,0.0388628,0.0389423,0.0388628,0.105635,0.0388651,0.0388628,0.0388638,0.0388773,0.0388629,0.0389172,0.0389307,0.0388651,0.0388672,0.0388629,0.0388628,0.0388767,0.0388628,0.0389553,0.0388628
0.0384406,0.0383616,0.0383728,0.038497,0.0383687,0.0383614,0.0385044,0.0383615,0.0383625,0.0383614,0.0383712,0.0383614,0.103966,0.0383614,0.0383616,0.0383614,0.0383639,0.038381,0.0514127,0.0383614,0.038368,0.0383668,0.0386098,0.0383615
0.0375876,0.0375976,0.0375891,0.0376175,0.0375876,0.0378585,0.0375875,0.0375957,0.0375875,0.0375887,0.0376015,0.0463349,0.0375875,0.0390137,0.0375879,0.0376099,0.0375933,0.0376027,0.0375876,0.0612047,0.037617,0.0377979,0.0375876,0.101077
0.038447,0.0392171,0.0385832,0.0396322,0.0384484,0.0384482,0.038447,0.0385741,0.0384471,0.0384508,0.0389033,0.0384541,0.038447,0.103495,0.038447,0.0384494,0.0384648,0.0384575,0.038448,0.0436059,0.038457,0.038447,0.0384523,0.0427766
0.0384553,0.0384533,0.0491205,0.0392441,0.0384719,0.038453,0.0384527,0.0384526,0.0384525,0.0384527,0.0385509,0.0384525,0.0386568,0.0384525,0.0384549,0.0384525,0.0384595,0.0384627,0.103734,0.0384526,0.038457,0.0384598,0.0384935,0.0384525
0.0362433,0.03622,0.0467037,0.0362427,0.0368133,0.0362182,0.0362779,0.0362182,0.036221,0.0362182,0.0362206,0.0362182,0.0959464,0.0362182,0.0362194,0.0362182,0.0362199,0.0362254,0.0960334,0.0362182,0.0362266,0.0362183,0.036223,0.0362182
0.0410728,0.0408619,0.0408793,0.0419241,0.0408619,0.0408619,0.0409614,0.0408646,0.0408619,0.0409351,0.0408637,0.0408619,0.0410477,0.0408619,0.0408873,0.040862,0.0408676,0.0408996,0.0458674,0.0408619,0.0408657,0.0419568,0.0523494,0.0408619
0.0413466,0.0413471,0.0413468,0.0413468,0.0415368,0.0413832,0.0418343,0.0448578,0.0413467,0.0413466,0.0432556,0.0413676,0.0414407,0.0413466,0.0414323,0.0413467,0.0413532,0.0413623,0.0426415,0.0413469,0.0413512,0.041366,0.0413466,0.0413501
0.0387694,0.0391735,0.0387695,0.0387704,0.0387911,0.0388464,0.0387701,0.0391261,0.0387711,0.0387695,0.0387725,0.0387786,0.0387702,0.0387744,0.0387694,0.0392914,0.0387828,0.0387833,0.0387697,0.105291,0.0387836,0.0387697,0.0387694,0.0403372
0.0389028,0.0388181,0.0388183,0.0388191,0.0388181,0.0388184,0.0388229,0.0388184,0.0388187,0.0391172,0.0388182,0.0388453,0.0388318,0.0388181,0.0388636,0.0391391,0.0388237,0.0388916,0.0388191,0.0388182,0.0388301,0.105424,0.0396841,0.0388217
0.0383652,0.0383635,0.0383631,0.0385507,0.0383629,0.0384147,0.0383672,0.0387223,0.0383629,0.104178,0.0383629,0.0383632,0.0383629,0.0383677,0.0383766,0.0397807,0.0383703,0.0384095,0.0383629,0.0383629,0.0383903,0.0454397,0.038367,0.0426329
0.0416276,0.0415992,0.0417183,0.0416026,0.0415991,0.0416005,0.0416169,0.0415989,0.0422592,0.0416124,0.0415989,0.0416014,0.0415994,0.0415989,0.0416583,0.0417764,0.0416024,0.0416104,0.0415989,0.0415999,0.0416135,0.041742,0.0419658,0.0415989
0.0383786,0.0383787,0.0383786,0.0383786,0.0383814,0.0387035,0.038379,0.038607,0.0384123,0.0383786,0.0423165,0.104098,0.0383795,0.0383786,0.0467151,0.0383787,0.0383806,0.0383902,0.0383787,0.038385,0.0383889,0.0386029,0.0383786,0.0384525
0.0419235,0.0388137,0.0388221,0.0390134,0.0388141,0.0388137,0.0388137,0.0388137,0.0388335,0.0388138,0.039505,0.0388148,0.0388723,0.0388495,0.0388139,0.0389035,0.0388181,0.0388387,0.0388175,0.0388363,0.0388194,0.0388447,0.102961,0.0388301
0.0969864,0.0361318,0.0361481,0.0451045,0.0361318,0.0361317,0.0361327,0.0361317,0.0362263,0.0361379,0.0361341,0.0361317,0.0367922,0.0361339,0.0361329,0.0362646,0.0361336,0.0361543,0.036133,0.0361318,0.0361401,0.0361498,0.0981728,0.0361326
0.039114,0.0391133,0.0391182,0.0391145,0.0391303,0.039114,0.0391134,0.0391138,0.0391132,0.0391132,0.040804,0.0391355,0.0978929,0.0391132,0.0391174,0.0391132,0.0391144,0.0391284,0.0395895,0.0391155,0.0391226,0.0393388,0.0391279,0.0391287
0.0387333,0.0387387,0.0387335,0.0387337,0.0387498,0.0390343,0.0387349,0.105252,0.0387334,0.0388517,0.0412308,0.0387341,0.0387334,0.0387341,0.0387382,0.0387334,0.0387813,0.038747,0.0395911,0.0387408,0.0387358,0.0387376,0.0387333,0.0387334
0.042873,0.0406653,0.0406657,0.0421988,0.0406651,0.0406651,0.0406651,0.0406652,0.0406659,0.0407397,0.0407457,0.0406684,0.0406653,0.0407822,0.040666,0.0410684,0.0406707,0.0406929,0.0406654,0.0406842,0.0406833,0.04106,0.057064,0.0434145
0.0379994,0.0380037,0.0587848,0.0379994,0.102133,0.0388069,0.0380479,0.0379996,0.0389615,0.0379994,0.0380162,0.0380003,0.038,0.0379994,0.038,0.038001,0.0380067,0.0380112,0.0381171,0.0391014,0.0380129,0.0379994,0.0379994,0.0379994
0.0390456,0.0390995,0.0390516,0.0390472,0.0390466,0.101414,0.0391754,0.0391317,0.039048,0.0390937,0.0390456,0.0391429,0.0390456,0.0390459,0.0390477,0.0390875,0.0390598,0.0390519,0.0390458,0.0390468,0.0390876,0.0390477,0.0390456,0.0390462
0.0384511,0.03853,0.0384526,0.0384512,0.0384528,0.104276,0.0407238,0.038543,0.0384524,0.0384749,0.0384511,0.0469872,0.0384511,0.038452,0.0384587,0.0386613,0.0384744,0.0384627,0.0384511,0.0384517,0.0384761,0.0385072,0.0384511,0.0384564
0.0385449,0.0422518,0.0385453,0.0385672,0.0385452,0.104518,0.0385497,0.0436521,0.0385449,0.0385472,0.0385449,0.0385617,0.038545,0.0385449,0.0385471,0.0385465,0.0385688,0.0385491,0.0385492,0.0385452,0.0385804,0.0385614,0.0385449,0.0385453
0.0414899,0.0414996,0.04149,0.0417247,0.0414898,0.04154,0.0414898,0.0415103,0.0414898,0.0419516,0.04149,0.04149,0.0414898,0.0414907,0.0414905,0.042425,0.041506,0.0415095,0.0414899,0.0419949,0.0415085,0.0424925,0.0414953,0.0424521
0.0388608,0.0388582,0.0388584,0.0388637,0.0388583,0.0388603,0.0388757,0.0388578,0.0394701,0.0388739,0.0388579,0.0388614,0.0388578,0.0388683,0.0388581,0.105201,0.038875,0.0388841,0.0388578,0.0389964,0.0388705,0.0388693,0.0390433,0.0388621
0.0399703,0.0402215,0.0585882,0.0399704,0.0534826,0.0401784,0.0401691,0.0399712,0.039985,0.0399703,0.0399962,0.0399708,0.0404864,0.0399705,0.0399703,0.0399703,0.0399749,0.0399917,0.0467491,0.040512,0.0399896,0.0399703,0.0399703,0.0399704
0.0378398,0.037839,0.0378385,0.0378384,0.0378596,0.0378384,0.0495525,0.0378384,0.101538,0.0378387,0.0378384,0.03784,0.0425736,0.0378384,0.0378408,0.0492605,0.0378394,0.0378516,0.0378384,0.037848,0.0378591,0.0378391,0.0380729,0.0378385
0.0387417,0.0391152,0.0395682,0.0387425,0.0387454,0.105288,0.0397674,0.0387721,0.0387424,0.038942,0.0387417,0.0387444,0.0387417,0.0387419,0.0387418,0.0395728,0.0387771,0.0387508,0.0387417,0.0389872,0.038789,0.0387617,0.0387417,0.038742
0.0383043,0.0391337,0.0405524,0.103956,0.0382662,0.038267,0.0382662,0.0382662,0.0382662,0.0382789,0.0382662,0.0382662,0.0382662,0.0508519,0.0382662,0.0382678,0.0382778,0.0382702,0.0382749,0.0382739,0.0383106,0.0382664,0.03829,0.0382942
0.0414897,0.0414313,0.0414346,0.0414468,0.0414315,0.0414311,0.0414459,0.0414311,0.0420131,0.0417767,0.0414312,0.0414312,0.0414316,0.0414311,0.0428691,0.0414354,0.0414349,0.0414375,0.0414348,0.0414311,0.0414366,0.0414992,0.0445335,0.0414311
0.0412509,0.0412502,0.0412492,0.0413621,0.0412496,0.0412492,0.04125,0.0413128,0.0412624,0.0413023,0.0413572,0.0412499,0.0412493,0.0412498,0.0493996,0.0412533,0.0412523,0.0412534,0.0412499,0.0412492,0.0412524,0.0412506,0.0427447,0.0412494
0.0382307,0.0382309,0.0382308,0.0382314,0.0382344,0.0382316,0.0382307,0.0383068,0.0382309,0.0382316,0.0401474,0.0452885,0.0382308,0.0403377,0.0382326,0.0382421,0.0382349,0.0382556,0.0382307,0.0482988,0.0382395,0.0383016,0.0382314,0.0993387
0.0374715,0.0405,0.0383536,0.0630532,0.0374691,0.0374921,0.0374691,0.0374704,0.0374692,0.037472,0.0374704,0.0375287,0.0374691,0.101173,0.0374693,0.0374702,0.0374777,0.037474,0.0374691,0.0378265,0.0374992,0.0374695,0.0374852,0.0444985
0.0389889,0.038989,0.038989,0.038989,0.0391196,0.0389961,0.039013,0.0432361,0.0389891,0.0389889,0.0493523,0.0389908,0.0409007,0.0389889,0.0391139,0.0389889,0.0389927,0.0389976,0.0864224,0.038989,0.0389923,0.0389941,0.0389889,0.0389889
0.0406931,0.039732,0.0397327,0.0402307,0.0397318,0.0397318,0.0397318,0.0397319,0.0397324,0.0397372,0.040061,0.0397344,0.0397325,0.039838,0.039732,0.0399109,0.0397359,0.0397637,0.0397322,0.0399662,0.0397468,0.0401192,0.0740868,0.0490549
0.0384471,0.102208,0.0384526,0.0507968,0.0384466,0.0385024,0.0384492,0.0384466,0.0384477,0.0385376,0.0384465,0.0384469,0.0384465,0.039098,0.0384465,0.0386567,0.0384622,0.038453,0.0384465,0.038469,0.0384999,0.0384466,0.0384468,0.0384999
