0.0386937,0.0386938,0.0386937,0.0386937,0.0386938,0.038694,0.0386937,0.0388206,0.0388592,0.0389165,0.0454856,0.0410874,0.0386937,0.0386938,0.100291,0.0386937,0.0387161,0.0386963,0.0386938,0.0386937,0.0387128,0.0387013,0.038694,0.0386938
0.0388732,0.0387905,0.038859,0.0387905,0.0387907,0.0387905,0.0387905,0.0387905,0.0387922,0.0387912,0.0388022,0.0387905,0.0408553,0.0387905,0.039085,0.0387933,0.0387906,0.0387917,0.0387934,0.0387905,0.102811,0.0401866,0.0398697,0.0387905
0.0352139,0.0353432,0.0362827,0.0545935,0.0352138,0.0352165,0.0352138,0.0352141,0.0352138,0.0352139,0.0352161,0.0352157,0.0352138,0.0954431,0.0352138,0.035233,0.0352138,0.0355868,0.035214,0.0864758,0.0352138,0.0352138,0.0352138,0.0576134
0.0413812,0.0413666,0.0413665,0.0413666,0.0413671,0.0413665,0.0415343,0.0413665,0.0467733,0.0413712,0.0413667,0.0413669,0.0413761,0.0413665,0.041388,0.0414493,0.0413796,0.0413667,0.041367,0.0413666,0.0413767,0.0413678,0.0428359,0.0413665
0.0385568,0.0383811,0.0383884,0.0383811,0.0383801,0.0383803,0.0503478,0.0383801,0.0389369,0.0383801,0.0383801,0.0383801,0.0383801,0.0383807,0.0383801,0.104285,0.0383801,0.0383902,0.0383801,0.0385337,0.0383828,0.0383863,0.0383873,0.0384604
0.0385265,0.0379503,0.0380566,0.0566533,0.0379502,0.0379502,0.0379505,0.0379507,0.0379502,0.0379519,0.0382986,0.0379502,0.0379502,0.038009,0.0379502,0.0380169,0.0379505,0.103028,0.0379555,0.039088,0.0379502,0.0379646,0.0410341,0.0379632
0.0381036,0.0380965,0.0385815,0.0380965,0.0390275,0.0380965,0.038098,0.0380965,0.0383166,0.0380965,0.0387318,0.0380965,0.103169,0.0380965,0.0381521,0.0380965,0.0380976,0.0380965,0.0387512,0.0380965,0.0553311,0.0380976,0.0384811,0.0380965
0.0387643,0.0387644,0.0391507,0.0387643,0.0389299,0.0387643,0.0387644,0.0387669,0.0387657,0.0387652,0.105257,0.0387663,0.0387681,0.0387643,0.041343,0.0387643,0.0387645,0.0387668,0.0387758,0.0387643,0.0387716,0.0387643,0.0387646,0.0387643
0.0372497,0.0373444,0.0372497,0.0372513,0.0372496,0.0372672,0.0372496,0.0373015,0.0372499,0.0372634,0.0385876,0.0887834,0.0372496,0.0457823,0.0372516,0.0372498,0.0372496,0.0373925,0.0372496,0.0374415,0.0372497,0.0372527,0.0372497,0.081334
0.0379233,0.0379233,0.0379394,0.0379248,0.0379236,0.0379233,0.0379324,0.0379714,0.0379233,0.0379233,0.0380083,0.0379233,0.0401601,0.0379233,0.037944,0.0379233,0.060285,0.0379252,0.102721,0.0379233,0.0379234,0.0381081,0.0380005,0.0379233
0.0389185,0.0389187,0.0389337,0.0389182,0.0389487,0.0389568,0.0410633,0.0389181,0.0389499,0.0389181,0.0389181,0.0389182,0.0389196,0.0389182,0.0389181,0.101793,0.0389181,0.03892,0.0389187,0.0397265,0.0389182,0.0389324,0.0389182,0.0389186
0.0387561,0.0385492,0.038979,0.0385492,0.0385494,0.0385492,0.0385493,0.0385492,0.0385499,0.0385493,0.0385662,0.0385493,0.044938,0.0385492,0.0385562,0.0385515,0.0385493,0.038551,0.0385721,0.0385493,0.102942,0.039885,0.0405615,0.0385492
0.0387656,0.0388109,0.0387683,0.0387842,0.0387669,0.0387654,0.104875,0.0388075,0.0387655,0.0391943,0.0387676,0.0387654,0.03877,0.0387654,0.0387675,0.0387654,0.0417255,0.0387654,0.0387678,0.0387654,0.0387655,0.0387655,0.0387744,0.0387654
0.0844838,0.0351298,0.0354783,0.0351324,0.0351297,0.0351297,0.0351636,0.0351297,0.0351333,0.035183,0.0351531,0.0351298,0.0351321,0.0351299,0.0351298,0.0351341,0.0351302,0.0352018,0.0351297,0.0351298,0.0824139,0.0351319,0.0948303,0.0351302
0.0384857,0.0450361,0.0384857,0.0384992,0.0384863,0.0419181,0.0385118,0.104478,0.0384857,0.0385905,0.0384911,0.0386493,0.0384857,0.0384858,0.0384984,0.0384857,0.0385225,0.038486,0.0384877,0.038486,0.0384857,0.0384879,0.0384857,0.0384858
0.040987,0.0380659,0.0398054,0.0380659,0.0380659,0.0380659,0.038066,0.0380659,0.0380679,0.0380686,0.0384434,0.0380659,0.0382162,0.0380659,0.0380709,0.0380668,0.0380659,0.0380729,0.038066,0.0380659,0.103052,0.0381096,0.0542479,0.038066
0.0363661,0.0363654,0.0364101,0.0363665,0.0363662,0.0363654,0.0363715,0.0363683,0.0363654,0.0363655,0.0363811,0.0363654,0.0755482,0.0363654,0.0363696,0.0363654,0.0600511,0.0363666,0.0987766,0.0363654,0.0363656,0.0378399,0.0367639,0.0363654
0.0374828,0.0374857,0.0499035,0.0374828,0.0612018,0.0374854,0.100784,0.0374828,0.0380583,0.0374828,0.0374835,0.0374828,0.0377841,0.0374828,0.0374829,0.0375658,0.037483,0.0374828,0.037484,0.0374829,0.037487,0.0374828,0.0374828,0.0374828
0.0386156,0.0386167,0.0386156,0.0394294,0.0386156,0.0386244,0.038616,0.104793,0.0386156,0.0405767,0.0386182,0.0386157,0.0386156,0.0386157,0.0386207,0.0386156,0.0388904,0.0386208,0.042344,0.0386156,0.0386156,0.0388617,0.0386156,0.0386156
0.0384873,0.0384871,0.0384872,0.0384876,0.0384871,0.0384871,0.0387183,0.0385156,0.0384875,0.0385274,0.0385801,0.0384871,0.0385587,0.0384871,0.0472757,0.0384871,0.104065,0.0384875,0.0386496,0.0384871,0.0384931,0.0384922,0.03979,0.0384871
0.0904126,0.0367602,0.0368873,0.0368891,0.0367602,0.0367602,0.0371699,0.0367602,0.0367605,0.0367795,0.0368128,0.0367602,0.0367705,0.0367602,0.0367602,0.0367699,0.0367621,0.0374745,0.0367605,0.0367602,0.0367667,0.0367609,0.0993817,0.0367602
0.038109,0.0381093,0.0381137,0.038109,0.0527661,0.0381139,0.0381573,0.038109,0.102753,0.038109,0.0381131,0.0385144,0.0381443,0.038109,0.0435187,0.0381109,0.03811,0.038109,0.0381091,0.0381093,0.0382752,0.038109,0.0381091,0.038109
0.0380657,0.0370591,0.037167,0.0371935,0.0370591,0.0370591,0.0370686,0.0370593,0.0370591,0.0370604,0.0372256,0.0370591,0.0373942,0.0370591,0.0370591,0.0370596,0.0385072,0.0381128,0.0909721,0.0370591,0.0370591,0.0371525,0.0893706,0.0370591
0.0384501,0.0384496,0.0384602,0.0384496,0.0410391,0.0384496,0.0384695,0.0384496,0.0384574,0.0384496,0.0384577,0.0384496,0.104366,0.0384496,0.0386559,0.0384498,0.0389126,0.0384496,0.0462771,0.0384496,0.0385232,0.0385018,0.0384835,0.0384496
0.0390875,0.0390899,0.0390875,0.0390875,0.0390875,0.0392275,0.0390876,0.0390881,0.0390935,0.039096,0.0390909,0.0983788,0.0390875,0.0391254,0.0394636,0.0390913,0.0390875,0.0390881,0.0390875,0.0390934,0.0392897,0.0393083,0.0390875,0.0406879
0.0373681,0.0372673,0.0372662,0.0791681,0.0372614,0.0372614,0.0372692,0.0373931,0.0372614,0.100237,0.0372644,0.0372614,0.0372614,0.0372646,0.0372614,0.0372614,0.0372623,0.0373076,0.0372687,0.0372614,0.0372614,0.0373817,0.037667,0.037262
0.0367211,0.0367264,0.0369907,0.0367211,0.0876357,0.0424934,0.0967919,0.0367211,0.0381113,0.0367211,0.0367211,0.0367212,0.0367752,0.0367211,0.0367214,0.0369299,0.0367212,0.0367211,0.036724,0.0367221,0.0367248,0.0367212,0.0367211,0.0367211
0.0382681,0.0382507,0.0382666,0.0505507,0.0382406,0.0382406,0.103829,0.0382428,0.0382406,0.0392349,0.0382408,0.0382406,0.0382416,0.0382406,0.0382407,0.0382407,0.0403764,0.0382408,0.0382431,0.0382406,0.0382408,0.0382408,0.0393675,0.0382406
0.0387299,0.100364,0.0387299,0.0387305,0.0387303,0.0467156,0.038753,0.0388036,0.0387299,0.0387651,0.03873,0.0389713,0.0387299,0.038732,0.0387306,0.0387336,0.0387299,0.0387305,0.0387299,0.0387327,0.0387299,0.0387355,0.0387299,0.0392028
0.0932529,0.0365018,0.0365042,0.0367383,0.0365018,0.0365018,0.0365019,0.0365018,0.0365019,0.0405957,0.0366103,0.036502,0.0365018,0.0365051,0.036502,0.0365019,0.0365021,0.0367875,0.0365018,0.0365018,0.0366303,0.0365226,0.0986915,0.0366372
0.0373307,0.0373344,0.0373302,0.0373693,0.0373302,0.0373312,0.0373302,0.0373303,0.0373303,0.037342,0.0373303,0.0512086,0.0373302,0.0566916,0.0373302,0.0374086,0.0373302,0.0373702,0.0373302,0.0436548,0.037331,0.0377796,0.0373303,0.101215
0.0384336,0.0381558,0.0397971,0.0381564,0.0381558,0.0381558,0.038156,0.0381562,0.0381559,0.0383527,0.103464,0.0381558,0.0381605,0.0381558,0.0381606,0.0381558,0.0381567,0.0382291,0.0381947,0.0381558,0.0381571,0.0381558,0.0548667,0.0381558
0.0387603,0.0387603,0.0388048,0.0387607,0.0387959,0.0387603,0.0387605,0.0387691,0.0387604,0.0387603,0.0387762,0.0387603,0.0408456,0.0387603,0.0387731,0.0387603,0.0397107,0.0387604,0.105333,0.0387603,0.0387603,0.0387693,0.0387766,0.0387603
0.0387344,0.0388118,0.0387344,0.0389141,0.0387351,0.0392404,0.0387367,0.105244,0.0387344,0.0387704,0.038744,0.0387383,0.0387344,0.0387345,0.0387375,0.0387344,0.0387775,0.0387345,0.0417296,0.0387345,0.0387344,0.0387421,0.0387344,0.0387344
0.0375996,0.0376026,0.0376007,0.0376088,0.0375996,0.0396825,0.0375998,0.0375996,0.0375998,0.0375996,0.0375996,0.0376801,0.0375996,0.0377073,0.0375996,0.0659241,0.0375996,0.0376407,0.0376001,0.102003,0.0375996,0.0377022,0.0375996,0.0400527
0.0385119,0.0385119,0.0385353,0.0385119,0.0385224,0.0385119,0.038512,0.0386441,0.038512,0.0385129,0.10421,0.038512,0.0385224,0.0385119,0.0397574,0.0385119,0.0386803,0.0385265,0.046913,0.0385119,0.0385119,0.0385121,0.0385213,0.0385119
0.0372252,0.0373582,0.0381786,0.0752686,0.0372231,0.0372234,0.0372232,0.0372232,0.0372231,0.0372243,0.0372232,0.0372232,0.0372231,0.0946215,0.0372231,0.0374147,0.0372231,0.0373717,0.0372233,0.0432359,0.0372232,0.0372233,0.0372238,0.0409759
0.0377111,0.0377093,0.0377099,0.037709,0.037709,0.0377159,0.0377244,0.0377089,0.038836,0.0377089,0.0377089,0.0377157,0.0377089,0.0377103,0.0377089,0.102378,0.0377089,0.037757,0.0377089,0.0657876,0.0377113,0.0377443,0.0377091,0.0387001
0.0387982,0.0388148,0.0387982,0.0387982,0.0387989,0.0412486,0.0387982,0.0387987,0.039094,0.0387984,0.0388009,0.102502,0.0387982,0.0388243,0.0388712,0.0388797,0.0387982,0.0387988,0.0387982,0.0389226,0.0388008,0.0388179,0.0387982,0.0408431
0.0366008,0.0384537,0.0367528,0.0643518,0.0365718,0.0365719,0.0365806,0.0365719,0.0365719,0.0366146,0.0365728,0.0365719,0.0365718,0.0976111,0.0365718,0.0366355,0.0365718,0.0369312,0.0365718,0.0367395,0.0365719,0.0365719,0.0365773,0.0672877
0.0383864,0.0492083,0.0383864,0.0383864,0.0383865,0.0384523,0.0383866,0.0383866,0.0414062,0.0384061,0.0383874,0.101328,0.0383864,0.0384038,0.0387912,0.0383878,0.0383864,0.0383864,0.0383864,0.0383867,0.038486,0.0383865,0.0383864,0.0397192
0.0386612,0.0386626,0.0386612,0.0386612,0.0386659,0.0390155,0.0386612,0.0386635,0.042556,0.0386612,0.0386674,0.105013,0.0386612,0.0386612,0.0397584,0.0386621,0.0386613,0.0386612,0.0386612,0.0390338,0.0386634,0.0386625,0.0386612,0.0387026
0.0387412,0.0387384,0.0387317,0.041165,0.0387317,0.0387317,0.0387432,0.0387621,0.0387317,0.10521,0.0387318,0.0387318,0.0387317,0.0387381,0.0387349,0.0387319,0.0387323,0.0387324,0.0387318,0.0387317,0.0387318,0.04015,0.0387417,0.0387607
0.0384455,0.0384455,0.0384455,0.0384455,0.0385091,0.0384456,0.0384485,0.0385645,0.0386258,0.0384528,0.039065,0.0388974,0.038451,0.0384455,0.104433,0.0384455,0.0483087,0.0384455,0.0384486,0.0384455,0.0384472,0.0384479,0.0384456,0.0384455
0.0385001,0.0384804,0.0389818,0.0384804,0.038547,0.0384804,0.0384807,0.0384804,0.0385209,0.0384806,0.103369,0.0384804,0.0457746,0.0384804,0.0385121,0.0384804,0.0384826,0.0384829,0.0395643,0.0384804,0.038488,0.0384804,0.041011,0.0384804
0.0902492,0.0348826,0.034888,0.0348826,0.0348826,0.0348826,0.0348846,0.0348826,0.0348862,0.034898,0.0348828,0.0348826,0.0349854,0.0348826,0.0348832,0.0353115,0.0348827,0.0348997,0.0348826,0.0348826,0.0817923,0.0357419,0.0939884,0.0348829
0.0384984,0.0384981,0.0384982,0.0384981,0.0385019,0.0384981,0.0385021,0.0384998,0.0387004,0.0385092,0.0461089,0.0384984,0.0411993,0.0384981,0.0471517,0.0384981,0.0948994,0.0384985,0.0385035,0.0384981,0.0385548,0.0384984,0.03889,0.0384981
0.0387645,0.0387642,0.0387761,0.0387642,0.0403051,0.0387642,0.0387731,0.0387642,0.0392994,0.0387642,0.0387943,0.0387645,0.104717,0.0387642,0.038873,0.0387644,0.0393144,0.0387642,0.0388947,0.0387642,0.0395267,0.0387651,0.0387898,0.0387642
0.038718,0.0387179,0.105202,0.0387181,0.0390605,0.0387179,0.0389535,0.0387178,0.0387196,0.0387178,0.0390031,0.0387178,0.0392811,0.0387178,0.0387178,0.0387179,0.0387189,0.0387196,0.0415625,0.038719,0.0387243,0.0387178,0.0387212,0.0387178
0.0369483,0.037503,0.0369484,0.0369488,0.0369861,0.0988313,0.0369505,0.0874016,0.0369483,0.0369498,0.0369484,0.0369546,0.0369483,0.0369484,0.0369532,0.0369484,0.0369484,0.0369484,0.0370001,0.0369488,0.0369483,0.037192,0.0369483,0.0369483
0.038114,0.038114,0.038115,0.038114,0.0418538,0.038114,0.0381186,0.0381142,0.0412442,0.038115,0.0561136,0.0381211,0.0384624,0.038114,0.0980337,0.038114,0.0381409,0.038114,0.0381143,0.038114,0.0381988,0.0381141,0.0381142,0.038114
0.0388472,0.0388437,0.0388436,0.0388437,0.0388436,0.0388438,0.0388437,0.0388437,0.0388437,0.0524479,0.0388436,0.0388899,0.0388436,0.0388441,0.0391153,0.0388689,0.0388437,0.0388442,0.0388436,0.0388437,0.0478873,0.0835501,0.0388472,0.03889
0.0369795,0.0370869,0.0369808,0.0371266,0.036979,0.0369803,0.036979,0.036979,0.036979,0.0369816,0.0369804,0.0371282,0.036979,0.08269,0.036979,0.0370341,0.036979,0.0370341,0.036979,0.0399024,0.036979,0.0369873,0.036979,0.100318
0.0391994,0.0395305,0.0393864,0.0405396,0.0391994,0.0392151,0.0391995,0.0391995,0.0391994,0.0391994,0.0391995,0.0392017,0.0391994,0.0446829,0.0391994,0.0392371,0.0391994,0.0392277,0.0391997,0.0873991,0.0391994,0.0392004,0.0391994,0.0427871
0.0386541,0.0386601,0.0386535,0.0403541,0.0386535,0.0386535,0.0386538,0.0411461,0.0386535,0.104918,0.0386536,0.0386536,0.0386535,0.0386559,0.0386633,0.0386535,0.0386565,0.0386566,0.0386536,0.0386535,0.0386535,0.0404697,0.0386549,0.038668
0.0388203,0.0388203,0.0388203,0.0388203,0.038824,0.0388256,0.0388204,0.0388322,0.0388273,0.0388322,0.0391184,0.0400852,0.0388205,0.0388203,0.105317,0.0388203,0.0388297,0.0388203,0.0388209,0.0388203,0.0389407,0.0389029,0.0388203,0.0388203
0.0370812,0.0370812,0.0370812,0.0370813,0.0370821,0.0370812,0.0372521,0.0371327,0.037089,0.0370831,0.0371199,0.0370822,0.0372167,0.0370812,0.0833271,0.0370812,0.100387,0.0370815,0.0371294,0.0370812,0.0370858,0.0370995,0.037101,0.0370812
0.0386714,0.0386739,0.0386714,0.0386854,0.0386721,0.0388638,0.0386731,0.10505,0.0386714,0.0387057,0.0388832,0.0386719,0.0386714,0.0386714,0.0386837,0.0386714,0.0389119,0.0386784,0.0434468,0.0386714,0.0386714,0.0386859,0.0386714,0.0386714
0.0384768,0.0384764,0.0386425,0.038481,0.03848,0.0384764,0.0386014,0.0384773,0.0384765,0.0384764,0.0384779,0.0384764,0.0464055,0.0384764,0.0384767,0.0384765,0.0408467,0.0384768,0.104286,0.0384765,0.0384765,0.0384962,0.0386111,0.0384764
0.0385032,0.038499,0.038499,0.038499,0.038499,0.0385001,0.0384993,0.038499,0.0386515,0.038499,0.038499,0.0385029,0.038499,0.0385,0.038499,0.104221,0.038499,0.0416551,0.038499,0.0438638,0.0385048,0.0399491,0.0385011,0.0386591
0.0383976,0.0383486,0.0383485,0.0383487,0.0383485,0.0383486,0.0383486,0.0383495,0.0383486,0.0522125,0.0383486,0.0383502,0.0383486,0.0383486,0.0388344,0.0383529,0.0383537,0.0383756,0.0383488,0.0383486,0.0387328,0.102858,0.0386496,0.0383502
0.0386925,0.0386632,0.0386632,0.0386693,0.0386632,0.0386633,0.0386635,0.0386737,0.0386632,0.0440634,0.0386632,0.0386638,0.0386633,0.0386632,0.0390545,0.0386738,0.0386798,0.0386905,0.0386658,0.0386632,0.0386636,0.104735,0.0387775,0.0386638
0.0387875,0.0387906,0.0393088,0.0387875,0.105224,0.0388252,0.038801,0.0387885,0.0398895,0.0387875,0.0388487,0.0387879,0.0392111,0.0387875,0.0387933,0.0387877,0.0387911,0.0387875,0.0392767,0.038788,0.0387875,0.0387875,0.0387875,0.0387875
0.0369483,0.0369482,0.0376372,0.0369482,0.0846413,0.0369483,0.0369649,0.0369482,0.0373128,0.0369482,0.0370272,0.0369483,0.0991169,0.0369482,0.0369504,0.0369509,0.036958,0.0369485,0.039131,0.0369486,0.0369801,0.0369486,0.0369494,0.0369482
0.0354896,0.0618305,0.0354894,0.0374186,0.0354887,0.0354912,0.0354915,0.0354887,0.0354887,0.0359931,0.0354888,0.0356804,0.0354887,0.0939275,0.0354887,0.0355208,0.0354887,0.0354949,0.0354887,0.03552,0.0354889,0.0354898,0.0354887,0.0962755
0.0367449,0.0366037,0.0367,0.0366037,0.0366042,0.0366037,0.0366276,0.0366037,0.0963079,0.0366037,0.0366037,0.0366038,0.0366688,0.0366037,0.0366037,0.0947562,0.0366038,0.0366055,0.0366037,0.0366572,0.0391739,0.0366039,0.0373051,0.0366039
0.0388623,0.0388468,0.0388468,0.0388472,0.0388468,0.0388477,0.0388468,0.038849,0.0388468,0.0397537,0.0388469,0.0388472,0.0388471,0.0388468,0.0389035,0.0388493,0.0388469,0.0388611,0.0388536,0.0388468,0.0388514,0.1055,0.0388512,0.0388541
0.0381456,0.0391739,0.0381537,0.103602,0.0381451,0.0381451,0.0381498,0.0401255,0.0381451,0.0533658,0.0381473,0.0381451,0.0381451,0.0387923,0.0381451,0.0381451,0.0381483,0.0382863,0.0381464,0.0381452,0.0381451,0.0381464,0.0381531,0.038158
0.0388034,0.0386918,0.0386638,0.0430371,0.0386622,0.0386622,0.0386908,0.0387068,0.0386622,0.104933,0.0386648,0.0386622,0.0386622,0.0386699,0.0386628,0.0386622,0.0386633,0.0386657,0.0386626,0.0386622,0.0386622,0.0386649,0.0398598,0.0386623
0.0383639,0.0383633,0.0383636,0.0383633,0.039859,0.0383633,0.0409829,0.0383633,0.103858,0.0383633,0.0383633,0.0383642,0.0454533,0.0383633,0.0384113,0.0408024,0.0384161,0.0383633,0.0383636,0.0383635,0.0383828,0.0383633,0.038382,0.0383633
0.0388085,0.0388073,0.105432,0.0388082,0.0389082,0.0388072,0.0389584,0.0388072,0.0388142,0.0388072,0.0402441,0.0388072,0.0389013,0.0388072,0.0388072,0.0388073,0.0388073,0.0388087,0.039005,0.0388082,0.0388089,0.0388072,0.0388151,0.0388072
0.0371949,0.100426,0.0371952,0.0371972,0.0371961,0.0799214,0.0371981,0.0372513,0.0371949,0.0371974,0.0371949,0.0375414,0.0371949,0.0372583,0.037195,0.037196,0.0371949,0.0371949,0.0371949,0.0372064,0.0371949,0.0371962,0.0371949,0.0380701
0.0383238,0.0379936,0.0379937,0.06039,0.0379932,0.0379932,0.0379943,0.0380058,0.0379932,0.0987137,0.0379933,0.0379932,0.0379932,0.0379939,0.0379932,0.0379933,0.0379975,0.0381087,0.0380022,0.0379932,0.0379932,0.0407339,0.0398235,0.0379936
0.0380833,0.0380834,0.040711,0.0380833,0.0992709,0.0381408,0.0380855,0.0380872,0.0380844,0.0380833,0.0397464,0.0380835,0.0390399,0.0380833,0.0380867,0.0380833,0.0380837,0.0380835,0.0575789,0.0380839,0.0380834,0.0380835,0.0380833,0.0380833
0.0369403,0.0368397,0.036839,0.0378115,0.0368388,0.0368388,0.0368388,0.0368388,0.0368389,0.0368829,0.0368423,0.0369194,0.0368388,0.0869165,0.0368388,0.0369252,0.0368388,0.0376897,0.0368388,0.0375802,0.0368391,0.0368633,0.0368649,0.0996963
0.038704,0.0387046,0.105187,0.0387041,0.0411934,0.0387044,0.0387203,0.038704,0.0387092,0.038704,0.0403777,0.038704,0.0387238,0.038704,0.038704,0.038704,0.038704,0.0387043,0.0391155,0.0387066,0.0387054,0.038704,0.038704,0.038704
0.0386457,0.0386263,0.0390152,0.0386287,0.0386265,0.0386262,0.0386287,0.0386279,0.0386265,0.0386284,0.104542,0.0386262,0.0386339,0.0386263,0.0386264,0.0386262,0.0386364,0.0392009,0.0394135,0.0386263,0.0386263,0.0386263,0.0438826,0.0386262
0.0388313,0.0387109,0.0387121,0.0387126,0.0387109,0.038711,0.0387109,0.0387111,0.0387109,0.0387166,0.0387126,0.0387109,0.038712,0.0387109,0.0387111,0.0387386,0.038711,0.0430895,0.0388981,0.0387124,0.0387218,0.104823,0.0387939,0.0387156
0.0377846,0.0485234,0.0378087,0.0379326,0.0377846,0.038171,0.0377896,0.0377849,0.0377849,0.0377846,0.0377848,0.0378826,0.0377846,0.0661336,0.0377846,0.037842,0.0377846,0.0377873,0.0377846,0.0743592,0.0377846,0.0377846,0.0377846,0.0545696
0.0384737,0.0385125,0.0386347,0.038474,0.0384827,0.0483823,0.0384764,0.0384738,0.0384787,0.0384737,0.0384739,0.0385221,0.0384737,0.0386308,0.0384737,0.0389184,0.0384737,0.0384904,0.0384766,0.104289,0.0384738,0.0384739,0.0384737,0.0384944
0.0387874,0.0387931,0.0916419,0.0387875,0.053752,0.0390668,0.0387892,0.0387875,0.0387965,0.0387874,0.0387919,0.0387914,0.0387956,0.0387874,0.0387874,0.0387875,0.0387874,0.0387874,0.0397312,0.0388133,0.0387876,0.0387874,0.0387874,0.0387875
0.0351107,0.0613426,0.0353854,0.0906935,0.0351105,0.0351129,0.0351289,0.0351109,0.0351105,0.0351141,0.0351106,0.0351106,0.0351105,0.0942234,0.0351105,0.0351467,0.0351105,0.0351524,0.0351105,0.0367244,0.0351105,0.0351105,0.0351105,0.0495384
0.0361558,0.0361396,0.0363409,0.036139,0.0361389,0.0361398,0.0361389,0.0361388,0.0362273,0.0361389,0.0361393,0.0361419,0.0361388,0.037845,0.0361388,0.0928217,0.0361388,0.0372457,0.0361388,0.0847095,0.0361463,0.0361418,0.0361392,0.0604164
0.0388936,0.0388331,0.038831,0.0388962,0.038831,0.038831,0.038831,0.039057,0.038831,0.105437,0.0388996,0.0388312,0.038831,0.0388522,0.0388532,0.038831,0.038832,0.0389726,0.0388311,0.038831,0.0388312,0.039004,0.0394847,0.0388432
0.0349372,0.0428537,0.0350082,0.09443,0.0349366,0.0349368,0.0349381,0.0349396,0.0349366,0.0351842,0.0349367,0.034937,0.0349366,0.0944866,0.0349366,0.0349386,0.0349366,0.0350054,0.0349366,0.0350717,0.0349366,0.0349368,0.0349368,0.0689664
0.0379809,0.0379872,0.0379813,0.0380415,0.0379895,0.0379871,0.0379867,0.102864,0.0379809,0.0379818,0.0554675,0.0379822,0.0379809,0.0379809,0.0379818,0.0379809,0.0382525,0.0379963,0.0436912,0.0379814,0.0379809,0.037981,0.0379809,0.0379809
0.038525,0.0385005,0.0385033,0.0385478,0.0384993,0.0384993,0.0384993,0.0385,0.0384993,0.0385997,0.0405583,0.0385009,0.0384993,0.0389571,0.0384993,0.0385019,0.0384993,0.0958423,0.0384993,0.0385347,0.0384996,0.0389724,0.0385038,0.0539583
0.038739,0.0387277,0.0387243,0.0420958,0.0387238,0.0387238,0.0387244,0.0397069,0.0387238,0.104287,0.0387975,0.0387238,0.0387238,0.0387651,0.0387241,0.0387238,0.0387253,0.0389804,0.0387266,0.0387238,0.0387238,0.0387269,0.0390347,0.038724
0.0363767,0.036382,0.0365086,0.0977302,0.0363681,0.0363681,0.0363682,0.0363693,0.0363681,0.0364313,0.0363691,0.0363681,0.0363681,0.0956191,0.0363681,0.0363715,0.0363681,0.0384411,0.0363685,0.037063,0.0363681,0.0363688,0.0363807,0.039907
0.0366694,0.0367243,0.037124,0.0996112,0.0366631,0.0366631,0.0366643,0.0366673,0.0366631,0.0367636,0.0366633,0.0366631,0.0366631,0.0916359,0.0366631,0.0366665,0.0366631,0.037508,0.0366652,0.0368519,0.0366631,0.0366637,0.0366795,0.037137
0.036406,0.0369894,0.0364191,0.0371054,0.0364044,0.0364046,0.0364045,0.0364045,0.0364051,0.0364098,0.0364159,0.0364907,0.0364044,0.0986061,0.0364044,0.0364165,0.0364044,0.0365023,0.0364044,0.039061,0.036405,0.0364045,0.0364049,0.0963227
0.0370078,0.0370075,0.0370082,0.0370075,0.0370644,0.0370075,0.0370086,0.0370089,0.037009,0.0370076,0.0387184,0.0370076,0.0906439,0.0370075,0.0374101,0.0370075,0.0423286,0.0370077,0.0872748,0.0370075,0.0370267,0.0370281,0.0373869,0.0370075
0.0389411,0.0389411,0.0389409,0.0390394,0.0389408,0.0389409,0.104187,0.0389412,0.0389408,0.0389449,0.0389408,0.0389408,0.0389408,0.0389408,0.0389408,0.0389687,0.0389545,0.0389408,0.0389448,0.0389408,0.0389408,0.0389631,0.0389438,0.0389408
0.0388752,0.0443095,0.0388752,0.0388752,0.0388776,0.0941339,0.0397855,0.0388757,0.0388858,0.0388754,0.0388752,0.0433419,0.0388752,0.0388754,0.0388805,0.0396227,0.0388752,0.0388752,0.0388752,0.0388814,0.038878,0.0389145,0.0388752,0.0389851
0.0388789,0.0386434,0.0386286,0.0386368,0.0386045,0.0386045,0.10445,0.0386045,0.038617,0.0386121,0.038607,0.0386045,0.0386559,0.0386045,0.0386045,0.0386051,0.0386197,0.0386046,0.0386045,0.0386045,0.0388286,0.0386045,0.0455671,0.0386046
0.0388476,0.0392033,0.0388476,0.0388476,0.0388476,0.0406687,0.0388477,0.0389203,0.0388511,0.0391612,0.038848,0.10088,0.0388476,0.0389193,0.0392071,0.0388488,0.0388476,0.0388476,0.0388476,0.0388488,0.0388518,0.0389493,0.0388476,0.0413665
0.0394424,0.0406581,0.0394428,0.0394734,0.0394424,0.047958,0.0394436,0.0394877,0.0394424,0.0394424,0.0394425,0.0419725,0.0394424,0.0425383,0.0394424,0.0394457,0.0394424,0.0394432,0.0394425,0.0690239,0.0394424,0.0394463,0.0394424,0.0477996
0.0390936,0.0391039,0.0390954,0.0390937,0.0396346,0.0466712,0.0925816,0.0391015,0.0390941,0.0390936,0.0390936,0.0391005,0.0390939,0.0390936,0.0390936,0.0390988,0.0390938,0.0390936,0.0391759,0.039124,0.0390936,0.0390948,0.0390936,0.0390936
0.0386098,0.0386151,0.0386225,0.0386118,0.0386099,0.0390062,0.0386098,0.0386098,0.0386186,0.0386098,0.0386099,0.039107,0.0386098,0.0403305,0.0386098,0.0402116,0.0386098,0.038646,0.0386102,0.104806,0.0386098,0.0386107,0.0386098,0.0414957
0.0410911,0.0386296,0.0386298,0.0386298,0.0386296,0.0386296,0.0386297,0.0386297,0.0386324,0.0396433,0.0399137,0.0386296,0.0386466,0.0386296,0.0388113,0.0386297,0.0402578,0.0387925,0.0386328,0.0386296,0.0391866,0.0386489,0.104187,0.0386296
0.038413,0.0384138,0.038413,0.0384132,0.0384144,0.038413,0.0476111,0.0385202,0.0384181,0.0384856,0.0384608,0.0384132,0.038446,0.038413,0.0424471,0.038413,0.102987,0.038413,0.0384145,0.038413,0.0384183,0.0384133,0.0384189,0.038413
0.0387148,0.105195,0.0387155,0.0387254,0.0387155,0.0419823,0.0387484,0.0387502,0.0387149,0.0387335,0.0387149,0.0387547,0.0387148,0.0389982,0.0387148,0.0387152,0.0387148,0.0387148,0.0387148,0.0387186,0.0387148,0.0387148,0.0387148,0.0393845
0.0377478,0.0377412,0.0377412,0.03775,0.0377412,0.0377414,0.037743,0.0377412,0.0377486,0.0377412,0.0377412,0.0377416,0.0377412,0.037746,0.0377412,0.101761,0.0377413,0.0436957,0.0377413,0.0605246,0.0377419,0.0390957,0.0377513,0.0377993
0.0388616,0.0388614,0.0388615,0.0388615,0.0388614,0.0388799,0.0388614,0.038862,0.0388614,0.0388618,0.0388617,0.038875,0.0388614,0.0388616,0.0388618,0.0388984,0.0388614,0.0392649,0.0389857,0.0390762,0.0388677,0.105261,0.0388615,0.0389681
0.0387652,0.0392747,0.0387648,0.0391603,0.0387647,0.0387647,0.0387829,0.0408876,0.0387647,0.105217,0.0387694,0.0387648,0.0387647,0.0388897,0.0387675,0.0387647,0.038766,0.0387723,0.0387647,0.0387647,0.0387648,0.0387666,0.0387669,0.0387661
0.0388246,0.0388227,0.0388227,0.0388341,0.0388227,0.0388278,0.038823,0.0388397,0.0388227,0.0404133,0.0388227,0.0388249,0.0388227,0.0388227,0.0388238,0.0388306,0.0388228,0.0388497,0.0388263,0.0388227,0.0388231,0.105378,0.0388234,0.0388537
0.0392603,0.0386531,0.0386534,0.0386533,0.0386531,0.0386531,0.0386578,0.0386536,0.0386534,0.0401855,0.0398343,0.0386532,0.0386794,0.0386531,0.0395552,0.0386531,0.0436675,0.0386664,0.0386581,0.0386531,0.0391975,0.0386846,0.101114,0.0386531
0.0381682,0.0381679,0.0381679,0.038168,0.0381679,0.0381679,0.0397984,0.0381758,0.0381682,0.0381966,0.0381681,0.038168,0.0385676,0.0381679,0.0535232,0.0381679,0.102515,0.038168,0.0385607,0.0381679,0.0381702,0.039635,0.0385056,0.0381679
0.0404399,0.0404376,0.0404687,0.0404376,0.0404384,0.0404376,0.0404377,0.0404376,0.0404692,0.0404376,0.0460112,0.0404396,0.0607565,0.0404376,0.0404544,0.0404377,0.0405052,0.0404385,0.0411664,0.040438,0.0423606,0.0404398,0.0412347,0.0404376
0.0386347,0.038635,0.0386347,0.0386347,0.0386414,0.0389397,0.0386347,0.0386398,0.0393441,0.0386347,0.0386352,0.103501,0.0386347,0.0386347,0.0454637,0.0386367,0.0386387,0.0386347,0.0386347,0.0386468,0.0386351,0.0386595,0.0386347,0.0386366
0.0382911,0.0391665,0.0382911,0.0382911,0.0382912,0.0387398,0.0382911,0.0382915,0.0386387,0.0382913,0.0382998,0.10394,0.0382911,0.0383912,0.038305,0.0382918,0.0382911,0.0382911,0.0382911,0.0384603,0.0383095,0.0382915,0.0382911,0.0516719
0.0400891,0.0387234,0.0391031,0.0387234,0.0387234,0.0387234,0.0387235,0.0387234,0.0387506,0.0387241,0.0387316,0.0387235,0.0388813,0.0387234,0.0387493,0.0387598,0.0387234,0.0387257,0.0387234,0.0387234,0.10519,0.0389986,0.0406157,0.0387238
0.0375436,0.0605584,0.0375532,0.101987,0.0375435,0.0375436,0.0375937,0.0377553,0.0375435,0.0380612,0.0375436,0.0375436,0.0375435,0.0479517,0.0375435,0.0375438,0.0375436,0.0376132,0.0375436,0.0375518,0.0375435,0.0375437,0.0375439,0.037764
0.0388037,0.0387776,0.0387773,0.0419936,0.0387773,0.0387773,0.0387775,0.0388497,0.0387773,0.0393615,0.0389491,0.0387775,0.0387773,0.0387807,0.0387773,0.0387787,0.0387803,0.103255,0.0387775,0.0387849,0.0387773,0.0394027,0.038837,0.0388725
0.0353209,0.0572035,0.0353748,0.0356326,0.0353208,0.0353596,0.035321,0.0353209,0.0353209,0.0353223,0.035322,0.0353386,0.0353208,0.0949317,0.0353208,0.0354179,0.0353208,0.0353686,0.0353208,0.0474198,0.0353208,0.0353209,0.0353208,0.0934581
0.0383917,0.0383917,0.0383925,0.0383918,0.0384293,0.0383917,0.0385725,0.0383969,0.0384061,0.0383918,0.038411,0.0383918,0.0438238,0.0383917,0.0389653,0.0383917,0.103882,0.0383918,0.0452036,0.0383917,0.0383922,0.0383936,0.0384218,0.0383917
0.0387661,0.0404797,0.0387674,0.0387661,0.038944,0.105338,0.0391554,0.0387673,0.0387683,0.0387661,0.0387661,0.0390765,0.0387661,0.0387662,0.0387663,0.0390214,0.0387661,0.0387661,0.0387661,0.0389407,0.0387662,0.0387786,0.0387661,0.0387688
0.0388191,0.0388368,0.1054,0.0388194,0.0401206,0.0388664,0.0388264,0.0388192,0.0388194,0.0388191,0.0390756,0.0388191,0.0388193,0.0388199,0.0388191,0.0388191,0.0388191,0.0388191,0.0389452,0.0388208,0.0388196,0.0388191,0.0388191,0.0388191
0.0371698,0.0371564,0.0371572,0.0371564,0.0371581,0.0371564,0.0376473,0.0371564,0.0925982,0.0371564,0.0371564,0.037157,0.0373946,0.0371564,0.0371564,0.0887382,0.0371566,0.0371565,0.0371571,0.0372958,0.037212,0.0371572,0.0374369,0.0371564
0.0412902,0.041277,0.0412908,0.0412772,0.0412794,0.041277,0.0413618,0.041277,0.0470459,0.041277,0.0412771,0.041277,0.0415635,0.041277,0.0412775,0.041722,0.0415493,0.041281,0.0412881,0.041278,0.0412862,0.0412773,0.0437155,0.041277
0.0358495,0.0359246,0.0358428,0.051962,0.0358412,0.0358412,0.0358412,0.0358412,0.0358412,0.0359476,0.0358433,0.0358794,0.0358412,0.0969531,0.0358412,0.035865,0.0358412,0.0364105,0.0358412,0.0365424,0.0358412,0.0358421,0.0358432,0.0968826
0.038638,0.0386438,0.0407332,0.038638,0.104601,0.0423421,0.0386381,0.0386392,0.0388748,0.038638,0.0391807,0.0386511,0.0386444,0.038638,0.0386408,0.0386383,0.038638,0.038638,0.0387396,0.0386528,0.0386381,0.038638,0.038638,0.038638
0.0364925,0.0364924,0.0365891,0.0434477,0.036492,0.0364925,0.036492,0.0364921,0.036492,0.0364921,0.0364924,0.0364938,0.036492,0.0779536,0.036492,0.0366523,0.036492,0.0388458,0.0364934,0.0937291,0.0364921,0.0365043,0.0364922,0.0524006
0.0402162,0.0381863,0.0382181,0.0381863,0.0381863,0.0381863,0.0381868,0.0381863,0.0381894,0.0381906,0.0381908,0.0381863,0.0394151,0.0381863,0.0382886,0.0381894,0.0381864,0.0381867,0.0381865,0.0381863,0.103531,0.0391622,0.0519851,0.0381863
0.0378096,0.0378098,0.0378096,0.0378096,0.0378096,0.0378318,0.0378096,0.0378099,0.0381884,0.0378096,0.0378361,0.102474,0.0378096,0.038342,0.0378253,0.0378224,0.0378096,0.0378224,0.0378096,0.0443984,0.0378675,0.0378249,0.0378096,0.0580516
0.0387869,0.0388723,0.038787,0.038787,0.0387919,0.105365,0.038868,0.0388082,0.038787,0.0387869,0.0387869,0.0389449,0.0387869,0.038787,0.038787,0.0397375,0.0387869,0.0387869,0.0387872,0.0396554,0.0387869,0.0391518,0.0387869,0.0387873
0.0388178,0.0393701,0.0388181,0.0388178,0.0389048,0.104956,0.0393866,0.0388283,0.0388182,0.0388178,0.0388178,0.0388314,0.0388178,0.0388178,0.0388196,0.0396587,0.0388178,0.0388178,0.0388178,0.0388255,0.0388178,0.0389691,0.0388178,0.0388179
0.0401589,0.0380237,0.038023,0.0430375,0.0380229,0.0380229,0.038023,0.0380342,0.0380229,0.102953,0.0380674,0.038023,0.0380229,0.0380335,0.0380244,0.0380229,0.0380241,0.0383859,0.038023,0.0380229,0.0380231,0.038699,0.0521906,0.0381155
0.0400728,0.040056,0.0428131,0.0400561,0.0400574,0.040056,0.04006,0.040056,0.0402379,0.040056,0.0400885,0.0400561,0.0400741,0.040056,0.040056,0.0417406,0.040056,0.0472554,0.0400563,0.0667787,0.040065,0.0400561,0.0400804,0.0400595
0.0388687,0.0388262,0.105446,0.0388262,0.0388741,0.0388262,0.0388268,0.0388262,0.0388344,0.0388262,0.0389241,0.0388262,0.0396579,0.0388262,0.0388262,0.0388362,0.0388262,0.0388299,0.0389574,0.0388274,0.0391399,0.0388262,0.0388888,0.0388262
0.0413567,0.0389472,0.0389472,0.0392104,0.0389472,0.0389472,0.0389481,0.0389472,0.0389472,0.0391114,0.0389472,0.0389483,0.0389472,0.0389494,0.0389472,0.0404632,0.0389472,0.0404926,0.0389472,0.0389553,0.0389505,0.0957732,0.039709,0.0407126
0.0386371,0.0386352,0.0386353,0.0386364,0.0386352,0.0386361,0.0386352,0.0386504,0.0386352,0.0386489,0.0386354,0.0386353,0.0386407,0.0386352,0.0386467,0.038639,0.0386444,0.0388585,0.0447847,0.0386353,0.0386356,0.10495,0.0386388,0.0386353
0.0380636,0.0380678,0.0381282,0.0380637,0.059499,0.038265,0.102541,0.0380642,0.0380642,0.0380636,0.0380636,0.0380636,0.0381037,0.0380636,0.0380637,0.0380771,0.0380641,0.0380636,0.0382969,0.0380636,0.0380636,0.038065,0.0380636,0.0380636
0.0385783,0.0385782,0.038656,0.0385781,0.0408413,0.0385781,0.038711,0.0385781,0.104834,0.0385781,0.0385816,0.0385818,0.0400772,0.0385781,0.0386006,0.0387751,0.038581,0.0385781,0.0385781,0.0385795,0.0422409,0.0385781,0.0385806,0.0385781
0.0373398,0.0373349,0.0373609,0.037335,0.0373424,0.0373349,0.0374109,0.037335,0.0373352,0.037335,0.0373371,0.0373349,0.0997512,0.0373349,0.0373463,0.0373351,0.0424635,0.037335,0.0721948,0.0373349,0.0374122,0.0374722,0.0385489,0.0373349
0.0367054,0.0367106,0.0367053,0.0367074,0.0367053,0.036713,0.0367053,0.0367053,0.0367055,0.0367058,0.0367056,0.0538695,0.0367053,0.044111,0.0367053,0.0368776,0.0367053,0.0367522,0.0367053,0.0682552,0.0367058,0.036884,0.0367053,0.099244
0.0371475,0.0390604,0.0372264,0.0410583,0.0371475,0.0371492,0.0371475,0.0371551,0.0371475,0.0371497,0.0374192,0.0371577,0.0371475,0.100762,0.0371475,0.0371479,0.0371475,0.0373258,0.0371476,0.0400365,0.0371475,0.0371475,0.0371475,0.0727295
0.0381812,0.0381789,0.0566299,0.0381812,0.0381793,0.0381789,0.0381792,0.0381793,0.0381789,0.038179,0.0386675,0.0381789,0.0390743,0.0381789,0.03818,0.0381789,0.038217,0.0381894,0.101649,0.0381789,0.0381806,0.0382215,0.0384798,0.0381789
0.0367918,0.0367912,0.03886,0.0367912,0.0377316,0.0367912,0.0368657,0.0367912,0.0367916,0.0367912,0.0367958,0.0367912,0.0974622,0.0367912,0.0367961,0.0367912,0.0368006,0.0367912,0.0899888,0.0367912,0.0368005,0.0367931,0.0368193,0.0367912
0.0379904,0.0379881,0.0379898,0.0387036,0.0379881,0.0379881,0.0384197,0.0380566,0.0379881,0.0379975,0.0379888,0.0379881,0.0380168,0.0379881,0.0379903,0.0379882,0.102034,0.0380122,0.0588148,0.0379881,0.0379881,0.0383108,0.0397936,0.0379881
0.0380106,0.0380106,0.0380106,0.0380113,0.0380512,0.0380123,0.0385121,0.0555146,0.0380107,0.0380107,0.0380217,0.0380112,0.0380155,0.0380106,0.0382701,0.0380106,0.0967208,0.0380107,0.0487087,0.0380106,0.0380106,0.0380229,0.0380106,0.0380106
0.038816,0.0388241,0.0388225,0.0388162,0.0388163,0.0390566,0.038816,0.038816,0.0388287,0.038816,0.0388164,0.0396107,0.038816,0.0388942,0.038816,0.0392239,0.038816,0.0388486,0.0388166,0.105447,0.0388161,0.0388162,0.038816,0.0390186
0.0389948,0.0388318,0.0388318,0.0388318,0.0388318,0.0388318,0.0388318,0.0388318,0.0388318,0.0389274,0.0388318,0.0388339,0.0388323,0.0388318,0.0388932,0.0390457,0.0388323,0.0390718,0.0388341,0.0388321,0.0390523,0.105355,0.039342,0.0388346
0.0382695,0.038265,0.0382626,0.0393817,0.0382626,0.0382626,0.0382659,0.0385166,0.0382626,0.103764,0.0382626,0.038263,0.0382626,0.0382642,0.0382709,0.0382628,0.0382641,0.0382735,0.0382626,0.0382626,0.0382626,0.052969,0.0382742,0.0383324
0.0394545,0.038725,0.0387457,0.038725,0.038725,0.038725,0.0387358,0.038725,0.0388,0.0387263,0.0387257,0.0387252,0.0387374,0.038725,0.0387351,0.0388125,0.0387251,0.0387293,0.038725,0.0387251,0.104434,0.0387851,0.0426033,0.0387251
0.0382207,0.0382209,0.0382207,0.0382207,0.0382213,0.0382928,0.0382207,0.0382734,0.0382794,0.0382207,0.0384181,0.103692,0.0382207,0.0382207,0.0550253,0.0382207,0.0382214,0.0382207,0.0382208,0.0382265,0.0382243,0.0382418,0.0382207,0.0382355
0.0666274,0.0377602,0.0377779,0.0377869,0.0377602,0.0377602,0.0377603,0.0377602,0.0377605,0.0377667,0.0379056,0.0377602,0.0377683,0.0377606,0.0377602,0.0377614,0.0377641,0.0380563,0.0377801,0.0377605,0.0378346,0.0377771,0.102029,0.037761
0.0985122,0.036434,0.0364695,0.036492,0.036434,0.036434,0.0364359,0.036434,0.0364343,0.0364782,0.0364366,0.036434,0.0364583,0.0364341,0.0364341,0.036494,0.0364349,0.0368289,0.0364347,0.0364341,0.0366839,0.0365023,0.0989974,0.0364345
0.0397815,0.0397812,0.0397847,0.0397812,0.0397908,0.0397812,0.0397816,0.0397813,0.0397816,0.0397812,0.0399123,0.0397832,0.0794783,0.0397812,0.0403347,0.0397812,0.0401136,0.0397813,0.0435846,0.0397812,0.040267,0.0399792,0.0398145,0.0397812
0.0386287,0.0386295,0.0386287,0.0386392,0.03863,0.0386592,0.0386294,0.104906,0.0386287,0.0386436,0.040106,0.0386299,0.0386287,0.0386288,0.0386438,0.0386287,0.0396179,0.0386745,0.042671,0.038629,0.0386287,0.038632,0.0386287,0.0386287
0.0440983,0.0380766,0.0380804,0.0382715,0.0380766,0.0380766,0.0380766,0.0380767,0.0380767,0.0380867,0.03914,0.0380768,0.0380766,0.0384342,0.0380766,0.0382394,0.0380767,0.102943,0.0380767,0.0384251,0.0380778,0.0381783,0.047185,0.0419973
0.0384939,0.0384949,0.0452569,0.0384939,0.102717,0.0427861,0.038504,0.038494,0.0388728,0.0384939,0.0384961,0.0384947,0.0385008,0.0384939,0.0384942,0.038499,0.0384939,0.0384939,0.0389117,0.0385388,0.0384939,0.0384939,0.0384939,0.0384939
0.0388293,0.0404134,0.0388295,0.0388294,0.0388653,0.104551,0.0388554,0.0389227,0.0388295,0.0388293,0.0388293,0.0391937,0.0388293,0.0388296,0.0388294,0.0388396,0.0388293,0.0388293,0.0388296,0.0390808,0.0388293,0.0388339,0.0388293,0.0388322
0.0386904,0.0400817,0.0386904,0.0386904,0.038702,0.104911,0.0391605,0.0387549,0.0386908,0.0386904,0.0386904,0.041666,0.0386904,0.0386906,0.0386951,0.038804,0.0386904,0.0386904,0.0386904,0.0387041,0.0386904,0.0388484,0.0386904,0.0386966
0.0385137,0.0408315,0.0385138,0.0385139,0.0387255,0.104467,0.038528,0.0453977,0.0385137,0.0385137,0.0385137,0.0385311,0.0385137,0.0385137,0.0385149,0.0385145,0.0385137,0.0385137,0.0385217,0.0385163,0.0385137,0.0387729,0.0385137,0.0385138
0.0387816,0.0387796,0.0387795,0.0387895,0.0387794,0.0387813,0.0387794,0.0387815,0.0387794,0.0387859,0.0387801,0.0387823,0.0387794,0.0387829,0.0387795,0.0391557,0.0387794,0.0690128,0.0387797,0.039118,0.0387795,0.076534,0.03878,0.0393398
0.0388541,0.0388213,0.0388215,0.0388213,0.0388213,0.0388215,0.0391551,0.0388212,0.0399359,0.0388213,0.0388212,0.0388214,0.0388214,0.0388214,0.0388212,0.105391,0.0388212,0.0388402,0.0388212,0.0389514,0.0388337,0.0388798,0.0388321,0.0388283
0.0386622,0.0386635,0.102388,0.0386649,0.0388525,0.0386658,0.0389189,0.0386624,0.0386627,0.0386622,0.0386809,0.0386623,0.0386647,0.0386622,0.0386622,0.0386623,0.0386623,0.0386622,0.0463647,0.0388645,0.0386623,0.0386622,0.0386622,0.0386622
0.0383516,0.0383491,0.0383494,0.0383491,0.0384708,0.0383491,0.0389244,0.0383491,0.104038,0.0383491,0.0383499,0.0383667,0.0439667,0.0383491,0.0383542,0.0422903,0.0383507,0.0383492,0.0383491,0.0383529,0.0419817,0.0383491,0.0383621,0.0383492
0.038756,0.0394013,0.0387667,0.0387561,0.0389759,0.105114,0.0399815,0.0387604,0.0387563,0.0387561,0.038756,0.0387583,0.038756,0.0387561,0.0387561,0.0399947,0.038756,0.0387561,0.0387562,0.0388836,0.0387561,0.0387784,0.038756,0.0387563
0.0387011,0.038801,0.0393109,0.105149,0.0387002,0.0387002,0.0387018,0.0387175,0.0387002,0.0387459,0.0387006,0.0387002,0.0387002,0.0425699,0.0387002,0.0387003,0.0387003,0.0387145,0.0387262,0.0387099,0.0387002,0.0387004,0.0387078,0.038741
0.0387283,0.038477,0.038479,0.038477,0.038477,0.038477,0.0384812,0.038477,0.0385052,0.0385426,0.0384804,0.0384771,0.0385549,0.038477,0.041323,0.0384792,0.0384856,0.0384773,0.038477,0.038477,0.103549,0.0386228,0.0465215,0.038477
0.0389611,0.0389611,0.0389609,0.038965,0.0389609,0.0389609,0.0389644,0.0394618,0.0389626,0.0503256,0.0408038,0.0389618,0.038961,0.0389609,0.0439968,0.0389609,0.0847849,0.0389622,0.0389616,0.0389609,0.038966,0.0389615,0.0393123,0.0389609
0.0371393,0.0371402,0.0371392,0.0371396,0.0371392,0.0371396,0.0371392,0.0371393,0.0371415,0.0371406,0.0371609,0.0687798,0.0371392,0.045662,0.0371392,0.0371622,0.0371392,0.0372571,0.0371392,0.0433109,0.0371407,0.0371796,0.0371393,0.099253
0.035781,0.041474,0.0358122,0.057603,0.0357809,0.0357864,0.0357809,0.0357832,0.0357809,0.0357919,0.0357821,0.0358143,0.0357809,0.0969318,0.0357809,0.0357822,0.0357809,0.0358278,0.0357809,0.0374429,0.0357809,0.0357812,0.0357809,0.0865778
0.0369517,0.0369517,0.0369518,0.0369517,0.0369736,0.0369517,0.0369533,0.0382836,0.036952,0.0369517,0.0378135,0.0369533,0.0371195,0.0369517,0.0385258,0.0369517,0.0956602,0.0369523,0.087429,0.0369517,0.0369517,0.036963,0.0369522,0.0369517
0.0494664,0.0377075,0.0377171,0.0377841,0.0377075,0.0377075,0.0377075,0.0377075,0.0377076,0.0377147,0.0381006,0.0377076,0.0377075,0.0383363,0.0377075,0.037993,0.0377075,0.100207,0.0377076,0.0379825,0.0377127,0.0378498,0.044964,0.0493892
0.0386287,0.104208,0.0386448,0.0439591,0.0386287,0.0386515,0.0387587,0.0386293,0.0386287,0.0386431,0.0386287,0.0386292,0.0386287,0.0391975,0.0386287,0.0386369,0.0386287,0.0386288,0.0386287,0.0386441,0.0386287,0.0386288,0.0386287,0.0398528
