0.0388139,0.0388141,0.0388167,0.0388137,0.0388515,0.0393173,0.0388139,0.0388519,0.0388436,0.0388556,0.0394504,0.0388719,0.0388137,0.0389125,0.10167,0.0388164,0.0428738,0.038872,0.0388147,0.0388137,0.0388164,0.0388141,0.0388269,0.0388412
0.0388651,0.0388919,0.038832,0.038832,0.0388463,0.0388919,0.0388302,0.03883,0.0388304,0.0388333,0.0388303,0.0388302,0.0388339,0.03883,0.0388391,0.0388311,0.0388333,0.0388302,0.0404234,0.0388311,0.105079,0.0388601,0.0388356,0.03883
0.0388019,0.0388039,0.038897,0.0397394,0.0388007,0.0396414,0.0388042,0.0387986,0.0388002,0.0387982,0.0388038,0.0388072,0.0387984,0.105146,0.0387982,0.0388414,0.0387982,0.0388109,0.0387984,0.0390859,0.0387983,0.0387984,0.0388096,0.03902
0.0406833,0.0403744,0.0403741,0.040374,0.0403749,0.0403739,0.0403773,0.0403739,0.0551149,0.0403743,0.040374,0.0403967,0.0404782,0.0403791,0.0403741,0.0403833,0.0403767,0.0403741,0.0561173,0.040379,0.0403742,0.0403805,0.040444,0.040374
0.0383032,0.0381471,0.0388551,0.0381482,0.0381457,0.0381546,0.0565901,0.0381458,0.0382643,0.0383563,0.0381457,0.0381768,0.0381503,0.0381464,0.0381468,0.102689,0.0381482,0.0382124,0.0381459,0.0381939,0.038149,0.038155,0.0381457,0.0382851
0.0384912,0.0384588,0.0384596,0.047664,0.0384561,0.0384545,0.0384581,0.0384929,0.0384547,0.03847,0.0385099,0.0384645,0.0384543,0.0384544,0.0384545,0.0388998,0.0384576,0.104261,0.0384578,0.0396728,0.0384778,0.0384728,0.0386441,0.0384591
0.0388617,0.0388189,0.0396755,0.0388187,0.03882,0.0388189,0.0388195,0.0388188,0.0398737,0.0388194,0.0388233,0.0388564,0.104826,0.0388192,0.0388191,0.0388188,0.0388387,0.0388187,0.0388841,0.0388192,0.0388621,0.0390313,0.038819,0.0388191
0.0389421,0.038931,0.0389617,0.038931,0.0392278,0.0389637,0.0389373,0.0389311,0.0389328,0.0389396,0.101487,0.0389753,0.0389312,0.0389451,0.0403042,0.038931,0.0389388,0.0389355,0.0389313,0.0389312,0.0389351,0.038931,0.0401918,0.0389333
0.0387692,0.0387287,0.0387307,0.0387293,0.0387288,0.0387342,0.0387367,0.0387354,0.0387322,0.0387456,0.0404689,0.0797054,0.0387287,0.0388043,0.0387326,0.0387574,0.0387287,0.0662717,0.0387289,0.038756,0.038729,0.0387299,0.0387562,0.0387316
0.0385619,0.0385615,0.0412402,0.0386727,0.0385558,0.0385681,0.0385654,0.0385633,0.0385551,0.0385551,0.038555,0.0385753,0.0417098,0.0385577,0.0385549,0.038559,0.0404126,0.0385551,0.104782,0.0385551,0.0387937,0.0388773,0.0385588,0.0385548
0.0389272,0.0389251,0.0389253,0.0389275,0.0389278,0.0401846,0.0391963,0.038927,0.0389391,0.0389252,0.0389257,0.0389267,0.0389254,0.0389506,0.0389251,0.101874,0.0389253,0.0389254,0.0389299,0.0401718,0.0389292,0.0389309,0.0389261,0.0389292
0.0389341,0.0388339,0.0389825,0.0388192,0.0388216,0.0389255,0.0388187,0.038818,0.0388197,0.0388314,0.0388195,0.038818,0.0394488,0.0388179,0.0388189,0.0388187,0.0388198,0.038818,0.0393639,0.038818,0.105225,0.0391689,0.0388217,0.0388182
0.0386596,0.0386695,0.0386748,0.0386634,0.0387355,0.0386628,0.105053,0.0388872,0.0386592,0.0395584,0.038735,0.0386593,0.0386593,0.0386652,0.0386831,0.0386595,0.0427133,0.038678,0.0386593,0.0386591,0.03866,0.0386592,0.039026,0.0386608
0.0390741,0.0390707,0.0396546,0.0390809,0.0390708,0.0390737,0.039121,0.0390707,0.0390708,0.03909,0.0390876,0.0390711,0.0390752,0.0390717,0.0392979,0.039071,0.0392035,0.0391089,0.0390706,0.0390706,0.0597487,0.0390892,0.0795218,0.0391349
0.0388074,0.0392939,0.0388079,0.0388097,0.038817,0.0388231,0.0388088,0.105351,0.0388093,0.0396138,0.0388119,0.0390019,0.0388074,0.0388075,0.0388459,0.0388074,0.0392505,0.0388356,0.0388099,0.0388353,0.0388122,0.0388136,0.0388074,0.0388118
0.0432295,0.0387798,0.0390707,0.0387885,0.0387794,0.0387805,0.0387794,0.0387789,0.03878,0.0388999,0.0388978,0.0387864,0.038827,0.0387789,0.0387819,0.0387795,0.0387854,0.0389053,0.0389089,0.0387795,0.10243,0.0389202,0.0389704,0.0387818
0.0389564,0.0390433,0.0388938,0.0388908,0.0388892,0.0388892,0.0390454,0.0389317,0.0388926,0.0390004,0.0389387,0.0388942,0.0388915,0.0388928,0.0390099,0.038924,0.0393073,0.0388892,0.104357,0.038889,0.0388929,0.0388923,0.0388889,0.0388991
0.0386852,0.0386798,0.0388339,0.0386798,0.0432926,0.0392002,0.104314,0.0386791,0.0386874,0.0386793,0.0386804,0.0386801,0.0386792,0.0386819,0.0386936,0.0388209,0.0386838,0.0386801,0.0386806,0.0386802,0.0387926,0.0386791,0.0391573,0.0386793
0.0388296,0.0394375,0.0388314,0.0388498,0.038888,0.0392915,0.0388298,0.105502,0.0388297,0.0389682,0.038834,0.0388558,0.0388298,0.0388415,0.0388495,0.0388297,0.0388363,0.0388442,0.0388339,0.0388305,0.0388304,0.0388621,0.0388296,0.0388352
0.0388519,0.0388517,0.0388624,0.0388614,0.0388759,0.0388549,0.0388644,0.0388567,0.0388517,0.0388879,0.038875,0.0388525,0.0388519,0.0388517,0.0390948,0.0388519,0.10552,0.0388573,0.0388563,0.0388518,0.0390862,0.0388592,0.0391194,0.0388526
0.0389606,0.0386545,0.0386552,0.0387072,0.0387691,0.0386553,0.0432878,0.0386545,0.038658,0.0386563,0.0388624,0.0386549,0.0389936,0.0386684,0.0386563,0.0386612,0.0386735,0.0387834,0.0386546,0.038655,0.0387025,0.0386552,0.105066,0.0386546
0.0388054,0.0388083,0.0390245,0.038805,0.0391149,0.0388592,0.0388106,0.0388618,0.10529,0.0388067,0.0388338,0.0397198,0.0388087,0.0388842,0.0392992,0.0388054,0.0388054,0.0388051,0.0388101,0.0388208,0.0388059,0.0388051,0.0388051,0.038805
0.0389006,0.038715,0.0387988,0.0387196,0.0387146,0.038715,0.0387342,0.0387242,0.0387258,0.0387559,0.0447128,0.0387145,0.0387565,0.038726,0.0387164,0.0387313,0.0387149,0.0387213,0.103108,0.0387145,0.0387148,0.0387154,0.0387284,0.0387218
0.0388206,0.0388189,0.0388202,0.0389679,0.0398361,0.0388197,0.0388541,0.0388189,0.0388252,0.0388188,0.0388952,0.0388195,0.105442,0.0388229,0.0388208,0.0388212,0.0389427,0.0388189,0.0388223,0.0388189,0.0388209,0.0388789,0.0390501,0.0388252
0.0389232,0.0388078,0.0388124,0.0388078,0.0388083,0.0396133,0.0388934,0.0388083,0.0390207,0.0388088,0.0388092,0.105464,0.0388078,0.0390047,0.0390675,0.0388662,0.038808,0.0388473,0.0388086,0.0388462,0.0388872,0.0388574,0.0388127,0.0388094
0.0386489,0.0390776,0.0385564,0.0469468,0.0385373,0.0385384,0.0385382,0.0386648,0.0385372,0.104317,0.0385531,0.0385372,0.0385384,0.0385381,0.0385381,0.0385374,0.0385389,0.0385574,0.0385427,0.0385372,0.0385461,0.0385457,0.0385381,0.0385893
0.0370345,0.0370338,0.0439407,0.0370333,0.0372156,0.078127,0.0991376,0.0370333,0.0374911,0.0370333,0.0370335,0.0370394,0.037036,0.0370421,0.0370968,0.037144,0.0372568,0.0370333,0.0370346,0.0370334,0.0370384,0.0370334,0.0370643,0.0370337
0.0384906,0.0385017,0.0385592,0.0409414,0.0384899,0.0384898,0.1046,0.0385829,0.0384895,0.0385,0.0384903,0.0384896,0.0384896,0.0385093,0.0384897,0.0386445,0.0457381,0.038512,0.0384952,0.0384987,0.0384939,0.0384895,0.0385158,0.0384986
0.0388485,0.105364,0.0388488,0.0388514,0.0388662,0.0389741,0.038851,0.0391671,0.0388492,0.0389239,0.0388477,0.0388679,0.0388479,0.0388485,0.0389136,0.0388518,0.0388477,0.038954,0.0388479,0.0388643,0.0391298,0.038868,0.0388477,0.0389186
0.104988,0.0388516,0.0388898,0.0389398,0.0388503,0.0388504,0.038851,0.0388504,0.0388581,0.03937,0.0388595,0.0391747,0.0389929,0.0388564,0.0388682,0.0388506,0.0388504,0.0388578,0.0388828,0.0388504,0.0388795,0.038935,0.0389813,0.038861
0.0388547,0.0388586,0.0388454,0.0388453,0.0388453,0.0388634,0.0388473,0.0388458,0.0388453,0.0388545,0.0388495,0.039564,0.0388453,0.038894,0.0389204,0.0389385,0.0388465,0.0388626,0.0388491,0.0390057,0.038859,0.0389668,0.0388453,0.105247
0.03886,0.0388472,0.0389559,0.0388523,0.0388492,0.0388473,0.0388496,0.0388534,0.0388472,0.0390551,0.105519,0.0388472,0.0388816,0.0388608,0.0388894,0.0388472,0.03885,0.0388711,0.0389547,0.0388472,0.0388618,0.0388473,0.0392111,0.0388942
0.0388482,0.0388624,0.0388551,0.0388771,0.0389224,0.0388578,0.0388497,0.0388661,0.0388514,0.0388482,0.0388701,0.0388497,0.0394673,0.0388505,0.038848,0.0388495,0.0388572,0.038848,0.105574,0.0388526,0.0389411,0.038855,0.0388503,0.0388481
0.0388283,0.0395337,0.0388333,0.0388645,0.0388565,0.0391106,0.0388285,0.105517,0.0388283,0.0389294,0.0388415,0.0389504,0.0388285,0.0388722,0.0388569,0.0388283,0.0388444,0.0388544,0.0388325,0.0388298,0.0388285,0.0388407,0.0388283,0.0388332
0.0389341,0.038935,0.0389348,0.0393588,0.0389384,0.042979,0.0389374,0.0389361,0.0389459,0.0389339,0.0389339,0.0389807,0.038934,0.0390898,0.0389339,0.0537484,0.0389348,0.0389343,0.0389354,0.0842549,0.0389389,0.0389604,0.0389379,0.0396492
0.0390357,0.0389288,0.0389341,0.0389283,0.0391106,0.0389283,0.0389472,0.0392086,0.0389301,0.0389571,0.0955737,0.0389288,0.0389286,0.0389315,0.0458167,0.0389283,0.0389707,0.0389353,0.0404157,0.0389285,0.0389287,0.0389284,0.0389287,0.0389475
0.0389658,0.0387197,0.0387187,0.0421485,0.0387159,0.0392368,0.0387156,0.0387156,0.0387266,0.0387158,0.0387239,0.0387357,0.0387298,0.104194,0.0387155,0.0394306,0.0387155,0.0387186,0.0389494,0.0387924,0.0387155,0.0387211,0.03876,0.0387184
0.0388175,0.0388128,0.0388136,0.0388287,0.0388128,0.0392009,0.0388239,0.0388143,0.0388586,0.038815,0.0388138,0.0388145,0.0388127,0.0388149,0.0388126,0.105354,0.0388132,0.0388186,0.0388135,0.0400606,0.038837,0.0388219,0.0388133,0.0390017
0.0388384,0.0387973,0.0388592,0.0387973,0.0387997,0.0394608,0.0387984,0.0387976,0.0389165,0.0387974,0.038799,0.105045,0.0387973,0.0399047,0.0388379,0.038812,0.0387973,0.0389487,0.0387975,0.0388189,0.0387976,0.0389403,0.0390438,0.0387973
0.0388088,0.038826,0.0388151,0.0388337,0.0388041,0.0388291,0.0388279,0.0388074,0.0388044,0.0388043,0.0388399,0.0388143,0.0388053,0.10544,0.038804,0.0388315,0.038804,0.0388051,0.0388346,0.0388308,0.038804,0.0388055,0.0393271,0.0400931
0.0384074,0.0585188,0.0383829,0.0383801,0.0384603,0.0383813,0.0383842,0.0384113,0.0388164,0.0689594,0.0383802,0.0564725,0.0383801,0.038389,0.0395134,0.0383977,0.0383813,0.0384246,0.0383805,0.0383839,0.0456131,0.0383811,0.0383805,0.0394201
0.0387224,0.0387221,0.0387221,0.0387222,0.038736,0.0389094,0.0387317,0.0387327,0.0402996,0.0387291,0.0402517,0.105254,0.0387225,0.038746,0.0387798,0.0388764,0.0388302,0.0387929,0.0387265,0.0387528,0.0387348,0.0387998,0.0387307,0.0389748
0.0388419,0.0388473,0.0388338,0.0388421,0.0388322,0.0388349,0.0388527,0.0388491,0.0388384,0.105541,0.0388375,0.0388548,0.0388322,0.0388323,0.0389374,0.0392179,0.0389194,0.0390097,0.0388325,0.0388322,0.0389595,0.0388399,0.0388328,0.0391479
0.0388372,0.0388391,0.0388617,0.0388325,0.0395852,0.0388329,0.0388575,0.0388579,0.0388922,0.0388447,0.0389045,0.0388396,0.0388326,0.0388333,0.105519,0.0388325,0.0391401,0.0388494,0.0388328,0.0388325,0.0388352,0.0388325,0.0388386,0.0388361
0.0386545,0.0386475,0.0386617,0.0386477,0.0392844,0.0386494,0.0386486,0.0386538,0.0386512,0.038649,0.104829,0.0386478,0.0427286,0.0386495,0.0386617,0.0386475,0.0386479,0.038648,0.0396681,0.0386479,0.0386489,0.0386475,0.0391283,0.0386516
0.0398977,0.0387818,0.0387835,0.0388098,0.0387839,0.0387814,0.0387867,0.0387801,0.0388266,0.0387846,0.0387801,0.0387929,0.0387875,0.0387801,0.0387891,0.038862,0.0388517,0.0387963,0.0387885,0.0387801,0.105056,0.038821,0.0403187,0.0387801
0.0379362,0.0379361,0.0379361,0.0379363,0.0385028,0.0379364,0.0379385,0.0380797,0.0379563,0.038515,0.0581556,0.0379372,0.0379394,0.037936,0.0401018,0.037946,0.102839,0.0379614,0.0379604,0.037936,0.0387885,0.0379372,0.037938,0.0379505
0.0387396,0.0387476,0.0387437,0.0387722,0.041566,0.0387399,0.0387453,0.0387478,0.0393698,0.0387392,0.038754,0.0387392,0.105299,0.0387398,0.0387405,0.0387466,0.038781,0.0387392,0.0387467,0.038744,0.0387963,0.0387673,0.0387537,0.038742
0.0388711,0.0388765,0.10561,0.0389331,0.0388735,0.0388726,0.0389527,0.0388661,0.0388965,0.0388716,0.0388871,0.0388682,0.0388689,0.0390211,0.0388716,0.0388659,0.0388688,0.0388988,0.0388757,0.0388668,0.0388743,0.0388659,0.0388773,0.038866
0.038788,0.0388582,0.0388504,0.0387884,0.0388552,0.10524,0.03879,0.0391342,0.038788,0.0387939,0.038792,0.0388017,0.0387891,0.0405049,0.0388177,0.0387886,0.0387879,0.0387884,0.0387909,0.0387893,0.038788,0.0390939,0.0387915,0.0387895
0.0388229,0.0388221,0.0389945,0.0388147,0.0391601,0.0388152,0.0389412,0.0388438,0.0392842,0.0388526,0.0392482,0.0388155,0.0388149,0.0388149,0.105412,0.0388147,0.038855,0.0388642,0.0388147,0.0388147,0.0388863,0.0388147,0.0388154,0.0388638
0.0366448,0.0365178,0.0364918,0.036493,0.0364917,0.0365001,0.0365034,0.0365213,0.0364925,0.0915839,0.0364917,0.0421185,0.0364926,0.0364917,0.0368902,0.0375057,0.0367531,0.0364992,0.0364948,0.0364917,0.0910624,0.0434726,0.0364918,0.0365037
0.0388613,0.0389203,0.0389594,0.0389503,0.0388717,0.0388638,0.0388605,0.0388612,0.0388598,0.0390203,0.0388688,0.0388625,0.0388614,0.0388779,0.0388648,0.0388618,0.0388598,0.0388908,0.0388601,0.0389055,0.0388683,0.0389166,0.0388599,0.105613
0.0387964,0.0426093,0.0387978,0.0509545,0.0388003,0.03882,0.0387916,0.0388003,0.0387871,0.038787,0.038787,0.0388079,0.0387872,0.0418681,0.0387876,0.0387906,0.0387871,0.0388177,0.0387885,0.0880477,0.0387937,0.0388091,0.0388219,0.0393614
0.0389522,0.0388275,0.0388258,0.0388316,0.0388253,0.038829,0.0388302,0.039075,0.0388423,0.105508,0.0392187,0.0388346,0.0388253,0.0388253,0.0388307,0.0391042,0.038887,0.0389939,0.0388348,0.0388253,0.0388789,0.0388683,0.0388254,0.0389006
0.0388751,0.0388744,0.038879,0.0388531,0.0389763,0.0389824,0.0388553,0.0388862,0.0388611,0.0389282,0.0390249,0.0388665,0.0388531,0.0388534,0.105608,0.038853,0.0389013,0.0388666,0.0388534,0.0388531,0.0389226,0.0388535,0.0388546,0.038865
0.0386313,0.0386301,0.03863,0.0386382,0.0386435,0.0386379,0.038636,0.0386358,0.0386546,0.0386552,0.0386897,0.0386558,0.0386395,0.0386297,0.0408676,0.0389544,0.104997,0.0386606,0.0386368,0.0386297,0.0421925,0.0386331,0.0387912,0.0386299
0.0387357,0.0387436,0.0387368,0.0387365,0.0387533,0.0388398,0.0387366,0.105246,0.0387361,0.0390511,0.0389344,0.0388698,0.0387368,0.0387436,0.0387479,0.0387357,0.0404944,0.0387416,0.0398231,0.0387358,0.0387362,0.0389133,0.0387357,0.0387359
0.038673,0.0386749,0.0387264,0.0387617,0.0387137,0.0386782,0.0387912,0.0386742,0.0387042,0.0386725,0.0386725,0.0386886,0.0388613,0.0386739,0.0386725,0.0387738,0.0435028,0.0386725,0.104764,0.0386776,0.0387494,0.0387505,0.0387979,0.0386725
0.0387155,0.0387051,0.0387057,0.0387059,0.0387052,0.0387919,0.0387057,0.0387064,0.0388238,0.0387063,0.0387064,0.0391682,0.0387057,0.0387148,0.0387052,0.105141,0.0387247,0.0388874,0.0387118,0.0387503,0.0387201,0.042373,0.038707,0.0387132
0.0388289,0.0388204,0.0388592,0.0388224,0.0388203,0.0388392,0.0388203,0.038845,0.0388279,0.0392828,0.0388203,0.0388613,0.0388606,0.0388204,0.038835,0.0388234,0.0397516,0.0388975,0.0388203,0.0388203,0.0388928,0.105335,0.0388728,0.038822
0.0388594,0.0388496,0.0388513,0.0390773,0.0388496,0.0388546,0.0388496,0.038948,0.0388527,0.0388508,0.0388496,0.0388542,0.0389766,0.0388498,0.038868,0.0389075,0.0389541,0.0390992,0.0388498,0.0388497,0.0388939,0.10526,0.0390908,0.0388539
0.0388598,0.0390045,0.0388889,0.038861,0.105578,0.0388734,0.0388598,0.0388655,0.0391596,0.0388598,0.038863,0.0388605,0.0389251,0.0388683,0.0388612,0.0388598,0.0388609,0.0388609,0.0388675,0.0388739,0.0388609,0.0388598,0.0389081,0.0388599
0.0388626,0.038862,0.0388868,0.0388662,0.0400438,0.0388727,0.0388623,0.0388622,0.0389118,0.038862,0.0389202,0.0388622,0.104564,0.0388628,0.038862,0.0388657,0.0388634,0.038862,0.0389376,0.0388629,0.0388753,0.0389075,0.0389997,0.0388623
0.0388089,0.0388112,0.0387857,0.038786,0.0387843,0.0387855,0.0388649,0.0387852,0.0387844,0.0389059,0.0388047,0.0391989,0.0387844,0.0406298,0.0387868,0.03884,0.0387845,0.0387915,0.038789,0.0388057,0.0387893,0.0388068,0.0387844,0.105302
0.0391475,0.039088,0.0390927,0.0390879,0.0390887,0.039144,0.0390996,0.0390879,0.0992678,0.0390884,0.0390879,0.0391348,0.0394666,0.0390912,0.0391198,0.0397236,0.0391552,0.039088,0.0390886,0.0390881,0.0391213,0.0390918,0.0394626,0.0390881
0.0388535,0.0387829,0.0387864,0.0388011,0.0387845,0.0388589,0.0387828,0.0387919,0.0387827,0.0390099,0.0387828,0.0389801,0.0394056,0.0387827,0.0387857,0.0387955,0.038788,0.0388128,0.039203,0.0387837,0.0391403,0.105356,0.0387828,0.0393663
0.0388023,0.0395575,0.0389005,0.103166,0.0388018,0.0388022,0.0388018,0.0389103,0.0388024,0.041823,0.0388018,0.0388026,0.0388018,0.0388119,0.0388046,0.0388019,0.0388023,0.0391721,0.0388018,0.038803,0.0388034,0.038816,0.0388024,0.0388069
0.0426783,0.0391465,0.038947,0.038754,0.0386863,0.0386869,0.0386864,0.0387357,0.0386918,0.105142,0.0387209,0.0386874,0.0386923,0.0386898,0.0387253,0.0386867,0.038688,0.0387328,0.038694,0.0386863,0.0386948,0.0387517,0.0386864,0.038709
0.0383609,0.0379439,0.0379455,0.0379422,0.0379788,0.0379504,0.0380353,0.0379421,0.102622,0.0379425,0.0379421,0.0379429,0.0610165,0.0379431,0.0380164,0.0386745,0.0380957,0.0379421,0.037967,0.0379424,0.0379779,0.0379432,0.0379908,0.0379421
0.0386392,0.0412342,0.104964,0.0389409,0.0414339,0.0386379,0.0388445,0.0386391,0.038776,0.0386404,0.0386421,0.0386367,0.0388294,0.0386458,0.0387286,0.0386363,0.0386375,0.0386383,0.0386615,0.0386408,0.0386412,0.0386363,0.0386364,0.0386391
0.038851,0.104167,0.0387614,0.0387635,0.0387615,0.0412186,0.0387554,0.038848,0.0387581,0.0387603,0.0387553,0.0396431,0.0387553,0.0387625,0.0390171,0.0387554,0.0387554,0.0387611,0.0387574,0.0392761,0.038764,0.038821,0.0387553,0.0387759
0.0387839,0.0388514,0.0387588,0.0400485,0.0387579,0.0387585,0.0387578,0.0388021,0.0387635,0.105302,0.038758,0.0387576,0.038758,0.0387576,0.0387582,0.0394359,0.0390219,0.0392879,0.0387587,0.0387576,0.0388891,0.0389052,0.0387579,0.0388124
0.0387995,0.0388135,0.0388042,0.0387995,0.105352,0.0388139,0.0388,0.0388088,0.0387998,0.0387995,0.0397035,0.0388025,0.0398427,0.0388008,0.0387996,0.0387995,0.0388004,0.0388005,0.038867,0.038961,0.0388033,0.0387996,0.0388297,0.0387996
0.0386068,0.0386028,0.0386238,0.038602,0.0386018,0.0386014,0.0386017,0.0386012,0.0386014,0.0388016,0.0386127,0.0386943,0.0386012,0.0455176,0.0386853,0.0386047,0.0386011,0.0386353,0.0386014,0.0386091,0.0386012,0.0387262,0.0386359,0.10463
0.0392522,0.0393467,0.0906207,0.0392398,0.0453059,0.0392404,0.0392381,0.0392374,0.0397877,0.0392376,0.0392998,0.039238,0.0392627,0.0392872,0.0392538,0.0392373,0.0392373,0.0392379,0.0392409,0.0392445,0.0392396,0.0392373,0.0392395,0.0392375
0.0387777,0.0387768,0.0387987,0.0387771,0.0388789,0.0387773,0.0387775,0.0387817,0.038778,0.0387852,0.104978,0.038779,0.0388114,0.038778,0.038777,0.0387801,0.0387913,0.0387796,0.0416046,0.0387778,0.0387785,0.0387773,0.0388549,0.0388233
0.0389239,0.0388117,0.0388195,0.0394311,0.038812,0.0388236,0.0388117,0.038818,0.0388117,0.0388125,0.0388118,0.0388388,0.039103,0.0388117,0.0388119,0.0388658,0.0388144,0.0391491,0.0390408,0.0388208,0.0388531,0.10545,0.0388125,0.0389409
0.0390591,0.0391238,0.0390539,0.039055,0.0392252,0.0398429,0.0392583,0.0390635,0.0390555,0.0390537,0.0393803,0.0391634,0.0390537,0.0661103,0.0390538,0.0390573,0.0390537,0.0390751,0.0390544,0.0728698,0.0390537,0.0390537,0.0390889,0.0391411
0.0387523,0.0398123,0.0387325,0.0387569,0.0389469,0.038856,0.0387355,0.0406511,0.03901,0.0387323,0.038739,0.0387391,0.0387338,0.0388298,0.0387323,0.0387576,0.0387323,0.038818,0.0387537,0.105201,0.0387598,0.038736,0.0387337,0.0387482
0.0405435,0.0405581,0.0454195,0.0405975,0.0572805,0.0405893,0.0405435,0.0405466,0.0405463,0.0405439,0.0408471,0.0405439,0.0405666,0.0405439,0.0405438,0.0405444,0.0405868,0.0405435,0.0452414,0.0405451,0.0406906,0.0405453,0.0405441,0.0405446
0.0388393,0.038927,0.0388475,0.0395687,0.0388397,0.0389015,0.038861,0.0388389,0.0388393,0.0388385,0.0388391,0.0388419,0.0388388,0.104989,0.0388385,0.0389129,0.0388385,0.0388449,0.0388415,0.0388595,0.0388385,0.0388395,0.03927,0.0391059
0.0387569,0.0387558,0.0387955,0.0387702,0.0387576,0.0388114,0.0387595,0.0387551,0.0391144,0.0387585,0.0387561,0.0387611,0.038754,0.0387723,0.0387539,0.104861,0.0387539,0.0388064,0.0387614,0.0417029,0.0387658,0.0387555,0.0387542,0.0390064
0.0389955,0.0388469,0.038841,0.0388416,0.038838,0.0388383,0.0388383,0.0388745,0.0388524,0.10556,0.0395088,0.0388404,0.0388382,0.0388417,0.03885,0.0388522,0.0388719,0.038869,0.0388525,0.038838,0.0388387,0.0388759,0.0388401,0.0389557
0.0388371,0.044226,0.0451418,0.0392008,0.0388362,0.0389961,0.0388365,0.0388383,0.0388755,0.0388523,0.0388362,0.0389042,0.038837,0.0940591,0.0388366,0.0388366,0.0388362,0.0388493,0.0388364,0.0388378,0.0388384,0.0388978,0.0388362,0.0391175
0.0369348,0.0369413,0.0369426,0.0369358,0.0371893,0.0369353,0.0370115,0.0932591,0.0369351,0.0369383,0.0914527,0.036935,0.0369435,0.0369377,0.0369377,0.0369349,0.0372233,0.0369435,0.0389511,0.0369356,0.0369353,0.0369348,0.0369356,0.0369759
0.0403572,0.0403631,0.0403598,0.0403594,0.040357,0.040366,0.0403569,0.0403863,0.0403569,0.0403974,0.0405956,0.040358,0.0403569,0.0403569,0.0403739,0.0403574,0.0403691,0.0646125,0.040357,0.0403756,0.0404345,0.0405124,0.0403571,0.0469232
0.0389187,0.0389371,0.039006,0.0389434,0.0388391,0.0388392,0.0388392,0.039303,0.0388411,0.105099,0.0388566,0.0388402,0.0388392,0.0388576,0.0390022,0.0388391,0.0388402,0.0393103,0.0388393,0.0388392,0.0388457,0.0388422,0.0388394,0.0388432
0.0383578,0.0383903,0.038453,0.0865459,0.0383511,0.0383515,0.0383511,0.0383661,0.0383518,0.0383521,0.0383523,0.0383522,0.0383517,0.0690126,0.0383511,0.0383516,0.0383511,0.0384537,0.0383541,0.0387869,0.0383518,0.0383539,0.0383544,0.0383521
0.0388211,0.0395593,0.0388317,0.105176,0.0388155,0.0388172,0.0388155,0.0388188,0.0388165,0.0388178,0.0388154,0.0388155,0.0388162,0.0399743,0.0388154,0.038817,0.0388156,0.0388422,0.0388171,0.0388771,0.0388173,0.0388375,0.0388206,0.0388293
0.0387169,0.038857,0.0387245,0.0388298,0.0387179,0.0387272,0.0387146,0.0387151,0.038715,0.0387144,0.0387148,0.0387739,0.0387178,0.104465,0.0387145,0.0387147,0.0387144,0.0387159,0.0387158,0.0391978,0.0387147,0.038718,0.0387633,0.0429272
0.0405773,0.0392901,0.0392917,0.0393097,0.0401136,0.0392983,0.0392903,0.039304,0.040265,0.0392897,0.039793,0.0393062,0.0770267,0.0392917,0.0392902,0.0392895,0.039299,0.0392895,0.0544211,0.0392895,0.0397021,0.0393041,0.0393784,0.0392894
0.0395501,0.039064,0.0390562,0.0391062,0.0390561,0.0390602,0.0999783,0.0390707,0.0390561,0.0390856,0.0390565,0.0393889,0.0390562,0.0390689,0.0390575,0.0392442,0.0390594,0.0390562,0.0390579,0.0390623,0.0390678,0.039057,0.0396274,0.0390564
0.0388496,0.0388516,0.0388593,0.0388549,0.0388501,0.104226,0.0391066,0.0388498,0.0388572,0.0388496,0.0388495,0.0389328,0.0388504,0.0390323,0.0388497,0.0403099,0.0388495,0.0388495,0.0388499,0.0388503,0.0390554,0.038851,0.0388501,0.0388648
0.0397748,0.0378419,0.0378253,0.0379459,0.0378469,0.0378234,0.102276,0.0378224,0.0378226,0.0378223,0.0378389,0.0378233,0.0608078,0.0398638,0.0378223,0.037823,0.037824,0.0378225,0.0378302,0.0379102,0.0378227,0.0378225,0.0380779,0.0381093
0.0388889,0.0390515,0.0388914,0.0388884,0.0388883,0.0391941,0.0388918,0.0390932,0.0390204,0.0389422,0.0388884,0.10359,0.0388883,0.0397207,0.0389101,0.0389824,0.0388883,0.0389322,0.038889,0.0388885,0.0389851,0.0389092,0.0388885,0.0388886
0.0387032,0.0386995,0.0386985,0.0387244,0.0386973,0.04365,0.0387375,0.0387493,0.0386973,0.0386972,0.0389054,0.0390214,0.0386971,0.0883271,0.038697,0.0387136,0.038697,0.0386977,0.0387069,0.05415,0.0386971,0.0387043,0.0386972,0.0392336
0.0387257,0.038916,0.0387499,0.0388825,0.0393288,0.0395877,0.104881,0.0396032,0.0387255,0.0387255,0.0387253,0.0392455,0.0388385,0.0387331,0.0387278,0.0387257,0.0390311,0.0387253,0.0387442,0.0390605,0.0387253,0.0387286,0.0391374,0.0387254
0.0378806,0.0378839,0.0378815,0.0380061,0.0383708,0.0385644,0.0378992,0.0378919,0.0380271,0.0378805,0.0378814,0.0380559,0.0378805,0.0505106,0.0378807,0.0493124,0.0378826,0.0378892,0.0378809,0.101422,0.0378848,0.0378833,0.037905,0.0394444
0.0388358,0.0387535,0.0387537,0.038754,0.0387549,0.0387536,0.0387547,0.0387544,0.0387626,0.0388722,0.0408936,0.0387537,0.0387884,0.0387648,0.0387549,0.0387764,0.0405378,0.0388103,0.0388043,0.0387538,0.0388126,0.0388141,0.104231,0.0387552
0.0388603,0.0388622,0.0388616,0.0388604,0.038868,0.0388614,0.0390317,0.0389711,0.0388646,0.0389492,0.0389316,0.0388742,0.0389061,0.0388607,0.0388835,0.0388645,0.10557,0.0388704,0.0388606,0.0388603,0.0388993,0.038884,0.0388734,0.038871
0.0389864,0.105513,0.0388209,0.038827,0.0389606,0.0388233,0.0388241,0.0389327,0.0388374,0.0388975,0.0388207,0.0391986,0.0388207,0.0388356,0.0388242,0.0388213,0.0388207,0.0390527,0.0388304,0.0391752,0.0388877,0.0388215,0.0388211,0.0388472
0.0387696,0.0387601,0.0387601,0.0387854,0.03876,0.0387636,0.0387629,0.0387622,0.0387633,0.0387735,0.0387601,0.0387606,0.03876,0.0387608,0.03876,0.105048,0.0398982,0.0387806,0.0387605,0.0408405,0.038889,0.0387853,0.0387628,0.038773
0.0387914,0.0387711,0.0387722,0.0387759,0.0387773,0.0393035,0.038771,0.0387845,0.0387711,0.0387726,0.0387712,0.039897,0.0387721,0.0387711,0.0387732,0.0388451,0.0387757,0.0388585,0.0390712,0.0391397,0.0390818,0.10509,0.0387764,0.0390862
0.0393343,0.0388672,0.0388548,0.0388426,0.0388282,0.0388285,0.0388324,0.0390284,0.0388561,0.105524,0.0392606,0.0388287,0.038829,0.0388353,0.0389064,0.0388294,0.0388435,0.0388548,0.0388473,0.0388282,0.0388286,0.038832,0.0388291,0.038851
0.0388877,0.0388149,0.0388289,0.0388314,0.0388079,0.0388299,0.0388082,0.0396528,0.0388079,0.0390189,0.0388079,0.0389637,0.0392162,0.0388083,0.0388079,0.0388752,0.0388216,0.0388341,0.0388568,0.0388095,0.0388319,0.10545,0.0388086,0.0388196
0.0403919,0.0391411,0.0391647,0.0391418,0.039141,0.0391416,0.0392052,0.0391413,0.0391412,0.0407489,0.0391757,0.0391512,0.0391459,0.0391413,0.0394515,0.039141,0.0417055,0.039149,0.0391415,0.0391409,0.0392812,0.0391988,0.0936771,0.039141
0.0390674,0.0389966,0.0389973,0.0390231,0.038997,0.0389973,0.0392861,0.0390028,0.039008,0.0390656,0.0389968,0.0389966,0.0390755,0.0389965,0.0400324,0.0389998,0.10112,0.0389968,0.0392493,0.0389965,0.0390775,0.0390103,0.0390139,0.0389972
0.0402876,0.0402447,0.0402448,0.0404253,0.0402459,0.0402481,0.0402462,0.0402449,0.040245,0.0402464,0.0623865,0.0402519,0.0461276,0.0402463,0.0402448,0.0402474,0.0405906,0.0402448,0.0431065,0.0402501,0.0404516,0.040261,0.0426661,0.0402458
0.0390062,0.0390097,0.0390059,0.0390063,0.0390319,0.0391028,0.0390071,0.0400828,0.0390699,0.0390259,0.0390065,0.0988233,0.0390061,0.0390061,0.03954,0.0390102,0.0410434,0.0390062,0.0390074,0.0391638,0.039006,0.0390175,0.0390059,0.0390091
0.0389015,0.0392207,0.0388196,0.0388192,0.0388241,0.0389858,0.0388209,0.0388325,0.0390235,0.0388196,0.0388192,0.105479,0.0388197,0.0392236,0.0388462,0.0388194,0.0388192,0.038821,0.0388196,0.0391555,0.0388402,0.0388279,0.0388213,0.0388204
0.03913,0.0388784,0.0388865,0.0388692,0.0388709,0.0388755,0.0388689,0.0388682,0.0388775,0.038901,0.03887,0.0388716,0.0388756,0.0388682,0.0389271,0.0388686,0.0388699,0.0388698,0.0389161,0.0388684,0.105419,0.0389993,0.0388785,0.0388715
0.0381541,0.0568567,0.0381564,0.103362,0.0381544,0.0381555,0.0381554,0.0383479,0.0381544,0.0381705,0.0381538,0.0381542,0.0381539,0.0381603,0.038154,0.0381542,0.0381541,0.0382714,0.0381539,0.0381808,0.0381738,0.0381571,0.0381549,0.0381562
0.0387469,0.0387703,0.0387685,0.0387577,0.0387487,0.0387468,0.0387474,0.0393046,0.0387468,0.0397048,0.0387694,0.0402823,0.0387468,0.0387471,0.0387592,0.0387532,0.0387892,0.105279,0.0387468,0.0387807,0.038759,0.0389573,0.0387589,0.0388284
0.0374013,0.0374731,0.0374035,0.037404,0.0374152,0.0374766,0.0374306,0.0374015,0.0374023,0.0374036,0.0374036,0.0374158,0.0374004,0.0827688,0.0374005,0.0461041,0.0374004,0.0374079,0.0374145,0.0387617,0.0374039,0.0374016,0.0374025,0.0841026
0.0388785,0.0388788,0.0388871,0.0388822,0.0388885,0.0388894,0.0388983,0.0388856,0.0388787,0.0388805,0.0388798,0.0388863,0.03891,0.0388785,0.0389435,0.038884,0.105592,0.0388785,0.0388815,0.0388786,0.038889,0.0388853,0.038882,0.0388831
0.0388408,0.0388545,0.0388443,0.0388436,0.0388578,0.105547,0.0392308,0.0388495,0.0388471,0.0388407,0.0388407,0.0390979,0.0388408,0.0388703,0.0388737,0.039101,0.0388409,0.0388407,0.038841,0.038843,0.0388841,0.0388768,0.0388412,0.0388521
0.0388295,0.0398684,0.105442,0.038829,0.03893,0.038868,0.0388301,0.0388284,0.038845,0.0388301,0.0388301,0.0388302,0.038829,0.0389784,0.038873,0.0388286,0.0388284,0.0388349,0.0388291,0.0388284,0.0389119,0.0388285,0.0388305,0.038839
0.0387582,0.0387363,0.038739,0.0387403,0.0387388,0.0387388,0.038749,0.0387366,0.100946,0.0387362,0.0387368,0.0387605,0.0392529,0.038747,0.0387362,0.0389022,0.0387621,0.0387361,0.0460021,0.0387559,0.0387407,0.0387406,0.0387719,0.0387362
0.0390775,0.0388944,0.0388981,0.0388949,0.0388945,0.0388966,0.0388944,0.0388944,0.102839,0.0388945,0.0388944,0.0390067,0.0403902,0.0389003,0.0388946,0.0389705,0.0389107,0.0388946,0.0395129,0.0388955,0.0388978,0.0389454,0.0389135,0.0388944
0.0376533,0.0376705,0.0376575,0.0377606,0.0376504,0.0376538,0.0376504,0.0376505,0.0376504,0.0376516,0.0376525,0.0376562,0.0376504,0.0990475,0.0376524,0.0376537,0.0376503,0.0377177,0.0376506,0.0376599,0.0376504,0.0376539,0.037667,0.0723883
0.0388402,0.0388441,0.0391316,0.0388402,0.10549,0.0388934,0.0388402,0.0388427,0.0388433,0.0388402,0.0393727,0.038842,0.0390728,0.0388437,0.0388414,0.0388402,0.0388405,0.0388403,0.038872,0.0388629,0.0388446,0.0388402,0.0388403,0.0388403
0.0411427,0.041143,0.0411455,0.0433201,0.0411439,0.0411442,0.0411427,0.04115,0.0411429,0.041143,0.0411434,0.0411667,0.0411427,0.0440102,0.0411427,0.0443902,0.0411441,0.041149,0.041215,0.0448523,0.0412074,0.0413261,0.0411445,0.0413479
0.0389029,0.0389266,0.0388776,0.0388854,0.0388745,0.0389018,0.0388792,0.0388724,0.0388737,0.0388901,0.038873,0.0388738,0.0389378,0.0388724,0.0388947,0.0388727,0.0388739,0.0388725,0.0389567,0.0388725,0.105556,0.038896,0.0388882,0.0388757
0.0389056,0.0388669,0.0388671,0.0388669,0.0388672,0.0388913,0.0388674,0.0388671,0.0389197,0.0388679,0.0388807,0.105644,0.0388669,0.0389767,0.0388975,0.0388741,0.0388671,0.0389171,0.0388708,0.0388881,0.0388809,0.0389076,0.0388705,0.038871
0.0378303,0.0378335,0.0378321,0.0378604,0.0378496,0.102804,0.0495261,0.0378485,0.0378305,0.0378293,0.0378293,0.0379311,0.0378294,0.0380312,0.0378546,0.0524947,0.0378317,0.0378296,0.03783,0.0378414,0.0378372,0.0380752,0.0379055,0.0378352
0.038675,0.0386773,0.0417584,0.0386719,0.038699,0.103421,0.038723,0.0386815,0.0387492,0.038667,0.0386667,0.0387338,0.0388574,0.0387286,0.0394832,0.038667,0.0386673,0.0386684,0.0386667,0.0386678,0.0386669,0.0414636,0.0386676,0.0386711
0.0388842,0.0388629,0.0389564,0.0401256,0.0388488,0.0388491,0.038849,0.0388576,0.0388489,0.104515,0.0388663,0.0388491,0.038849,0.0388489,0.0388514,0.038851,0.038871,0.0388979,0.0388495,0.0388489,0.0389148,0.0388671,0.0388489,0.0391889
0.039096,0.039302,0.0388955,0.0388934,0.0391634,0.038878,0.0389388,0.0389083,0.0389047,0.038878,0.0388823,0.0388806,0.0389274,0.0388783,0.0388784,0.0388892,0.038878,0.0393138,0.0388782,0.104135,0.0389222,0.0388792,0.0388788,0.0389201
0.0388363,0.0388379,0.105436,0.0388375,0.0388766,0.0388424,0.0388378,0.0388357,0.038856,0.0388384,0.0388368,0.0388358,0.0393028,0.038855,0.0388358,0.0390649,0.0388382,0.0388367,0.0389842,0.0388358,0.0391888,0.0388528,0.0388389,0.0388591
0.0391477,0.0388352,0.0388403,0.0388377,0.0388352,0.0388505,0.0388373,0.0388354,0.0388368,0.0388483,0.0388424,0.0529734,0.0388352,0.0388353,0.0388393,0.0454584,0.0388373,0.0510107,0.0388422,0.038854,0.0388633,0.073215,0.0390071,0.0388817
0.0388458,0.0388408,0.0388448,0.0394931,0.0388433,0.0390573,0.0388407,0.0390131,0.0388407,0.0388428,0.038841,0.0388421,0.038927,0.0388407,0.038842,0.0388764,0.0388416,0.038928,0.0390345,0.0388682,0.0388913,0.1051,0.0388407,0.0388639
0.0385107,0.0384982,0.038525,0.0384982,0.0413287,0.042637,0.104186,0.0384981,0.0384978,0.0384979,0.0385099,0.0384989,0.038524,0.0385046,0.0385015,0.0385218,0.0385022,0.0384978,0.0385027,0.0385002,0.0384978,0.0384994,0.0417631,0.0384983
0.0388193,0.0387942,0.0388513,0.0388046,0.0388148,0.038828,0.0387946,0.038793,0.105448,0.0387941,0.038793,0.0387939,0.0401116,0.0387949,0.0387941,0.0393734,0.0387934,0.0387929,0.0388715,0.0387933,0.0389659,0.0387935,0.0387942,0.0387931
0.0388488,0.038842,0.0388488,0.0388744,0.0388752,0.0388403,0.0389929,0.0388399,0.0388588,0.0388398,0.0388407,0.0388412,0.105055,0.0388411,0.0388399,0.0388414,0.03938,0.0388398,0.0395712,0.0388399,0.0389041,0.0388626,0.0388416,0.0388402
0.0378149,0.0383077,0.0378129,0.0378193,0.0378219,0.0378348,0.0378123,0.0378169,0.0378123,0.03782,0.0378146,0.0378759,0.0378125,0.0378255,0.0378648,0.0378142,0.0378123,0.037832,0.0378149,0.0645243,0.0378276,0.0379593,0.0378122,0.102737
0.0388556,0.0388756,0.0388558,0.0388801,0.038858,0.0388896,0.0388584,0.038856,0.0388576,0.0388519,0.0389401,0.0388685,0.0388521,0.105284,0.0388519,0.0388564,0.0388519,0.0388526,0.0388556,0.0393705,0.0388519,0.038852,0.0390234,0.0390505
0.0388058,0.0387793,0.0387481,0.0389772,0.0387399,0.0387368,0.0387369,0.0387376,0.0387363,0.0387495,0.0387456,0.0387437,0.0387833,0.0387362,0.0387366,0.0387362,0.0389575,0.0387367,0.104958,0.0387378,0.0420894,0.0387574,0.0387982,0.038736
0.038809,0.0388349,0.0399621,0.0388424,0.0389137,0.0388089,0.0388128,0.0388065,0.0390017,0.0388064,0.0388064,0.0388065,0.105349,0.0388115,0.0388065,0.0388064,0.0388068,0.0388063,0.0392725,0.0388065,0.0389003,0.038809,0.0388073,0.0388064
0.0388129,0.0388059,0.0403324,0.0390583,0.0388065,0.0388059,0.0389041,0.0388097,0.0388064,0.0389997,0.038806,0.0388058,0.0388494,0.0388058,0.0388361,0.0388082,0.104274,0.0388215,0.0391136,0.0388058,0.0389621,0.0389677,0.0391957,0.0388062
0.0388796,0.0388796,0.0388808,0.0388802,0.038896,0.0388857,0.0388855,0.0389325,0.0388796,0.0388872,0.0389372,0.0388921,0.0388847,0.0388796,0.0388921,0.0388804,0.105471,0.03888,0.0388991,0.0388796,0.0388868,0.0389162,0.0388946,0.03892
0.0388094,0.0403206,0.0387817,0.0387821,0.0395466,0.0387889,0.0387851,0.0388321,0.0387834,0.0387817,0.038785,0.038791,0.0387817,0.0387902,0.0387817,0.0388008,0.0387817,0.0388325,0.0387819,0.105405,0.0388375,0.0387821,0.0387821,0.0388551
0.0389545,0.0388599,0.0388608,0.0388783,0.0388599,0.0388638,0.0388598,0.0389266,0.0388608,0.0388668,0.0388598,0.0388883,0.0388759,0.0388598,0.0388606,0.0388875,0.0388996,0.0391299,0.0388617,0.0388609,0.038897,0.105529,0.0389377,0.0388608
0.0388713,0.0388523,0.0388433,0.0388555,0.0388413,0.0388469,0.0390495,0.0389439,0.0388421,0.10532,0.0388478,0.038872,0.0388413,0.0388413,0.038931,0.0391273,0.0390575,0.0390068,0.0388413,0.0388413,0.0389286,0.038864,0.0388421,0.0388918
0.038908,0.0388693,0.0388618,0.0389374,0.0388596,0.038867,0.0388629,0.0388575,0.0392144,0.0388589,0.0388575,0.0388638,0.0388651,0.0388574,0.038859,0.0388753,0.0388644,0.0388607,0.0388667,0.038858,0.105521,0.0388777,0.0390186,0.0388574
0.038766,0.0387669,0.038766,0.038766,0.0387684,0.0387935,0.0387697,0.0403959,0.038769,0.0387694,0.0390855,0.105256,0.038766,0.0387962,0.0388775,0.0387661,0.0393488,0.0389019,0.0387931,0.038787,0.0387684,0.0388719,0.0387939,0.0388568
0.039188,0.0388936,0.0388927,0.0388975,0.0389012,0.0388928,0.0388945,0.0388926,0.0388929,0.0388935,0.0389377,0.038894,0.0389347,0.038894,0.0388932,0.0388938,0.0388948,0.0388986,0.0389419,0.0388927,0.0389137,0.0389021,0.104976,0.0388933
0.104153,0.038444,0.0384419,0.0390406,0.0384415,0.0384418,0.0384777,0.0384416,0.0384542,0.0384485,0.0384416,0.0384417,0.0384864,0.0384423,0.038453,0.0385081,0.0384426,0.0384506,0.0384494,0.0384425,0.0386469,0.0385946,0.0489739,0.0384416
0.0392259,0.0391922,0.0391943,0.0391956,0.0400325,0.0391909,0.0391913,0.0391896,0.0391885,0.0391882,0.0391903,0.0391892,0.0958649,0.0391889,0.0391885,0.0391885,0.0392887,0.0391882,0.0392382,0.0391919,0.0394834,0.0393185,0.0405039,0.0391882
0.0384958,0.0384978,0.0384959,0.038496,0.0387607,0.0384985,0.038496,0.104273,0.0385008,0.0386242,0.0395693,0.0385359,0.0384959,0.0384977,0.0384978,0.0384962,0.0468899,0.0385455,0.0388428,0.0384998,0.0384965,0.0385005,0.0384959,0.0384975
0.0388332,0.0388172,0.0388039,0.0389241,0.0388033,0.0388035,0.0388033,0.0388047,0.0388263,0.0388288,0.0388114,0.0390862,0.0388036,0.0388035,0.0388214,0.0397723,0.0388393,0.104837,0.0388121,0.0388548,0.0393618,0.03907,0.0390272,0.0388509
0.0399289,0.0399303,0.0401272,0.0399289,0.0786329,0.0400157,0.039933,0.0399336,0.0402418,0.0399309,0.0400471,0.0399296,0.0399291,0.0399293,0.0399354,0.0399361,0.0399317,0.0399289,0.0421737,0.0399325,0.0399304,0.0399289,0.0399289,0.0399352
0.0386958,0.0387224,0.038701,0.0387058,0.0410575,0.104827,0.0387155,0.0391541,0.0387342,0.0386961,0.0386995,0.0404592,0.0386964,0.0391337,0.0387069,0.0387018,0.0386957,0.0386979,0.0386964,0.0387021,0.0386968,0.0387073,0.0386957,0.0387009
0.0388054,0.0388056,0.0388591,0.0388068,0.0388072,0.10547,0.0388465,0.0388102,0.0388107,0.038806,0.0388058,0.0390097,0.038806,0.0388668,0.0388064,0.0389948,0.0388176,0.0388079,0.0388056,0.0388056,0.0391577,0.0398246,0.0388507,0.0388137
0.0387953,0.0390296,0.0388,0.0391045,0.039023,0.104914,0.0387941,0.0388648,0.0387938,0.0387938,0.0387937,0.0387977,0.0388493,0.0388104,0.0387946,0.0387944,0.0387938,0.0387939,0.0388161,0.038794,0.0387955,0.0406613,0.0387959,0.0387963
0.0408333,0.0408572,0.040825,0.0408428,0.040854,0.0408297,0.0408256,0.0408362,0.0408248,0.0408347,0.0408254,0.0408251,0.0408248,0.0408248,0.0408971,0.0408365,0.0408296,0.0602279,0.0408251,0.0408785,0.041057,0.0410162,0.040879,0.0408897
0.0388985,0.0388775,0.0388777,0.0388866,0.0388776,0.0389817,0.0390926,0.038878,0.0388937,0.0388802,0.0388778,0.0388866,0.0388776,0.0388911,0.0388779,0.105368,0.0388789,0.0388819,0.0388787,0.0388968,0.0388824,0.0388818,0.0388888,0.0388873
0.0399308,0.039932,0.0670025,0.039932,0.0469686,0.0399314,0.0409735,0.0399369,0.0399336,0.039931,0.0400157,0.0399408,0.0399319,0.0399331,0.0399306,0.0399311,0.0399864,0.0399316,0.0461839,0.0400124,0.039931,0.0399315,0.0399365,0.0399314
0.0382945,0.038226,0.0382051,0.0382051,0.0383896,0.0382263,0.0382269,0.0382047,0.0981372,0.0382048,0.0382047,0.0382058,0.055135,0.0382047,0.0382048,0.0390933,0.0382554,0.0382047,0.0382195,0.0382107,0.0431256,0.0382048,0.0382053,0.0382055
0.0388034,0.0388202,0.0389966,0.0388955,0.0388172,0.105466,0.0402141,0.0388278,0.0388072,0.0388053,0.0388036,0.0388132,0.0388042,0.0388109,0.0388167,0.0388615,0.0388099,0.0388098,0.0388033,0.0388083,0.0388085,0.0388581,0.0388034,0.0389352
0.038875,0.0389448,0.0388837,0.105543,0.0388628,0.0388683,0.0388631,0.0388628,0.0388626,0.0388628,0.0388626,0.0388629,0.0388994,0.0392031,0.0388627,0.0388628,0.0388626,0.0388637,0.0388681,0.0388691,0.0388628,0.0388764,0.0389143,0.0389009
0.0389395,0.0388989,0.0388891,0.0389153,0.0388921,0.0389049,0.0388954,0.0388888,0.0389122,0.0389272,0.0388889,0.038889,0.03889,0.0388887,0.038911,0.0389078,0.0388939,0.038889,0.0390262,0.0388888,0.105169,0.0388906,0.0389146,0.0388888
0.0387475,0.0387476,0.0387482,0.038748,0.038867,0.0387476,0.0387479,0.0388725,0.0387546,0.0391318,0.0397276,0.0387475,0.0387496,0.0387475,0.0410963,0.0387477,0.104656,0.0387634,0.0387485,0.0387475,0.038894,0.0387495,0.038754,0.0387584
0.0389586,0.0389637,0.0389571,0.0389572,0.0389706,0.0389572,0.0389571,0.0390058,0.0389573,0.038962,0.0389811,0.0394418,0.0389573,0.0389594,0.0389648,0.0389613,0.0389573,0.0389785,0.0389623,0.0535737,0.0389641,0.0390433,0.0389571,0.0886515
0.0384161,0.0384679,0.0413266,0.0400314,0.038415,0.0454816,0.0384149,0.038413,0.0384147,0.0384125,0.0384128,0.0385163,0.0384135,0.104345,0.0384132,0.0384147,0.0384125,0.0384228,0.0384134,0.038417,0.0384126,0.0384174,0.0387597,0.0384353
0.038692,0.0386922,0.0386921,0.0387001,0.038704,0.0386965,0.038717,0.0390788,0.0386928,0.038698,0.0397745,0.0387643,0.0386939,0.0386921,0.038703,0.0386933,0.104853,0.0386928,0.0421764,0.0386946,0.0387371,0.0386992,0.038762,0.0387007
0.0391755,0.0391631,0.0391605,0.0392381,0.0391602,0.0391601,0.03916,0.0391619,0.0392145,0.0391654,0.0391951,0.0391669,0.0391609,0.0391602,0.0391605,0.0393029,0.039165,0.0979558,0.0391631,0.0393377,0.0394527,0.0396303,0.0392077,0.039182
0.038879,0.105023,0.0388788,0.0392422,0.0390261,0.0388789,0.0389149,0.0389647,0.0388787,0.0389048,0.0388785,0.0388794,0.0388786,0.0388794,0.0388861,0.0388801,0.0388786,0.0388855,0.0388786,0.0388932,0.0389483,0.0388788,0.0388793,0.0388846
0.0388867,0.0388628,0.0388628,0.0388627,0.0388635,0.0389066,0.0388627,0.0388641,0.0395955,0.038864,0.0388632,0.105128,0.0388629,0.038873,0.038893,0.0388711,0.0388629,0.0388631,0.0388935,0.0389951,0.0388642,0.0388657,0.0388627,0.0388701
