0.0384501,0.0384518,0.0384493,0.0384491,0.038461,0.0386732,0.0384492,0.0384491,0.0515902,0.038492,0.053159,0.0384583,0.0384491,0.0384498,0.0867764,0.0384534,0.0389561,0.0386817,0.0384491,0.0384491,0.0384555,0.0384491,0.0384491,0.0384494
0.0388839,0.038881,0.038881,0.0388809,0.0388809,0.0389083,0.0388811,0.0388809,0.0388809,0.0388809,0.0388824,0.0388809,0.0388822,0.0388809,0.0389116,0.0388894,0.0388809,0.0388809,0.0388875,0.0388809,0.105525,0.0389924,0.0389041,0.038881
0.0388663,0.0388687,0.0388793,0.0388955,0.0388663,0.0388669,0.0388713,0.038879,0.0388685,0.038872,0.0388663,0.0388701,0.0388666,0.105625,0.0388663,0.0388725,0.0388663,0.0388665,0.0388663,0.0391941,0.038867,0.0388663,0.0389028,0.0388701
0.0394648,0.0394658,0.0394646,0.0394646,0.0394649,0.0394649,0.0394651,0.0394646,0.092007,0.0394667,0.0394648,0.0394646,0.0394647,0.0394647,0.0394647,0.0394739,0.0394648,0.0394716,0.0394647,0.0394647,0.0394647,0.0394659,0.0397484,0.0394646
0.0388822,0.0388597,0.0389276,0.0388597,0.0388597,0.0388599,0.0391945,0.0388597,0.0388609,0.0389063,0.0388597,0.0388597,0.0389331,0.0388601,0.0388597,0.105574,0.0388597,0.0388598,0.0388597,0.0388878,0.0388598,0.0388597,0.0388604,0.0389366
0.0389047,0.038884,0.0388812,0.0389211,0.0388811,0.0388811,0.0388811,0.0388812,0.0388812,0.0388811,0.0388814,0.0388815,0.0388811,0.0388815,0.0388811,0.0388861,0.0388811,0.105597,0.0388811,0.0388821,0.0388811,0.0388851,0.0388941,0.0389283
0.0388976,0.0388924,0.0388922,0.0388922,0.0389132,0.0388935,0.0388964,0.0388922,0.0388924,0.0388922,0.0388938,0.0388948,0.105431,0.0388922,0.0388928,0.0388934,0.0388922,0.0388932,0.0388922,0.0388923,0.038894,0.0388928,0.0388986,0.0388923
0.039421,0.0394184,0.039419,0.0394183,0.0394344,0.0394187,0.0394185,0.0394183,0.039421,0.0394184,0.089202,0.0394188,0.0394184,0.0394186,0.0435515,0.0394183,0.0394186,0.0394209,0.0394183,0.0394183,0.0394331,0.0394187,0.03942,0.0394185
0.0388125,0.0388051,0.0388183,0.0388082,0.0388045,0.0388062,0.0388041,0.0388095,0.0388042,0.0388041,0.0388049,0.105326,0.0388041,0.0388041,0.0388235,0.0388041,0.0388041,0.0407543,0.0388041,0.0389776,0.0388042,0.0388042,0.0388041,0.0388041
0.0379904,0.0379902,0.0380366,0.0380491,0.0379908,0.0379908,0.0379918,0.0380004,0.0379902,0.0379902,0.0379902,0.0379903,0.0382014,0.0379902,0.0379913,0.0379902,0.0607735,0.0379951,0.103098,0.0379936,0.0379905,0.0379945,0.0379904,0.0379904
0.0388762,0.0388762,0.0388763,0.0388763,0.0388763,0.0389698,0.038916,0.0388764,0.0388798,0.0388763,0.0388763,0.0388762,0.0388869,0.0388763,0.0388763,0.105503,0.0388762,0.0388763,0.0389424,0.038997,0.0388779,0.0388826,0.0388764,0.0388767
0.0388162,0.0387495,0.0387825,0.0387491,0.0387491,0.0387496,0.0387492,0.0387491,0.0387492,0.0387492,0.0387491,0.0387491,0.0396832,0.0387491,0.0387708,0.0388474,0.0387493,0.0387491,0.0409699,0.0387495,0.105324,0.0388168,0.0387503,0.0387492
0.0385668,0.0386505,0.0385663,0.0385669,0.0385664,0.0385663,0.0977125,0.0521126,0.0385663,0.0386516,0.0385663,0.0385663,0.0385843,0.0385663,0.0385796,0.0385663,0.0399716,0.0385666,0.0385663,0.0385663,0.0385665,0.0386702,0.0385707,0.0385665
0.037762,0.0377328,0.0384817,0.0377269,0.0377269,0.0377269,0.0377916,0.0377269,0.0377269,0.0377273,0.0377391,0.0377269,0.0377286,0.0377272,0.0377269,0.037728,0.0377274,0.0377291,0.0377269,0.0377269,0.0667647,0.037727,0.102364,0.0377269
0.0388377,0.0395265,0.0388382,0.0388515,0.0388379,0.0388965,0.038844,0.105569,0.0388377,0.039214,0.0388388,0.0388379,0.0388377,0.0388377,0.0388487,0.0388377,0.0388379,0.0388377,0.0388378,0.0388383,0.0388429,0.0388385,0.0388377,0.0388383
0.0392381,0.0391619,0.039162,0.0391619,0.0391619,0.0391673,0.0391634,0.0391619,0.0391619,0.039162,0.0391679,0.0391619,0.0391638,0.0391619,0.0394989,0.0391631,0.0391619,0.0391619,0.0391637,0.039162,0.0987471,0.0392217,0.0391999,0.039162
0.0387357,0.0387357,0.0390442,0.0394366,0.0387613,0.0387357,0.0387372,0.0388733,0.0387357,0.0387357,0.0387357,0.0387357,0.0387426,0.0387358,0.0395552,0.0387357,0.0405044,0.0387357,0.105291,0.0387472,0.0387359,0.0387426,0.0387357,0.0387359
0.0388538,0.0388543,0.0390115,0.0388538,0.0394762,0.0388632,0.105526,0.038854,0.0388541,0.038854,0.0388539,0.0388538,0.0388538,0.0388603,0.0388539,0.0388907,0.0388546,0.0388538,0.0388545,0.0388539,0.0388539,0.0388538,0.0388538,0.0388538
0.0388786,0.0388831,0.0388788,0.0390261,0.0388795,0.038886,0.0388787,0.105613,0.0388786,0.0388873,0.0388793,0.0388788,0.0388788,0.0388786,0.0388789,0.0388786,0.0388791,0.0388787,0.0388823,0.0388816,0.0388795,0.0388793,0.0388786,0.0388786
0.0385354,0.0385353,0.0385404,0.0385555,0.0385351,0.0385354,0.0385469,0.0385352,0.0385691,0.0385392,0.0385351,0.0385351,0.0385351,0.0385351,0.0471518,0.0385351,0.10472,0.038588,0.0385354,0.0385351,0.0387103,0.0385373,0.0385841,0.0385351
0.0392059,0.0389265,0.0388584,0.0388584,0.0388585,0.0388584,0.0393473,0.0388584,0.0388584,0.0388585,0.0388664,0.0388584,0.0389421,0.0388584,0.0388584,0.0388584,0.038859,0.038895,0.0388584,0.0388584,0.0389065,0.0388584,0.105175,0.0388586
0.0387041,0.0387043,0.0387056,0.0387041,0.0387041,0.0397355,0.0387048,0.0387043,0.105168,0.0387041,0.0387128,0.0387055,0.0387041,0.0387042,0.0422236,0.0387665,0.0387069,0.0387041,0.0387041,0.0387041,0.0387127,0.0387042,0.0387041,0.0387041
0.0376205,0.0376203,0.0376203,0.0376217,0.0376326,0.0376203,0.039733,0.0376213,0.0376204,0.0376233,0.0676306,0.0376202,0.0376209,0.037663,0.0376203,0.0394043,0.0376403,0.0376409,0.100686,0.0376203,0.0376203,0.0376535,0.0376247,0.0376211
0.0388809,0.0388808,0.0388807,0.0388831,0.0388963,0.0388807,0.0388815,0.0388808,0.0388807,0.0388807,0.0388809,0.0388807,0.105677,0.0388807,0.0388807,0.0388809,0.0388904,0.0388808,0.0388808,0.0388807,0.0389166,0.0388811,0.0388813,0.0388809
0.0388582,0.0388554,0.0388554,0.0388554,0.0388716,0.0388579,0.0388628,0.0388557,0.0388651,0.0388559,0.0388689,0.105612,0.0388553,0.0388559,0.0393529,0.0388553,0.0388553,0.0390063,0.0388553,0.0388578,0.0388573,0.038864,0.0388553,0.0388553
0.0392224,0.0388518,0.0388902,0.0391791,0.038851,0.038851,0.0388993,0.0388537,0.038851,0.105598,0.038851,0.0388511,0.0388536,0.0388512,0.0388512,0.0388547,0.038851,0.0388708,0.038851,0.0388511,0.0388602,0.0388527,0.038851,0.038852
0.0387778,0.0387779,0.0389128,0.0387778,0.0427489,0.0402285,0.101711,0.0387782,0.0389896,0.0387786,0.0387778,0.0387779,0.0387784,0.0387795,0.0388195,0.0393014,0.0388058,0.0387778,0.0388101,0.0387779,0.038778,0.0387784,0.0387778,0.0387787
0.0388592,0.0389329,0.0388592,0.0388604,0.0388592,0.0388592,0.105627,0.0388594,0.0388594,0.0388664,0.0388592,0.0388592,0.0388594,0.0388592,0.0388594,0.0388596,0.0390413,0.0388594,0.0388592,0.0388592,0.0388634,0.0388592,0.0392006,0.0388593
0.0390943,0.100762,0.0390937,0.0390972,0.0390935,0.0390967,0.0390941,0.0390943,0.0390935,0.0391247,0.0390935,0.0391119,0.0390935,0.0390935,0.0391004,0.0390935,0.0390935,0.0390964,0.0390935,0.0390954,0.0391055,0.0390967,0.0390935,0.0390957
0.103318,0.0388266,0.0389953,0.0388309,0.0388256,0.0388256,0.0388257,0.0388256,0.038826,0.0388275,0.0388256,0.0407964,0.0388256,0.0388257,0.0388256,0.0388256,0.0388256,0.0388378,0.0388256,0.0388257,0.0388286,0.0388259,0.040354,0.038826
0.0388634,0.0388831,0.0388633,0.0388646,0.0388634,0.0388648,0.0388636,0.0388645,0.0388634,0.0388638,0.038864,0.038878,0.0388639,0.0394422,0.0388637,0.038871,0.0388634,0.0388633,0.0388633,0.0390172,0.0388633,0.0388687,0.0388633,0.105357
0.0388972,0.0388893,0.0388939,0.0388893,0.0388895,0.0388903,0.0388893,0.0388893,0.0388894,0.0388896,0.10549,0.0388904,0.0388893,0.0388893,0.0389195,0.0388897,0.0388893,0.03889,0.0388917,0.0388925,0.0388896,0.0388893,0.0388923,0.0388896
0.0371399,0.0371393,0.0374561,0.0372657,0.0371393,0.0371376,0.0371378,0.0371374,0.0371375,0.0371379,0.0371384,0.0371374,0.0793114,0.0371376,0.0371374,0.0372015,0.0372354,0.0371375,0.10095,0.0371692,0.0382345,0.037138,0.0381057,0.0371376
0.038878,0.0388786,0.0388791,0.0389027,0.0388784,0.0389516,0.0388792,0.105681,0.038878,0.0388791,0.0388786,0.0388854,0.0388781,0.0388781,0.0388781,0.038878,0.0388787,0.0388781,0.0388798,0.0388782,0.0388783,0.038889,0.0388781,0.038878
0.0385774,0.0385806,0.0385774,0.0385774,0.0385774,0.0402048,0.0385878,0.0385776,0.0385855,0.0385776,0.0385775,0.0385807,0.0385774,0.0385777,0.0385774,0.0448016,0.0385774,0.0385774,0.0385982,0.104805,0.0385775,0.0385787,0.0385774,0.038593
0.0373588,0.0373578,0.0373579,0.0373578,0.0374182,0.0373578,0.037359,0.037358,0.0373579,0.0373578,0.100491,0.0373579,0.0373579,0.0373578,0.0775639,0.0373578,0.037358,0.0373579,0.0373629,0.0373579,0.037358,0.037358,0.0373578,0.0373626
0.038904,0.0389037,0.0389054,0.0389361,0.0389037,0.0389523,0.038904,0.0389037,0.0389049,0.0390903,0.0389036,0.0389241,0.0389037,0.104095,0.0389037,0.0389515,0.0389036,0.0389077,0.0389037,0.03968,0.0389038,0.0389039,0.0389039,0.0389037
0.0388781,0.0388776,0.038879,0.0388785,0.0388775,0.0388797,0.038878,0.0388776,0.038879,0.0388776,0.0388775,0.0388776,0.038885,0.0388777,0.0388775,0.105674,0.0388777,0.0388776,0.0388782,0.0388948,0.0388777,0.0388804,0.0388794,0.0389823
0.0388396,0.0388215,0.0388215,0.0388214,0.038858,0.0388216,0.0388227,0.0388217,0.0401654,0.0388216,0.0388229,0.105428,0.0388214,0.0389636,0.0388232,0.0388214,0.0388214,0.038832,0.0388214,0.0388606,0.0388214,0.0388219,0.0389042,0.0388215
0.0388767,0.0388771,0.0388875,0.0388992,0.0388768,0.0388768,0.0388861,0.0388805,0.038878,0.0388857,0.0388768,0.038877,0.0388769,0.105651,0.0388767,0.0389571,0.0388767,0.0388768,0.0388767,0.0388789,0.0388768,0.0388767,0.0388947,0.0389024
0.0388017,0.0388013,0.038898,0.0388005,0.0388007,0.0388011,0.0388005,0.0388026,0.0393472,0.0390655,0.0388015,0.104798,0.0388005,0.038977,0.0389541,0.0388013,0.0388007,0.0388038,0.0388005,0.0388005,0.0403014,0.0388005,0.0388005,0.0388401
0.0388788,0.0388788,0.038879,0.0388788,0.038882,0.0388915,0.0388789,0.038891,0.0389262,0.0388789,0.0388976,0.105677,0.0388789,0.0388799,0.0388804,0.0388788,0.0388788,0.038879,0.0388788,0.038892,0.0388788,0.0388788,0.0388789,0.0388788
0.0388657,0.0388653,0.0388653,0.0389141,0.0388652,0.038867,0.0391224,0.0389334,0.0388652,0.105637,0.0388652,0.0388653,0.0388652,0.0388663,0.0388653,0.0389112,0.0388652,0.0388712,0.0388652,0.0388654,0.0388895,0.0388742,0.0388653,0.0388652
0.0388631,0.0388629,0.0388695,0.0388621,0.0388624,0.0388633,0.0388622,0.0388683,0.0393168,0.0388623,0.0388655,0.0388678,0.0388621,0.0388622,0.10559,0.0388621,0.0389607,0.0388625,0.0388621,0.0388621,0.0388628,0.0388621,0.0388634,0.0388622
0.0388517,0.0388544,0.0388514,0.0388509,0.0388733,0.0388522,0.038851,0.0388509,0.0388525,0.038851,0.104428,0.0388509,0.0389378,0.0388511,0.0388511,0.0388592,0.0388516,0.0388515,0.0388663,0.0388515,0.0388511,0.038851,0.0407089,0.038851
0.0389104,0.0389055,0.0389072,0.0389055,0.0389054,0.0389055,0.0389114,0.0389054,0.0389054,0.038909,0.0389054,0.0389054,0.0389069,0.0389054,0.0389055,0.0389144,0.0389054,0.0389064,0.0389054,0.0389054,0.104227,0.0389162,0.0398147,0.0389054
0.0388296,0.0388325,0.0388296,0.0388302,0.0388296,0.0388296,0.0388351,0.0388299,0.0402867,0.0388299,0.0388305,0.0388297,0.0388413,0.0388296,0.0388329,0.0388296,0.105422,0.03883,0.0388296,0.0388296,0.0388404,0.0388311,0.0388298,0.0388308
0.0388741,0.038874,0.0388734,0.0388776,0.0388748,0.0388734,0.0388768,0.0388735,0.0388735,0.0388734,0.0388739,0.0388735,0.105559,0.0388734,0.0388734,0.0388735,0.0391205,0.0388737,0.0388734,0.0388734,0.0389663,0.0388737,0.0388735,0.0388748
0.0388791,0.0388787,0.10568,0.0388786,0.0388888,0.0388816,0.0389312,0.0388784,0.0388793,0.0388785,0.0388794,0.0388785,0.0388799,0.0388792,0.0388785,0.0388788,0.038913,0.0388788,0.0388796,0.0388788,0.0388862,0.0388784,0.0388785,0.0388784
0.0386897,0.0387294,0.0386897,0.0386897,0.0386897,0.104935,0.0386897,0.0438145,0.0386897,0.0386898,0.0386897,0.0386901,0.0386906,0.0386898,0.0386898,0.0386899,0.0386897,0.0386897,0.0386898,0.0386898,0.0386898,0.0387253,0.0386899,0.0386897
0.0389293,0.0389274,0.038929,0.0389274,0.0389324,0.0389274,0.0389484,0.0389274,0.0389433,0.0389279,0.0390777,0.0389286,0.0389274,0.0389274,0.104453,0.0389274,0.0389323,0.0389305,0.0389274,0.0389274,0.038939,0.0389275,0.0389274,0.0389275
0.0376368,0.0376367,0.0376368,0.0376368,0.0376367,0.0376372,0.0376382,0.0376593,0.0376367,0.0997092,0.0376368,0.0376369,0.0376393,0.0376369,0.0376383,0.0376539,0.0376368,0.0376369,0.0376367,0.0376369,0.0721209,0.0377513,0.0376372,0.0376367
0.0388915,0.0388773,0.0388742,0.0388742,0.0388742,0.0388744,0.038874,0.0388744,0.0388747,0.0388751,0.038942,0.0388762,0.038885,0.0388749,0.0388741,0.0389641,0.038874,0.0388764,0.0388741,0.0388755,0.0388747,0.0388998,0.0388745,0.10567
0.03848,0.0385406,0.0384973,0.049074,0.03848,0.0384808,0.0384802,0.0384804,0.03848,0.03848,0.03848,0.0384944,0.03848,0.0384986,0.0384801,0.0384812,0.03848,0.0384823,0.0384826,0.104244,0.03848,0.03848,0.0384839,0.03848
0.0388707,0.0388672,0.038866,0.0389366,0.0388659,0.0388808,0.0388936,0.0389046,0.0388659,0.105644,0.0388659,0.0388805,0.0388659,0.038866,0.038867,0.0388789,0.0388659,0.0388695,0.0388659,0.0388669,0.0389543,0.0390254,0.0388659,0.038866
0.0388894,0.0388786,0.0388795,0.0388786,0.0388801,0.0388933,0.0388788,0.0388786,0.0388798,0.0388828,0.0388862,0.0388791,0.0388786,0.038879,0.105683,0.0388786,0.0388891,0.0388822,0.0388787,0.0388787,0.0389299,0.0388803,0.0388787,0.0388789
0.0386495,0.0386661,0.038651,0.0386497,0.0386495,0.0386495,0.03865,0.03865,0.0386673,0.0386495,0.0386495,0.0386495,0.0386531,0.0386495,0.0441945,0.0386495,0.105008,0.0386504,0.0386495,0.0386495,0.0391051,0.0386499,0.0386607,0.0386496
0.038669,0.0386725,0.0386691,0.0386693,0.0386699,0.0399742,0.0386692,0.105106,0.0386691,0.0386696,0.0387435,0.0386694,0.0386691,0.0386691,0.0386695,0.038669,0.0386895,0.0386693,0.0427064,0.0386693,0.0386704,0.0387298,0.0386691,0.038669
0.038749,0.038749,0.0387606,0.0387514,0.0387497,0.0387557,0.0387512,0.038749,0.038749,0.038749,0.0387492,0.038749,0.0418813,0.038749,0.038749,0.0387513,0.0387521,0.0387491,0.105313,0.0387496,0.0387493,0.0387501,0.0390451,0.0387496
0.0388755,0.0388753,0.0388753,0.0388753,0.0388753,0.038876,0.0388754,0.0388757,0.0389367,0.0388753,0.0388754,0.0388753,0.0388826,0.0388754,0.0388753,0.105668,0.0388755,0.0389042,0.0388762,0.0388886,0.0388758,0.0389159,0.0388764,0.0389193
0.0388855,0.0388782,0.0388782,0.0388914,0.0388782,0.0388782,0.0388782,0.0388795,0.0388785,0.0391058,0.0388782,0.0389081,0.0388784,0.0388782,0.038879,0.038881,0.0388799,0.0388815,0.0388783,0.0388782,0.0388911,0.105494,0.0388846,0.0388782
0.0393708,0.0388588,0.0388588,0.0388892,0.0388588,0.0388588,0.0388596,0.0388598,0.0388588,0.0388975,0.0388588,0.0388926,0.0388613,0.0388588,0.0388699,0.0388589,0.0388751,0.0388682,0.0388591,0.0388588,0.0388591,0.10556,0.0388898,0.038859
0.0388766,0.0388768,0.038877,0.0388768,0.104496,0.0388785,0.0388766,0.0388789,0.0389029,0.0388766,0.038881,0.04018,0.0388778,0.0388768,0.0388766,0.0388766,0.0388767,0.038877,0.0388767,0.0388766,0.0388766,0.038877,0.0388767,0.0388767
0.0388967,0.0388969,0.0388967,0.0388967,0.0390623,0.038897,0.038897,0.0388967,0.0389092,0.0388966,0.0388968,0.038897,0.105141,0.0388967,0.0388966,0.0388973,0.0388967,0.038897,0.0388967,0.0388966,0.0388967,0.038897,0.038952,0.0388967
0.0387699,0.0411015,0.0387698,0.0387698,0.0387698,0.0387997,0.0387732,0.0387703,0.0387697,0.0387733,0.0388782,0.0387741,0.0387701,0.0392099,0.0387769,0.0387713,0.0387698,0.0387734,0.0387697,0.0387806,0.0387697,0.0387698,0.0387698,0.10535
0.0388703,0.0388696,0.0388694,0.0388694,0.0388694,0.0388705,0.03887,0.0388694,0.105592,0.0389934,0.0388694,0.0388741,0.0388695,0.0388697,0.0388717,0.0390986,0.0388779,0.0388772,0.0388694,0.0388698,0.0388694,0.0388772,0.0388932,0.0388694
0.0388849,0.038882,0.0388819,0.0388821,0.0388824,0.0388849,0.0388819,0.0388864,0.0388819,0.0388876,0.0388819,0.038882,0.0389147,0.0388819,0.0388921,0.0388854,0.0388835,0.0388837,0.0388823,0.0388819,0.0388968,0.105633,0.038882,0.0388826
0.0388681,0.0388817,0.0389377,0.105647,0.0388676,0.0388676,0.0388698,0.0391272,0.0388676,0.0389005,0.0388676,0.0388679,0.0388676,0.0388677,0.0388676,0.0388676,0.0388698,0.0388818,0.0388676,0.0388676,0.0388678,0.0388687,0.0388682,0.0388676
0.038992,0.0389557,0.0388725,0.038872,0.038871,0.038871,0.0389275,0.0388752,0.0388714,0.105659,0.038871,0.0388711,0.038871,0.0388711,0.0388939,0.0388722,0.038871,0.0388855,0.038871,0.0388711,0.0388711,0.038871,0.038871,0.038871
0.0389093,0.038911,0.0389093,0.0389092,0.0389094,0.0389095,0.0389113,0.0389092,0.104788,0.038914,0.0389092,0.0389092,0.0389242,0.0389092,0.0389099,0.0389187,0.0391188,0.0389106,0.0389092,0.0389092,0.0389093,0.0389099,0.0389627,0.0389093
0.0388796,0.0388767,0.105674,0.03888,0.0388787,0.0388767,0.038939,0.0388767,0.0388767,0.0388776,0.0388775,0.0388817,0.0388966,0.0388766,0.0388766,0.0388767,0.0388784,0.0389346,0.0388776,0.0388785,0.0388778,0.0388766,0.0388779,0.0388768
0.0386391,0.102422,0.0386418,0.0386371,0.0386603,0.0400109,0.0386371,0.0386396,0.0386719,0.0386421,0.0386542,0.0453257,0.0386371,0.0386382,0.0393673,0.0386371,0.0386371,0.0386398,0.0386371,0.0386371,0.0386757,0.0386373,0.0386374,0.0386376
0.0388783,0.0388767,0.0388769,0.0389065,0.0388767,0.0388767,0.0388781,0.0388828,0.0388766,0.105669,0.0388766,0.0388767,0.0388794,0.0388767,0.0388776,0.0388794,0.0388767,0.0388916,0.0388766,0.0388766,0.0389065,0.0389463,0.0388767,0.038884
0.0388638,0.0388636,0.0388684,0.0388635,0.105627,0.0388678,0.0388636,0.0388651,0.0388636,0.0388636,0.0393495,0.0388646,0.0388658,0.0388635,0.0388699,0.0388636,0.0388635,0.0388673,0.038865,0.0388635,0.0388636,0.0388636,0.0388635,0.0388635
0.0388816,0.0388787,0.0388766,0.0388803,0.0388765,0.0388767,0.0388764,0.0388768,0.0388764,0.0388769,0.0388975,0.0388779,0.0388855,0.0388798,0.0388766,0.038906,0.0388765,0.0388765,0.0388765,0.0389609,0.0388764,0.038881,0.0388765,0.105675
0.0388837,0.0388827,0.105666,0.0388829,0.0389061,0.0388827,0.0388865,0.0388826,0.0388828,0.0388827,0.0388832,0.0388829,0.0388826,0.0388829,0.0388831,0.0388827,0.0388828,0.0388827,0.0388831,0.0388835,0.0388833,0.0388826,0.0388827,0.0388826
0.0385996,0.0386127,0.038613,0.0385996,0.0385996,0.0385996,0.0386004,0.0385996,0.0385999,0.0385996,0.104747,0.0385996,0.0385998,0.0385996,0.0385996,0.0386028,0.0385996,0.0386102,0.0386696,0.0386045,0.0385999,0.0385996,0.0459446,0.0385996
0.0388421,0.0388189,0.0388169,0.0388232,0.0396104,0.038819,0.0388169,0.0388188,0.0388169,0.038817,0.0388174,0.0388202,0.0395778,0.0388169,0.0388192,0.0388258,0.0388183,0.0388885,0.0388175,0.0388169,0.0388281,0.105515,0.0388177,0.038821
0.0407115,0.0436091,0.0407116,0.0407123,0.0407115,0.0407883,0.0407239,0.0407169,0.0407115,0.0407115,0.0407121,0.0407122,0.0407116,0.0524363,0.0407116,0.040739,0.0407115,0.0407115,0.0407152,0.0488051,0.0407116,0.0407115,0.0407119,0.0407909
0.0388749,0.0389082,0.0388749,0.0388749,0.0388751,0.0398926,0.0388773,0.0390606,0.0388794,0.0388749,0.0388756,0.0388878,0.038875,0.03888,0.038875,0.0388759,0.0388749,0.038878,0.0388805,0.104604,0.0388755,0.0388753,0.038875,0.0388749
0.0389091,0.0389091,0.103959,0.0389099,0.0395591,0.0389171,0.038909,0.038909,0.0389094,0.0389094,0.0389091,0.0391408,0.0389093,0.0389094,0.0389134,0.0389091,0.0389091,0.038909,0.0391403,0.0389132,0.0389093,0.038909,0.038909,0.0389096
0.0388661,0.0390047,0.0388706,0.0389296,0.0388661,0.0388668,0.0388842,0.0388722,0.0388687,0.038867,0.0388661,0.0388661,0.0388666,0.10559,0.0388661,0.0388911,0.0388661,0.0388661,0.0388661,0.0388679,0.0388664,0.0388661,0.0389758,0.038983
0.0388538,0.0388533,0.0388534,0.0388534,0.0388533,0.0388548,0.0388534,0.0388533,0.0388589,0.0388534,0.0388538,0.0388534,0.0388609,0.0388534,0.0388533,0.105575,0.0388534,0.0388535,0.0388582,0.0393143,0.0388552,0.038861,0.0388537,0.0391596
0.0388793,0.0388779,0.0388781,0.0389956,0.0388776,0.0388775,0.0388927,0.0388788,0.0388775,0.105672,0.0388775,0.0388776,0.0388775,0.0388795,0.038878,0.0388777,0.0388775,0.0388808,0.0388775,0.0388775,0.0388791,0.0388775,0.0388775,0.0388775
0.0384672,0.0384757,0.0384704,0.0584622,0.0384673,0.0384672,0.0385128,0.0384813,0.0384675,0.0386525,0.0384672,0.0384691,0.0384673,0.0949845,0.0384672,0.0384729,0.0384676,0.0384699,0.0384672,0.0384672,0.0384672,0.0384672,0.0384676,0.038474
0.0359829,0.0363114,0.0360126,0.0359839,0.0359928,0.0359835,0.0403999,0.0977208,0.0359829,0.0359837,0.0798142,0.035983,0.0359829,0.0360175,0.0359829,0.0359829,0.0363762,0.0359889,0.0615528,0.036003,0.0359839,0.0359831,0.035984,0.0360103
0.0388899,0.0388874,0.0388829,0.0388941,0.0388829,0.038883,0.0388829,0.0388829,0.0388829,0.0388833,0.0388847,0.0388848,0.0388829,0.0388831,0.0388829,0.038883,0.0388829,0.105565,0.0388829,0.0388829,0.0388829,0.0389765,0.0388851,0.0388889
0.0389086,0.0389096,0.0388717,0.038876,0.0388713,0.0388713,0.0388875,0.0388822,0.0388713,0.105663,0.0388713,0.0388762,0.0388713,0.0388755,0.038887,0.0388714,0.0388713,0.039033,0.0388713,0.0388718,0.0388725,0.0388727,0.0388713,0.0388714
0.0383783,0.0383785,0.0383898,0.0864954,0.0383783,0.0383783,0.0383911,0.038382,0.0383783,0.0384843,0.0383783,0.0383792,0.038379,0.0676175,0.0383783,0.0383787,0.0383783,0.0384741,0.0383787,0.0383977,0.0383784,0.0383783,0.0396908,0.0383783
0.0387257,0.0387257,0.0387276,0.105224,0.0387257,0.0387257,0.0387269,0.0387295,0.0387257,0.0387766,0.0387256,0.0387259,0.038726,0.0427307,0.0387256,0.038727,0.0387258,0.0387334,0.0387257,0.0387261,0.0387257,0.0387257,0.0387377,0.0387257
0.0388772,0.0388905,0.0388793,0.0388806,0.0388772,0.0388772,0.0388775,0.0388796,0.0388796,0.0388796,0.0388774,0.0388871,0.0388772,0.105634,0.0388771,0.038878,0.0388771,0.0388781,0.0388771,0.0389323,0.038879,0.0388772,0.0388861,0.0389637
0.0381528,0.0381528,0.0381529,0.0381537,0.0553712,0.0381529,0.0381528,0.0382998,0.0381545,0.0381528,0.0381529,0.0381529,0.0547127,0.0381529,0.0381528,0.0381535,0.0382088,0.0381528,0.0884941,0.0381528,0.0381541,0.0381576,0.0381528,0.0381528
0.0391579,0.0391582,0.0391579,0.0391621,0.0391579,0.0391783,0.0968811,0.0391652,0.0391582,0.0391579,0.0391579,0.0391592,0.0391581,0.0391579,0.0391579,0.0392243,0.039158,0.0391579,0.0391944,0.0391745,0.0391735,0.0413304,0.0393033,0.0391579
0.0402927,0.040378,0.0402927,0.0402927,0.0402927,0.0730394,0.0403743,0.0402936,0.0402927,0.0402927,0.0403004,0.0403353,0.0402943,0.0402927,0.0402937,0.0402937,0.0402927,0.0402927,0.0402927,0.0402927,0.0402945,0.0402934,0.0402927,0.0402974
0.0366493,0.0366939,0.0366485,0.0434212,0.0366485,0.0366485,0.0993437,0.0366496,0.0366558,0.0366492,0.0366488,0.0366485,0.0395363,0.0366485,0.0366485,0.0366819,0.0808118,0.0366533,0.0366485,0.0366485,0.0366486,0.0366487,0.0404456,0.0366742
0.0387067,0.0387066,0.0387092,0.0387167,0.0387137,0.0387078,0.0387069,0.0387414,0.0387075,0.0391097,0.0387067,0.104098,0.0387066,0.0438843,0.0387148,0.0387067,0.0387066,0.0387083,0.0387066,0.0387068,0.0387069,0.0387079,0.0387066,0.0387066
0.0396591,0.0396635,0.039659,0.0396591,0.0396591,0.0402006,0.0396704,0.0396925,0.0396625,0.039662,0.039659,0.0397384,0.0396591,0.0397016,0.0396591,0.0396591,0.039659,0.039659,0.0396603,0.0871191,0.039659,0.0396592,0.039659,0.039661
0.0378825,0.0378827,0.0378826,0.0378825,0.0379336,0.0632719,0.102928,0.0378852,0.0378828,0.0378931,0.0378825,0.037896,0.038036,0.0378825,0.0378825,0.0379066,0.0378826,0.0378825,0.0379902,0.0378833,0.0378828,0.0379007,0.0378825,0.0378844
0.0388628,0.0388904,0.0388637,0.0388637,0.0388628,0.0388674,0.0388629,0.0388762,0.0388784,0.038863,0.0388628,0.0389099,0.0388628,0.0394388,0.0388628,0.0388875,0.0388627,0.0388629,0.0388649,0.105441,0.0388628,0.0388628,0.0388645,0.0388629
0.0388791,0.0388686,0.0388334,0.0388333,0.0388333,0.0388335,0.0388333,0.0388333,0.0389246,0.0388333,0.0424594,0.0388333,0.0388334,0.0388336,0.0388333,0.0388337,0.0388341,0.0388347,0.0388333,0.0388335,0.0388728,0.0388333,0.102993,0.0388333
0.0388639,0.0390034,0.0388639,0.0388657,0.0388639,0.0388639,0.0389398,0.0389455,0.0389827,0.0388639,0.0388639,0.0388639,0.0388658,0.0388639,0.0388798,0.038864,0.105609,0.0388639,0.0388639,0.0388639,0.0389406,0.0388719,0.0388642,0.0388643
0.0388657,0.105647,0.0388656,0.0388657,0.0388657,0.0391153,0.0388671,0.0388683,0.0388663,0.0389005,0.0388663,0.0388659,0.0388656,0.0388669,0.038869,0.0388656,0.0388656,0.0388657,0.0388656,0.0388658,0.0389643,0.0388657,0.0388656,0.0389153
0.0388491,0.038849,0.038849,0.0388515,0.0388489,0.0388511,0.0388601,0.0388502,0.0388492,0.038849,0.0388489,0.038849,0.0388494,0.038849,0.0388489,0.105562,0.0388754,0.0388493,0.0388954,0.0395096,0.0388582,0.038999,0.0388492,0.0388493
0.0388789,0.0388774,0.0388767,0.0388767,0.0388805,0.0388806,0.0388767,0.0388769,0.0388767,0.0388767,0.0388878,0.0389052,0.0388821,0.0388767,0.0388904,0.0388788,0.0388769,0.0388864,0.0388816,0.0389303,0.0388944,0.105667,0.0388771,0.0388872
0.0388699,0.038976,0.0388703,0.0388715,0.0388698,0.0388702,0.0389455,0.0390094,0.0388724,0.105612,0.0388698,0.0388698,0.0388698,0.0388714,0.038885,0.0388862,0.0388787,0.0388783,0.0388698,0.0388698,0.0388709,0.0388698,0.0388698,0.0388743
0.0388298,0.0388284,0.0388255,0.0388256,0.0388256,0.0388278,0.0388657,0.0389011,0.0388255,0.0388589,0.0388255,0.0388291,0.038835,0.0388321,0.0388333,0.0388277,0.0388256,0.0388286,0.0388921,0.0388257,0.0400104,0.105522,0.0388278,0.0388709
0.0388734,0.0388734,0.0388736,0.0388732,0.0388732,0.0388795,0.0389521,0.0388732,0.0389506,0.0388752,0.0389197,0.0388737,0.0388739,0.0388732,0.0388746,0.0388732,0.039039,0.0388736,0.0388758,0.0388736,0.0388923,0.0388748,0.105512,0.0388732
0.0385434,0.0385389,0.038539,0.0385406,0.0385382,0.0385402,0.0386436,0.0385384,0.0385388,0.0386193,0.0385382,0.0385382,0.038676,0.0385382,0.0467493,0.0385399,0.104608,0.0385413,0.0385383,0.0385382,0.0387836,0.0387515,0.0385403,0.0385385
0.0392204,0.039221,0.0392203,0.0392212,0.0392202,0.0392203,0.0392204,0.0392202,0.0392204,0.0392202,0.039229,0.0392207,0.0970462,0.0392202,0.0392202,0.0392202,0.0392831,0.0392203,0.0392361,0.0392204,0.0393132,0.039221,0.039924,0.0392207
0.0385394,0.0386049,0.0385395,0.0385402,0.0385402,0.0385892,0.0385395,0.0385464,0.0478363,0.0385395,0.0385394,0.103844,0.0385398,0.0385395,0.0388408,0.0385395,0.0385532,0.0385421,0.0385394,0.03854,0.0385395,0.0385441,0.0385421,0.0385411
0.0388644,0.0388641,0.0389106,0.0388639,0.0388645,0.0388787,0.0388638,0.0388648,0.0388667,0.0388648,0.0388802,0.105626,0.0388638,0.0392304,0.0388859,0.0388638,0.0388638,0.0388639,0.0388638,0.0388802,0.0388764,0.0388639,0.0388671,0.0388638
0.038858,0.0388553,0.0388554,0.0388552,0.0388552,0.0388617,0.0388611,0.0388552,0.0388552,0.0388554,0.0388555,0.0388552,0.0388575,0.0388553,0.0389028,0.0388891,0.0388553,0.0388555,0.0388592,0.0388552,0.105611,0.0394667,0.0388583,0.0388552
0.0388741,0.0390589,0.0388837,0.105669,0.038874,0.0388739,0.0388742,0.0388948,0.0388739,0.0388775,0.0388739,0.0388759,0.0388739,0.0388747,0.038874,0.0388739,0.0388743,0.0388807,0.0388739,0.0388742,0.038874,0.0388742,0.0388741,0.0388739
0.0388941,0.0388535,0.0388539,0.0393442,0.0388554,0.0388525,0.0388525,0.0388536,0.0388526,0.0388526,0.0388525,0.0391208,0.0388525,0.0388527,0.0388526,0.0388525,0.0388526,0.105579,0.0388525,0.0388526,0.0388525,0.0388561,0.0388528,0.0388529
0.0388198,0.0388222,0.03882,0.0388291,0.0388195,0.0388223,0.038822,0.0388205,0.0388205,0.0388225,0.0388199,0.038822,0.0388195,0.0936979,0.0388195,0.0388221,0.0388195,0.0388196,0.0388195,0.0441275,0.03882,0.0388195,0.0388198,0.0469354
0.0388239,0.0388241,0.0402841,0.0388255,0.0388344,0.0388243,0.0388295,0.0388248,0.038824,0.0388239,0.038824,0.0388241,0.0388433,0.0388257,0.0388249,0.038824,0.105533,0.0388268,0.0388337,0.038824,0.0388255,0.0388241,0.0388244,0.0388243
0.0388736,0.0389227,0.0388736,0.0388736,0.038875,0.105669,0.0388876,0.0388744,0.0388743,0.0388746,0.0388738,0.0389138,0.0388736,0.0388756,0.0388744,0.0389867,0.0388736,0.0388737,0.0388736,0.0388798,0.0388791,0.0388763,0.0388736,0.0388738
0.0387102,0.0387102,0.104859,0.038711,0.0434317,0.0387131,0.0387108,0.0387102,0.0387104,0.0387187,0.0387102,0.0387131,0.0387102,0.0387632,0.0387105,0.0387111,0.0387103,0.0387102,0.0387233,0.0387102,0.0387113,0.0387102,0.0387102,0.0387102
0.0380596,0.0380602,0.0380596,0.0380596,0.0380596,0.0380596,0.0380598,0.0380596,0.101773,0.0380599,0.0380596,0.0380596,0.0380636,0.0380596,0.0380596,0.0394325,0.0380601,0.038061,0.0380661,0.0380611,0.0380601,0.0380809,0.059506,0.0380597
0.0391368,0.0391363,0.039137,0.0391361,0.0391359,0.039136,0.039136,0.0391359,0.0996852,0.0391433,0.0391359,0.0391361,0.0391362,0.039136,0.0391379,0.0391381,0.0392744,0.0391364,0.0391359,0.0391359,0.0391359,0.0391459,0.0391608,0.0391359
0.0375392,0.0375449,0.0375393,0.0375427,0.0375385,0.0375385,0.0375392,0.0375398,0.0375384,0.0375423,0.0375434,0.0375396,0.0375387,0.0735852,0.0375384,0.0375435,0.0375385,0.0375398,0.0375384,0.0375639,0.0375387,0.0375409,0.0375455,0.100503
0.0388686,0.0388685,0.0388704,0.0388684,0.105655,0.0389045,0.0388684,0.0388691,0.0388716,0.0388685,0.0391774,0.0388817,0.0388686,0.0388723,0.0388694,0.0388685,0.0388684,0.0388685,0.0388696,0.0388684,0.0388685,0.0388685,0.0388684,0.0388684
0.03888,0.0388802,0.0389428,0.0390673,0.03888,0.0388801,0.0388804,0.0388802,0.0388818,0.0388805,0.03888,0.0388811,0.0388812,0.0403,0.03888,0.0389964,0.03888,0.0388803,0.0388856,0.103923,0.0388805,0.03888,0.0389182,0.0388802
0.0388842,0.0388744,0.038875,0.0388743,0.0388743,0.0388794,0.038875,0.0388743,0.0388743,0.0388744,0.0388743,0.0388743,0.0389177,0.0388743,0.0388827,0.0389095,0.0388743,0.0388743,0.0388819,0.0388743,0.105624,0.0390027,0.0389016,0.0388743
0.037252,0.0369829,0.0369892,0.0369837,0.0371753,0.0370106,0.0369896,0.0369888,0.0385856,0.0369821,0.0384812,0.100527,0.0369821,0.0796303,0.037207,0.0369821,0.0369823,0.0371949,0.0369821,0.0371617,0.0369822,0.0369826,0.0389815,0.0369833
0.0388995,0.0388997,0.0388996,0.0389003,0.0388995,0.104966,0.0389001,0.0390471,0.0388995,0.0388997,0.0388995,0.0389139,0.0388996,0.0388997,0.0388998,0.03891,0.0388996,0.0389001,0.0388996,0.0389068,0.0389194,0.0390418,0.0388995,0.0388995
0.0388824,0.0388833,0.0388854,0.0388823,0.0388826,0.105663,0.038897,0.0388937,0.0388823,0.0388828,0.0388824,0.0388825,0.0388827,0.0388824,0.0388824,0.0388912,0.0388823,0.038883,0.0388823,0.0388824,0.0388831,0.0388828,0.0388823,0.0388834
0.0376846,0.0376743,0.0377074,0.0857323,0.0376746,0.0376742,0.0376752,0.0376864,0.0376742,0.0853697,0.0376742,0.0376743,0.0376743,0.0376771,0.0376744,0.0376743,0.0376743,0.0376774,0.0376742,0.0376742,0.0376747,0.0376749,0.0376743,0.0376743
0.0412451,0.0412348,0.0412347,0.0412333,0.0412327,0.0412327,0.0412327,0.0412327,0.041251,0.0412327,0.0412329,0.0413724,0.0412344,0.0412327,0.0412327,0.0412374,0.0412328,0.0504316,0.0412327,0.0421307,0.0412342,0.0412331,0.0412387,0.0413612
0.0387169,0.0387169,0.103613,0.0387171,0.0388249,0.0387173,0.0387171,0.0387169,0.038717,0.0387169,0.0387259,0.0387169,0.0387174,0.0388281,0.0387169,0.0387772,0.0387172,0.0387169,0.0441484,0.0387169,0.0387171,0.0387169,0.0388934,0.0387169
0.0406109,0.0405961,0.0405961,0.0405971,0.0405965,0.0405989,0.0405969,0.0405962,0.0405961,0.0405961,0.0405961,0.0405961,0.0405961,0.0405962,0.0405961,0.0409216,0.0405962,0.040858,0.0406168,0.0406032,0.0405962,0.0656132,0.0406356,0.0405974
0.0388373,0.0388371,0.0388346,0.0388384,0.0388505,0.0388363,0.0388346,0.0388352,0.0388346,0.0388347,0.0388346,0.0388347,0.0400243,0.0388346,0.0388727,0.038837,0.0388351,0.0388348,0.0388419,0.0388348,0.0388392,0.105511,0.0388348,0.0388568
0.0388283,0.0388159,0.0388102,0.0388101,0.0401111,0.0392,0.105484,0.0388098,0.0388097,0.0388263,0.0388098,0.0388097,0.0388332,0.0388097,0.0388098,0.0388524,0.0388099,0.0388116,0.038881,0.0388115,0.0388097,0.038827,0.0388097,0.0388097
0.0388402,0.0388579,0.0388729,0.0388402,0.0388644,0.0388402,0.0388448,0.0388402,0.105568,0.0388402,0.0388695,0.0388404,0.0388402,0.0392263,0.0388552,0.0388499,0.0390487,0.0388403,0.0388402,0.0388408,0.0392183,0.0388402,0.0388406,0.0388402
0.0388429,0.0388426,0.0388448,0.038896,0.0388427,0.0388425,0.0388488,0.0388428,0.0388426,0.0388425,0.0388425,0.0388425,0.105442,0.0388426,0.0388425,0.0388444,0.0395883,0.0388425,0.0391131,0.0388425,0.0388463,0.0388428,0.0389373,0.0388426
0.0387782,0.0388646,0.0387601,0.0387651,0.0387601,0.0387612,0.03876,0.0387601,0.0387601,0.0387602,0.0387804,0.0387998,0.0387603,0.0387631,0.038764,0.038764,0.0387601,0.0387622,0.03876,0.0417315,0.0387602,0.0387764,0.0387601,0.105328
0.0388707,0.039013,0.0388732,0.0388715,0.0388711,0.038873,0.0388707,0.0389357,0.038877,0.0388711,0.0388758,0.0388715,0.0388707,0.105633,0.0388707,0.0388718,0.0388707,0.0388708,0.0388707,0.0388714,0.0388761,0.0388707,0.0389579,0.0388914
0.0384348,0.0384343,0.0446276,0.0384357,0.0384343,0.0384425,0.0384345,0.0384348,0.0384343,0.0384343,0.0384353,0.0384343,0.0385332,0.0384343,0.0384343,0.0384468,0.0385717,0.0384406,0.104395,0.0384348,0.0435364,0.0384548,0.0384669,0.0384344
0.0387013,0.038699,0.0387828,0.0387566,0.039297,0.0387057,0.0387253,0.0386988,0.0386988,0.0386991,0.0386988,0.0386988,0.104994,0.0386988,0.0386988,0.0387125,0.0386993,0.0386988,0.0428421,0.0386988,0.038699,0.0386988,0.0386988,0.0386988
0.03886,0.0388597,0.0388715,0.0390588,0.0388593,0.0388603,0.0389744,0.0388612,0.0388631,0.0388857,0.0388593,0.0388593,0.0389908,0.0388593,0.0389323,0.0388597,0.105625,0.0388607,0.0388917,0.0388593,0.0388613,0.0388669,0.0388596,0.0388614
0.0388721,0.0388722,0.0388732,0.0388722,0.0388721,0.0388801,0.0388735,0.0390311,0.0388722,0.0388721,0.0388727,0.0388911,0.0389643,0.0388721,0.0388722,0.0388721,0.105646,0.0388731,0.0388759,0.0388721,0.0388723,0.0388731,0.0388722,0.0388794
0.038832,0.0388317,0.0388315,0.0388315,0.0388315,0.0388978,0.0388316,0.0388323,0.0388365,0.0388329,0.0388322,0.0400562,0.0388331,0.0388318,0.0388319,0.0388511,0.0388315,0.0388452,0.0388316,0.105538,0.0388327,0.0388322,0.0388315,0.0388322
0.038935,0.0388728,0.0388728,0.0388964,0.0388728,0.0388729,0.0388729,0.0388743,0.0388729,0.0388876,0.0388728,0.0388879,0.038889,0.0388728,0.0388787,0.0388901,0.0388734,0.0388907,0.0388924,0.0388728,0.0389388,0.105663,0.038875,0.0388728
0.0389032,0.0388792,0.0388801,0.0388956,0.0388791,0.0388799,0.0388968,0.0389134,0.0388791,0.105669,0.0388791,0.0388791,0.0388797,0.0388791,0.0388793,0.0388806,0.0388792,0.0388838,0.0388791,0.0388792,0.0388798,0.0388826,0.0388792,0.0388846
0.0388813,0.0388825,0.0388797,0.0388761,0.0388758,0.0388759,0.0388983,0.0388758,0.0388763,0.0388827,0.0388758,0.0388758,0.0388759,0.0388758,0.0388868,0.0388785,0.038876,0.0388771,0.0388758,0.0388758,0.105671,0.0389207,0.0389547,0.0388758
0.0388817,0.0388817,0.0388818,0.0388817,0.0389168,0.0388822,0.0388817,0.0388819,0.0389344,0.0388817,0.0388892,0.105576,0.0388823,0.0388817,0.0388829,0.0388817,0.0388821,0.0389248,0.0388817,0.0388823,0.0388817,0.0388818,0.0388818,0.0388839
0.038889,0.0388893,0.0388911,0.0388892,0.0388888,0.0388888,0.0388888,0.0388888,0.0388889,0.0388888,0.0389049,0.0388889,0.0388916,0.0389045,0.0388888,0.0388893,0.0388888,0.0388889,0.0389274,0.0388898,0.0388909,0.0388917,0.105474,0.0388888
0.104379,0.0389199,0.0389199,0.0391406,0.03892,0.0389199,0.0389199,0.0389199,0.0389199,0.0389217,0.0389199,0.0389278,0.0389206,0.0389201,0.0389199,0.0389199,0.0389212,0.038925,0.0389199,0.0389199,0.03892,0.038954,0.0391109,0.0389199
0.0390496,0.0388882,0.0388803,0.0388827,0.0388803,0.0388804,0.0388803,0.0388803,0.0388802,0.0388802,0.0388805,0.0388804,0.105336,0.0388802,0.0388802,0.0388802,0.0388863,0.0388802,0.0388803,0.0388803,0.0389173,0.0388818,0.0390725,0.0388808
0.0388591,0.0388626,0.0388591,0.0388593,0.0388592,0.0390909,0.0388593,0.105618,0.0388591,0.0388594,0.0388881,0.0388595,0.0388595,0.0388591,0.0388592,0.0388591,0.0388827,0.0388596,0.0391732,0.0388593,0.0388612,0.0388757,0.0388591,0.0388591
0.0388964,0.0388802,0.0388801,0.0388812,0.0388811,0.0388801,0.0388803,0.0388802,0.0388801,0.0388802,0.0388851,0.0388819,0.0388803,0.0388803,0.0388801,0.0389093,0.0388847,0.105683,0.0388801,0.0388809,0.0388801,0.0388855,0.0388829,0.0388864
0.0386832,0.0386833,0.0621905,0.0386834,0.0845432,0.0387281,0.0386844,0.0386832,0.0386857,0.0386834,0.0386839,0.0386833,0.0386832,0.0386847,0.038691,0.0386978,0.0386834,0.0386832,0.0408436,0.038684,0.0386834,0.0386832,0.0386832,0.0386836
0.0388933,0.0388958,0.0388933,0.0388936,0.0389042,0.104602,0.039001,0.0392455,0.0388937,0.0388961,0.0388933,0.0391083,0.038908,0.0390258,0.0388933,0.038898,0.0388933,0.0388961,0.0388933,0.0388949,0.0388934,0.0388976,0.0388933,0.0388933
0.0388742,0.0388757,0.0388742,0.0388742,0.0388745,0.105647,0.0388897,0.0388809,0.0388742,0.0388743,0.0388743,0.0390876,0.0388743,0.0388743,0.0388742,0.0388805,0.0388742,0.0388743,0.0388742,0.0388742,0.0388742,0.0388756,0.0388742,0.0388755
0.0388471,0.0391005,0.0388471,0.0388471,0.0388491,0.105542,0.0388471,0.0390729,0.0388471,0.0388473,0.0388471,0.0388477,0.038892,0.0388471,0.0388471,0.0388472,0.0388471,0.0388471,0.0388471,0.0388471,0.0388511,0.0392901,0.0388475,0.0388474
0.0392581,0.0392086,0.039208,0.0394379,0.0392086,0.0392108,0.039208,0.039208,0.039208,0.0392082,0.039208,0.0392094,0.039208,0.039208,0.0392084,0.0392081,0.039208,0.0975531,0.0392081,0.0394292,0.039208,0.0393584,0.039208,0.0392133
0.0388798,0.03888,0.0388821,0.0388793,0.0388793,0.03888,0.0389479,0.0388793,0.0388936,0.0388793,0.0388793,0.0388792,0.0388799,0.0388844,0.0388792,0.105676,0.0388798,0.0388795,0.0388793,0.0388826,0.0388813,0.0388795,0.0388794,0.03888
0.0393925,0.0393928,0.0406417,0.0393937,0.0396883,0.039411,0.0409543,0.0393925,0.0393926,0.0393974,0.0394001,0.0393954,0.0393952,0.0393932,0.0393925,0.0393928,0.0393926,0.0393925,0.0908191,0.0393996,0.0393927,0.0393925,0.0393925,0.0393927
0.0387376,0.0387814,0.038737,0.038737,0.0387374,0.0387383,0.0389656,0.0387371,0.100393,0.0387372,0.0387382,0.0387372,0.0470081,0.038737,0.0387371,0.0387451,0.0388314,0.0387377,0.038737,0.038737,0.0387402,0.0387371,0.0387373,0.0387376
0.0388783,0.0388894,0.0388793,0.0388783,0.0388793,0.105669,0.0388886,0.038897,0.0388783,0.0388786,0.0388783,0.0388785,0.0388783,0.0388785,0.0388784,0.0389042,0.0388783,0.0388783,0.0388784,0.0389388,0.0388787,0.0388785,0.0388783,0.0388784
0.038881,0.0388815,0.0388816,0.105688,0.0388809,0.038881,0.0388812,0.0388826,0.0388809,0.0388856,0.0388809,0.0388939,0.038881,0.0389034,0.0388809,0.0388811,0.0388809,0.0388814,0.038881,0.0388864,0.0388811,0.0388811,0.0388812,0.038881
0.0387735,0.0387659,0.0387618,0.0387587,0.0387586,0.0387586,0.0387607,0.0387591,0.0387604,0.0387711,0.0387587,0.0387586,0.0387586,0.0387586,0.0409469,0.0387588,0.0396998,0.0387587,0.0387587,0.0387586,0.105342,0.0387958,0.038759,0.0387586
0.0388825,0.0388876,0.038882,0.0388882,0.038882,0.038882,0.0388849,0.038887,0.0389874,0.0388827,0.0388829,0.0388826,0.038882,0.038882,0.0389157,0.038882,0.105544,0.0388827,0.038882,0.038882,0.0388864,0.0388829,0.0388826,0.0388837
0.0388531,0.0388302,0.0388246,0.0388245,0.0388247,0.0388245,0.0388245,0.0388259,0.0388249,0.0388259,0.0388332,0.0440982,0.038825,0.0388347,0.0388251,0.0388246,0.0388245,0.0388319,0.0388245,0.0390619,0.0388281,0.0388653,0.0388288,0.101411
0.0386449,0.0388122,0.0386515,0.0579878,0.038645,0.0386457,0.0386547,0.0387773,0.0386448,0.0386451,0.0386449,0.0386509,0.0386448,0.0909071,0.0386448,0.0386449,0.0386458,0.0386542,0.0386448,0.0386465,0.0386448,0.0386449,0.0392276,0.0386452
0.0388728,0.0388729,0.0388795,0.0388729,0.0388728,0.0388742,0.0388729,0.0389121,0.0388756,0.0388728,0.0388782,0.0388911,0.039098,0.0388728,0.0388729,0.0388729,0.105557,0.038876,0.0389097,0.038873,0.038874,0.038873,0.038899,0.0388733
0.0380916,0.0380859,0.0380859,0.0380859,0.0380859,0.0380859,0.038086,0.0380859,0.0380859,0.0380874,0.0381199,0.0380859,0.0380862,0.0380859,0.0380859,0.0381283,0.0380862,0.102064,0.0380869,0.038086,0.0380928,0.0598222,0.0381093,0.0381937
0.0388407,0.104803,0.0388402,0.040058,0.0388397,0.0388406,0.0388401,0.0388415,0.0388397,0.0394175,0.0388397,0.038854,0.0388397,0.0388397,0.0388407,0.0388398,0.0388397,0.0388399,0.0388397,0.0388398,0.0388628,0.0388399,0.0388398,0.0388839
