0.0385888,0.0385659,0.0387057,0.0385711,0.0394347,0.0385924,0.0385669,0.0386977,0.0406324,0.0386241,0.0429286,0.0396623,0.0385663,0.0387671,0.10273,0.0385909,0.039499,0.0386126,0.03857,0.0385668,0.0386268,0.038576,0.0387564,0.0385678
0.043655,0.0382048,0.0390997,0.0382334,0.0385761,0.0381982,0.0382031,0.0381968,0.038366,0.0382742,0.0382594,0.0381981,0.0383973,0.0381969,0.0433838,0.0381976,0.0382163,0.0382053,0.041147,0.0381971,0.102213,0.0385601,0.0416237,0.038197
0.0363742,0.0375454,0.036775,0.0740589,0.0364052,0.0366225,0.0363747,0.0364539,0.0363857,0.0363983,0.0363794,0.0364356,0.0363737,0.0967202,0.0363736,0.0364442,0.0363736,0.0365646,0.0363755,0.0604917,0.0363749,0.0363739,0.036381,0.0389442
0.0408311,0.0397926,0.0398015,0.0398056,0.0398436,0.039793,0.03999,0.0397932,0.0695713,0.0398079,0.0398005,0.0397946,0.0410144,0.0398045,0.0399265,0.0403148,0.0398591,0.0398302,0.0405092,0.0398184,0.0398677,0.039841,0.0507968,0.0397926
0.0378755,0.037606,0.0376379,0.03762,0.0376032,0.0379208,0.0594521,0.0376039,0.0412785,0.0382364,0.0376024,0.0379105,0.0376155,0.0378447,0.0376096,0.102061,0.0376045,0.0379114,0.0376023,0.0414478,0.0376075,0.0380557,0.0376669,0.0386257
0.0373187,0.0377401,0.0369851,0.0457635,0.0369927,0.0369646,0.0369788,0.0369981,0.0369593,0.0369777,0.0376868,0.0369589,0.036957,0.0370549,0.0369562,0.0416884,0.0369688,0.0991633,0.0369798,0.0581028,0.0369605,0.0371998,0.0483938,0.0392503
0.0384048,0.0382999,0.0390804,0.0382989,0.0439591,0.0383002,0.0384746,0.0382989,0.0399129,0.038299,0.0401153,0.0383306,0.10247,0.0382996,0.0383151,0.0382994,0.0385314,0.0382996,0.0442781,0.0382998,0.0383767,0.0383182,0.038436,0.0383017
0.0381562,0.0381508,0.0464348,0.0381398,0.0389486,0.0382324,0.0381894,0.0381636,0.0381555,0.0381428,0.102469,0.0382727,0.0381533,0.0381399,0.0484032,0.0381397,0.0382095,0.0381829,0.0383111,0.0381397,0.0382047,0.0381501,0.03836,0.0381506
0.0384298,0.038436,0.0385646,0.0384358,0.0384384,0.0410068,0.0384286,0.0386506,0.0384664,0.038987,0.0451793,0.0973788,0.038425,0.0395985,0.0389891,0.0390791,0.0384251,0.0416072,0.0384253,0.0388423,0.038437,0.0389285,0.0384833,0.0403575
0.0386799,0.0384491,0.0403386,0.0385644,0.038527,0.0384554,0.0390662,0.0384698,0.0384508,0.0384512,0.0395536,0.0384559,0.038947,0.0384498,0.0405134,0.0384495,0.0435932,0.0385346,0.10311,0.038449,0.0384768,0.0386329,0.0389323,0.0384491
0.0388482,0.0388451,0.0388407,0.0388349,0.0394454,0.039524,0.0435152,0.0388135,0.0476463,0.0388168,0.0388437,0.0389772,0.0388699,0.038865,0.0388196,0.0902831,0.0388125,0.0388657,0.0388338,0.0403517,0.0388169,0.0388219,0.0388369,0.038872
0.0395343,0.0385188,0.0390652,0.0385201,0.0385617,0.0385341,0.0385959,0.0385174,0.0389284,0.0385285,0.0385318,0.0385259,0.0427636,0.0385174,0.0386136,0.038518,0.0385609,0.0385193,0.0412149,0.038518,0.100489,0.0422864,0.0391192,0.0385177
0.0388984,0.0389586,0.0388765,0.0389221,0.0390057,0.0388753,0.0971472,0.0416572,0.0389034,0.0395224,0.0390686,0.038875,0.0397053,0.0388761,0.0389482,0.0388839,0.0416473,0.038888,0.0395913,0.038875,0.0389019,0.0388932,0.039203,0.0388762
0.0416933,0.0376006,0.0544658,0.0380392,0.0375973,0.0375906,0.0381246,0.0375897,0.0376919,0.0376071,0.0379446,0.0375901,0.0376223,0.0375983,0.0376486,0.0376092,0.037855,0.0377381,0.0375964,0.037599,0.0585396,0.037608,0.0914562,0.0375943
0.0378269,0.0476995,0.0378277,0.0378411,0.0378842,0.052462,0.0381398,0.102612,0.0378343,0.0391441,0.0380602,0.0381039,0.0378272,0.0378321,0.037923,0.0378294,0.0380258,0.0378603,0.0378346,0.0380641,0.0378283,0.0378632,0.037827,0.0378499
0.061009,0.0376856,0.0400202,0.0376502,0.0376841,0.0376461,0.0376716,0.0376459,0.0382696,0.0378248,0.0383024,0.037649,0.0377544,0.0376459,0.038413,0.0376503,0.0376663,0.0378233,0.0377986,0.037653,0.102001,0.0380514,0.0408355,0.0376484
0.0403834,0.0369557,0.0369773,0.0370623,0.0369615,0.036955,0.0378574,0.0369632,0.0369576,0.0369933,0.0371245,0.036955,0.0431227,0.0369552,0.0369882,0.0369611,0.0746713,0.0369753,0.0989394,0.036955,0.0371981,0.0376446,0.0384842,0.0369586
0.038217,0.0381741,0.0405174,0.0381714,0.0518917,0.0383287,0.101643,0.0381587,0.0391294,0.0381589,0.0390113,0.0381662,0.0381881,0.038162,0.0390862,0.0390747,0.0381739,0.0381924,0.0384342,0.0381644,0.0383051,0.0381574,0.0383353,0.0381582
0.0380529,0.0384267,0.0380529,0.0420365,0.0380536,0.0381677,0.0380589,0.103094,0.0380528,0.0510379,0.0382533,0.0380562,0.0380529,0.0380973,0.0382312,0.0380532,0.0401929,0.0380854,0.0395891,0.038053,0.0380531,0.0381321,0.0380582,0.0380581
0.0386648,0.0385537,0.0385731,0.0386844,0.0385826,0.0385534,0.0393777,0.0385766,0.0385712,0.038559,0.0386457,0.0385531,0.0386851,0.0385531,0.040949,0.0385538,0.102968,0.0385662,0.0399457,0.0385531,0.0391027,0.0385897,0.0430854,0.038553
0.0449251,0.0381577,0.0382255,0.0401093,0.0381824,0.0381433,0.0442407,0.0381429,0.0386932,0.0381483,0.0384159,0.0381427,0.0397261,0.0381874,0.0381454,0.0394205,0.0381653,0.03853,0.038496,0.038161,0.0381773,0.0381467,0.103174,0.0381436
0.0373697,0.0373696,0.0393556,0.0373689,0.0576417,0.0375613,0.0391162,0.0373754,0.0985359,0.0373692,0.037949,0.0379291,0.0380782,0.0373691,0.0521507,0.0373731,0.0374668,0.0373692,0.0376815,0.0373729,0.0380877,0.0373693,0.0373709,0.0373689
0.0491963,0.0365495,0.0365754,0.0367446,0.0365499,0.0365496,0.0380973,0.0365521,0.0365752,0.036569,0.0401994,0.0365496,0.0369727,0.036551,0.036689,0.0370177,0.0377678,0.0379504,0.0866637,0.0365496,0.0365534,0.0370382,0.0869881,0.0365504
0.0381647,0.0381368,0.0381702,0.0381329,0.0474436,0.0381353,0.0384269,0.0381327,0.0388063,0.0381326,0.0382866,0.0381437,0.102973,0.0381341,0.0382061,0.0381368,0.0424055,0.0381331,0.0428463,0.0381334,0.0382348,0.0381555,0.0383774,0.0381519
0.0378163,0.0378095,0.0380542,0.0378143,0.0378131,0.0507356,0.0379531,0.0378243,0.0379459,0.038412,0.0378414,0.100349,0.0378085,0.0382093,0.0469189,0.03865,0.0378091,0.038016,0.0378086,0.0378154,0.0382767,0.0426652,0.0378316,0.0378224
0.0384514,0.045894,0.0377222,0.057643,0.0376636,0.0377766,0.0376922,0.0390897,0.0376627,0.102249,0.0376643,0.0376638,0.037663,0.0381314,0.0376659,0.0376649,0.0376644,0.0377851,0.0377424,0.0376687,0.0376834,0.0377598,0.0376778,0.0377203
0.037151,0.0371537,0.0460032,0.0371508,0.0510117,0.0487586,0.100453,0.0371585,0.043304,0.0371507,0.0371966,0.037389,0.0398642,0.0371513,0.0376814,0.037667,0.0373883,0.0371517,0.0372236,0.0371638,0.0373643,0.0371584,0.0371517,0.0371537
0.0384413,0.038666,0.0383999,0.0474988,0.0383255,0.038325,0.104137,0.0383677,0.0383273,0.0384984,0.0383375,0.0383227,0.038439,0.0383238,0.0383245,0.0384446,0.0400193,0.0383564,0.0392891,0.0383229,0.0397161,0.038356,0.0384326,0.0383285
0.0379872,0.0986629,0.0380126,0.0387498,0.0382076,0.0587886,0.0383405,0.0381658,0.0379881,0.0409824,0.0380056,0.0381452,0.0379861,0.0379946,0.0379962,0.0381445,0.0379851,0.0386044,0.0379864,0.0383344,0.0386926,0.0380253,0.0379858,0.0382283
0.0950198,0.0369654,0.0382536,0.0399466,0.036959,0.0369597,0.03696,0.0369587,0.0369737,0.039727,0.037389,0.0375479,0.0369646,0.0375475,0.0370248,0.0371438,0.0369811,0.037067,0.0369973,0.0369801,0.037512,0.0378564,0.0804515,0.0378136
0.0379959,0.038284,0.0380275,0.0384606,0.0379902,0.0386041,0.0379904,0.0380365,0.0379912,0.0381754,0.0380122,0.0506385,0.0379905,0.0418117,0.037992,0.041251,0.0380043,0.0380887,0.0379907,0.0410774,0.038013,0.041086,0.0380011,0.0984872
0.0388388,0.0383563,0.0473114,0.0384342,0.0385488,0.0383605,0.0384035,0.0383617,0.0383706,0.038359,0.103763,0.0383547,0.0384137,0.0385568,0.0391182,0.0383547,0.0383721,0.038384,0.038885,0.0383537,0.0383548,0.038354,0.0410185,0.0383718
0.0390557,0.0386318,0.0393208,0.0388374,0.040573,0.0386321,0.0386396,0.0386334,0.0387271,0.0386384,0.0389685,0.0386319,0.0394633,0.0386963,0.0396744,0.0386318,0.0389251,0.0386333,0.104709,0.0386314,0.0386409,0.0386321,0.0394411,0.0386314
0.0386053,0.0395138,0.0386092,0.0388456,0.0386081,0.0397625,0.0386252,0.104544,0.0386053,0.0392105,0.0399141,0.0386493,0.0386056,0.0386235,0.0386221,0.0386053,0.0391472,0.0386061,0.0412465,0.0386054,0.0386057,0.0386207,0.0386053,0.0386134
0.0364981,0.0368769,0.036515,0.0366623,0.0365015,0.0404548,0.0365013,0.0365703,0.0380503,0.0365019,0.0365008,0.0420592,0.0364993,0.0380188,0.0364978,0.0832939,0.0364981,0.0365901,0.0365006,0.0985181,0.0364985,0.0365535,0.0365056,0.0383333
0.0373021,0.0372804,0.0374443,0.0372883,0.041807,0.0372815,0.0379831,0.0381692,0.0372888,0.037287,0.0930132,0.0372816,0.037304,0.0372813,0.0691773,0.0372788,0.0400699,0.0374916,0.0449758,0.0372786,0.0372839,0.0372799,0.0378735,0.0372789
0.036873,0.0373458,0.0370636,0.0893616,0.0368454,0.0384,0.0368489,0.0368468,0.0369343,0.0371644,0.0368432,0.0369196,0.0368419,0.0901976,0.0368412,0.0434353,0.0368411,0.0368689,0.0368543,0.0372373,0.0368433,0.0368436,0.0368915,0.0368572
0.0374508,0.0373927,0.0374413,0.0374214,0.0373394,0.0387209,0.0374467,0.0373256,0.038491,0.0373445,0.0373304,0.0378012,0.0373278,0.0374185,0.0373308,0.100702,0.0373261,0.0383455,0.0373251,0.0647004,0.0373714,0.0375827,0.0374145,0.045649
0.0382278,0.0382222,0.0384138,0.038222,0.0385439,0.0443975,0.038234,0.0382288,0.0389914,0.0382972,0.0383938,0.102118,0.0382213,0.0423845,0.0407489,0.0412051,0.0382205,0.0386539,0.0382217,0.0382438,0.0382276,0.0388937,0.0382674,0.0384215
0.0379857,0.039953,0.0382698,0.0493803,0.0379609,0.0380913,0.0381126,0.0379674,0.0379666,0.0382083,0.0380022,0.0380242,0.037969,0.100367,0.0379423,0.0385229,0.0379424,0.0380188,0.0379513,0.0383853,0.0379434,0.037952,0.0380703,0.0490131
0.0375531,0.0380197,0.0375422,0.0375427,0.0375422,0.0375826,0.0375378,0.0375511,0.0377351,0.0523199,0.0375417,0.09999,0.0375375,0.0390323,0.0377244,0.0380861,0.0375398,0.0375583,0.0375375,0.0375772,0.0473457,0.037739,0.0375381,0.046326
0.0378307,0.0378429,0.0378312,0.0378307,0.0379756,0.0543695,0.0379193,0.0384772,0.042793,0.0378314,0.0390219,0.102613,0.0379526,0.0378422,0.0381159,0.0380244,0.0378955,0.0378335,0.037831,0.0406113,0.0378482,0.0378874,0.0378346,0.0379873
0.0380169,0.0377769,0.0377272,0.0392984,0.0377264,0.0389538,0.0382049,0.038009,0.0377316,0.102213,0.0377272,0.0378333,0.0377264,0.0377631,0.037759,0.060422,0.037733,0.0377618,0.0377322,0.0377704,0.037857,0.0406427,0.0378701,0.037744
0.0372159,0.0372133,0.037272,0.0372141,0.0471257,0.0372255,0.0374589,0.0378811,0.0422072,0.037214,0.0428867,0.0374035,0.0373136,0.0372168,0.100927,0.0372144,0.0581014,0.0372482,0.0374021,0.0372134,0.0372314,0.0372169,0.0373841,0.0372134
0.0382536,0.0380627,0.0391873,0.0380612,0.0474636,0.0380609,0.0381261,0.0380619,0.0387652,0.0380604,0.100959,0.038063,0.040178,0.0380751,0.0381196,0.0380625,0.0381158,0.0380626,0.0426787,0.0380632,0.0380686,0.0380602,0.0433259,0.0380648
0.0895098,0.0353302,0.0355996,0.0355155,0.0353523,0.0353275,0.0353773,0.0353274,0.0361842,0.0356788,0.0353365,0.0353287,0.0354738,0.0353283,0.0354607,0.0357006,0.0353732,0.0356127,0.0357293,0.0353305,0.0840891,0.0359375,0.0807667,0.0353296
0.0385193,0.0384833,0.0384739,0.0384741,0.0389102,0.0384734,0.0385328,0.0384913,0.0407936,0.0384786,0.0415178,0.038481,0.041834,0.0384738,0.0391055,0.0385078,0.102486,0.0384768,0.0387109,0.0384746,0.0402301,0.038482,0.0389879,0.038601
0.0370149,0.037066,0.0370282,0.0370116,0.0558731,0.0370154,0.0372346,0.0370144,0.0416402,0.0370106,0.0371057,0.0370387,0.0997153,0.0370115,0.0370389,0.0370158,0.0601151,0.0370108,0.0384612,0.0370154,0.0374807,0.0370151,0.0370286,0.0370382
0.0387638,0.0386994,0.104225,0.0387549,0.0393394,0.0390532,0.039567,0.0386806,0.0390471,0.0386808,0.0387964,0.0386816,0.0387984,0.038682,0.0387198,0.0386806,0.0387589,0.0386931,0.0413126,0.0387016,0.0391093,0.0386821,0.0388917,0.0386805
0.0371815,0.0381067,0.0372069,0.0374573,0.0371946,0.10006,0.0374202,0.0796683,0.0371816,0.0375444,0.0372433,0.0372043,0.0371909,0.0372438,0.037211,0.0371842,0.0371862,0.0371828,0.0373062,0.0371879,0.0371818,0.0372913,0.0371815,0.0371834
0.0379461,0.0379252,0.0382325,0.0379246,0.0557682,0.0379284,0.0380874,0.0380168,0.0400169,0.0379457,0.0517365,0.0380461,0.0380208,0.0379404,0.0926342,0.03793,0.0382228,0.0379614,0.037963,0.0379246,0.0379824,0.0379273,0.0379814,0.0379375
0.0379874,0.0380246,0.0379274,0.0380632,0.0379269,0.0384743,0.0379648,0.0380169,0.0379295,0.0995764,0.0379276,0.0382432,0.0379287,0.0379295,0.0380461,0.0396373,0.0379431,0.0379452,0.0379351,0.0379365,0.0493569,0.0513508,0.0379929,0.0379356
0.0377433,0.0418391,0.0379165,0.0380649,0.0377783,0.0378014,0.0377423,0.0377583,0.0377434,0.0377523,0.0377958,0.0385748,0.0377428,0.0420432,0.0377423,0.0378946,0.0377433,0.0380907,0.0377426,0.0568538,0.0377465,0.0377903,0.0377438,0.102356
0.0372642,0.0751183,0.0376047,0.0518053,0.0373058,0.0376096,0.0372633,0.0372735,0.0372668,0.0372868,0.0372677,0.0373171,0.0372656,0.0408943,0.0372621,0.0374008,0.0372623,0.0374851,0.0372712,0.0832407,0.0372946,0.0372691,0.0372797,0.0396916
0.0383536,0.0383047,0.038262,0.0396098,0.038261,0.0398268,0.0382815,0.0393431,0.0382613,0.103422,0.0382717,0.0385817,0.038261,0.0382673,0.0383019,0.0386805,0.0382684,0.0383211,0.038269,0.0382625,0.0383315,0.049711,0.0382686,0.0382781
0.0385462,0.0385448,0.0389767,0.0385455,0.040634,0.0414732,0.0385613,0.0385556,0.0387073,0.0385487,0.0388773,0.0396863,0.0385496,0.0385459,0.104549,0.0385505,0.0389274,0.038554,0.0386198,0.0385453,0.039754,0.0386393,0.0385636,0.0385447
0.036897,0.0368921,0.0369019,0.0368945,0.0369387,0.0369764,0.0401672,0.0370801,0.037215,0.0368941,0.0372019,0.0369165,0.0370096,0.0368903,0.0837172,0.036968,0.0973542,0.0369289,0.0370017,0.036891,0.0379566,0.0370105,0.0384061,0.0368904
0.0383599,0.0384036,0.0383955,0.0383764,0.0384042,0.0395828,0.0386581,0.104077,0.0383606,0.0387328,0.0438024,0.0383933,0.038363,0.0383737,0.0386036,0.0383599,0.0417093,0.0383753,0.040483,0.0383627,0.0383604,0.0387386,0.03836,0.038364
0.0383017,0.0382508,0.0385287,0.0382578,0.0393648,0.0382541,0.0394839,0.0382537,0.0383241,0.0382504,0.0382856,0.0382509,0.0480603,0.0382504,0.0382583,0.0382512,0.0435582,0.0382529,0.102168,0.0382515,0.0382624,0.0382623,0.0383673,0.0382507
0.0384568,0.0384049,0.0384072,0.0384219,0.0384015,0.0388124,0.0384434,0.0384008,0.0393407,0.0384285,0.0384167,0.0393938,0.0383998,0.0384808,0.0384268,0.102902,0.0384174,0.0433837,0.0383966,0.0422287,0.0384174,0.0393751,0.0390641,0.0391789
0.038836,0.0386437,0.0386459,0.0386461,0.0386438,0.038664,0.0386719,0.0387706,0.0388482,0.043946,0.0386456,0.0388167,0.038906,0.0386452,0.0387794,0.0387001,0.0390594,0.038663,0.0386494,0.0386504,0.0393954,0.10329,0.0388079,0.0386748
0.0426765,0.0383742,0.0384017,0.0388608,0.0383769,0.0383904,0.038407,0.0384551,0.0383777,0.0392103,0.0383932,0.0384033,0.0384707,0.0383912,0.04133,0.0387802,0.0389365,0.0399849,0.038745,0.0383745,0.0383924,0.103067,0.0407713,0.0384291
0.0387093,0.0387208,0.0391514,0.0387138,0.104884,0.0387137,0.0387349,0.0387876,0.0398646,0.0387077,0.0395765,0.0387286,0.0391232,0.0389006,0.0393689,0.0387098,0.0393994,0.0387667,0.0388175,0.0387091,0.0387093,0.0387082,0.0387139,0.0387803
0.0378802,0.037877,0.0379891,0.0378753,0.0538217,0.0379916,0.0383579,0.0378763,0.0475048,0.0378749,0.0385374,0.0380334,0.0988148,0.0378778,0.0378953,0.0378991,0.0381539,0.037877,0.0402405,0.0378927,0.0379113,0.0379199,0.0380178,0.0378803
0.037402,0.0458563,0.0377527,0.0386768,0.0373992,0.0380202,0.0375335,0.0374426,0.0373954,0.0385129,0.0375083,0.0392413,0.0373959,0.0598253,0.0373957,0.0398908,0.0373986,0.0375411,0.0373956,0.0375748,0.037405,0.0374889,0.0374067,0.10054
0.0378612,0.0374547,0.0375854,0.0374593,0.037538,0.0374761,0.0376338,0.0374547,0.100285,0.0374548,0.0374583,0.0374767,0.0387394,0.0375287,0.0379475,0.062255,0.0375161,0.0374741,0.0374557,0.037556,0.0374835,0.0374718,0.0479797,0.0374549
0.0391777,0.0386133,0.0386247,0.038687,0.0386122,0.0387776,0.0386133,0.0386593,0.0386118,0.0438589,0.038623,0.0388187,0.0387669,0.0386126,0.0386888,0.0387145,0.0386408,0.0386175,0.0390494,0.0386119,0.0387237,0.104461,0.0386317,0.0388036
0.0374939,0.0565046,0.0376714,0.101006,0.0374447,0.0374483,0.0374432,0.0386424,0.0374402,0.0438235,0.0374679,0.0374405,0.0374402,0.0444249,0.0374402,0.0374416,0.0374876,0.0404542,0.0375668,0.0374668,0.037446,0.0374485,0.0375667,0.0379903
0.0461438,0.0385567,0.038577,0.0410287,0.0383339,0.0383423,0.0383725,0.0385414,0.038341,0.104159,0.0383337,0.0383332,0.0383331,0.0408432,0.0384221,0.038344,0.0383326,0.0384234,0.038407,0.0383341,0.0383882,0.0383629,0.0384104,0.0383354
0.0386359,0.0376015,0.0376178,0.0376044,0.0389436,0.0376023,0.040524,0.0376017,0.0980839,0.0376018,0.0376024,0.0376018,0.0437563,0.0376019,0.0381748,0.0384135,0.0410221,0.0376134,0.038114,0.0376027,0.0376099,0.0376113,0.0578572,0.0376015
0.0377843,0.0377482,0.102176,0.0384596,0.0470432,0.0377843,0.0385467,0.0376765,0.0377207,0.0376765,0.041964,0.0376776,0.0379751,0.0379617,0.0376813,0.0376773,0.0376932,0.0376898,0.0520421,0.0376831,0.0376857,0.0376764,0.0382978,0.037679
0.0388186,0.0986669,0.0388772,0.039559,0.0388611,0.0441827,0.0388198,0.0390477,0.0388185,0.039235,0.0388867,0.0394803,0.0388182,0.0389359,0.0388845,0.0388558,0.0388189,0.0388244,0.0388255,0.0388426,0.0390208,0.03884,0.0388182,0.0392618
0.0394752,0.0389567,0.0384674,0.0443866,0.0384659,0.0384867,0.0384702,0.0386805,0.0384657,0.102853,0.0384687,0.0384651,0.0384659,0.03853,0.0384678,0.0388023,0.038467,0.0389055,0.0385715,0.0384758,0.0384938,0.0419902,0.038696,0.0384926
0.0380368,0.0381164,0.0398879,0.0380387,0.101643,0.0381419,0.0381082,0.0381606,0.0380542,0.0380345,0.0428433,0.0380878,0.0418456,0.0380495,0.0380927,0.0380344,0.0381293,0.0380618,0.0503705,0.0380445,0.0380429,0.0380451,0.0380429,0.0380872
0.037283,0.0371068,0.0371261,0.0382389,0.0370913,0.0370886,0.0370861,0.0371238,0.0370878,0.037313,0.0372171,0.0372325,0.0370905,0.0801686,0.0370864,0.0377511,0.0370921,0.0384983,0.0371009,0.0378138,0.0370859,0.0373831,0.0373391,0.0985953
0.0382548,0.0382611,0.102829,0.0383905,0.0530599,0.0383561,0.0382664,0.0382125,0.0384043,0.0382125,0.0395437,0.0382156,0.0382664,0.0383495,0.0382775,0.0382125,0.0382204,0.0382278,0.0391714,0.0382257,0.0383024,0.0382124,0.0383142,0.0382132
0.0387478,0.0384464,0.038918,0.0384259,0.0417321,0.0384006,0.0384516,0.0384112,0.0384337,0.0384024,0.100177,0.0384029,0.038459,0.0384069,0.0384079,0.0384029,0.0384471,0.0387894,0.0436027,0.0384403,0.0384036,0.0384009,0.0448714,0.0384184
0.0391121,0.0388094,0.0388674,0.0388762,0.0388095,0.0388451,0.0388091,0.0388166,0.0388096,0.0389051,0.0388452,0.0393352,0.0388266,0.0388136,0.0388223,0.0388541,0.0388177,0.0391721,0.038873,0.0388299,0.0388824,0.104699,0.0388435,0.039725
0.0396407,0.0450046,0.0396732,0.0401935,0.0399648,0.0407109,0.0398682,0.0398652,0.0397264,0.0396536,0.0399483,0.0399278,0.0396523,0.0568015,0.0396403,0.040122,0.0396404,0.0396937,0.0396456,0.0568821,0.0396411,0.0396414,0.0396521,0.0448103
0.0384187,0.0459812,0.0384367,0.0385155,0.0387929,0.0395431,0.0386445,0.0388891,0.0414632,0.0384197,0.0384231,0.0385026,0.0384873,0.0386872,0.0384187,0.0384471,0.0384202,0.0385107,0.0385507,0.102657,0.0385081,0.0384228,0.0384192,0.0384411
0.0379859,0.0416254,0.06413,0.0380107,0.0859886,0.038873,0.0379859,0.0379858,0.0379932,0.0379853,0.0388371,0.0382151,0.0382067,0.0380051,0.0379856,0.0379852,0.0380009,0.0379854,0.0455089,0.0380272,0.0384139,0.0379853,0.0379854,0.0382945
0.0367591,0.0460919,0.0369349,0.0839087,0.0367727,0.0370985,0.0368711,0.0368674,0.0367565,0.0368272,0.0367626,0.0367591,0.03676,0.0928198,0.036756,0.0369372,0.0367587,0.0368314,0.0367837,0.0370723,0.0367565,0.0367596,0.036898,0.0404571
0.0374756,0.0375318,0.0374477,0.0374598,0.0373814,0.0373931,0.0372825,0.0372794,0.0394272,0.0373221,0.0373248,0.0374656,0.0372811,0.0382544,0.0372786,0.0897562,0.0372782,0.0417599,0.0372789,0.0749738,0.0373142,0.0373208,0.0376905,0.0430223
0.0399713,0.0387923,0.0387344,0.0388407,0.038742,0.0387418,0.0387327,0.0397703,0.0387653,0.104812,0.0387775,0.0388032,0.0387303,0.0394655,0.0388547,0.0387376,0.03873,0.0388352,0.0387528,0.0387317,0.0387831,0.0391586,0.0388711,0.0388663
0.0355072,0.0643272,0.0364927,0.0850945,0.0354991,0.0355823,0.0354996,0.0355893,0.0354957,0.0405983,0.035496,0.0355096,0.0354948,0.0940435,0.0354947,0.0355113,0.035495,0.0357332,0.0355099,0.0363522,0.0354989,0.0354954,0.0355068,0.0391728
0.0366374,0.0372588,0.0366735,0.0366806,0.0375607,0.0369241,0.0373152,0.0979636,0.0366375,0.0366413,0.0705866,0.0366712,0.0366591,0.0367069,0.0367493,0.0366377,0.0539617,0.0366867,0.0412577,0.0366447,0.0366375,0.036643,0.036638,0.0372271
0.0384818,0.0401857,0.0385192,0.041438,0.0384162,0.0384735,0.0384086,0.0384513,0.0384085,0.0388553,0.039213,0.0384257,0.0384084,0.0384564,0.0384108,0.0385448,0.0384129,0.0846385,0.0384096,0.0407778,0.038641,0.0393513,0.0385358,0.0601361
0.0398123,0.0386333,0.0386107,0.0411372,0.0385391,0.0385402,0.0385555,0.040941,0.0385564,0.104584,0.0385428,0.0385365,0.0385357,0.0403559,0.0385918,0.038539,0.0385362,0.0390028,0.0386073,0.0385422,0.0385476,0.0385495,0.0386666,0.0385366
0.0371257,0.0381111,0.0380336,0.091411,0.0370585,0.0370876,0.0370509,0.0370803,0.0370541,0.0405788,0.0370513,0.0370614,0.0370474,0.0845912,0.0370474,0.0370721,0.0370473,0.0376084,0.037133,0.0394067,0.0370546,0.0370481,0.0371405,0.037099
0.0367369,0.0392936,0.0382089,0.098747,0.0365907,0.0366081,0.0365915,0.0366135,0.0365904,0.0378695,0.0365914,0.0365903,0.0365897,0.0864701,0.0365895,0.0366343,0.0365903,0.0376728,0.0368273,0.0382603,0.0365937,0.0365925,0.037419,0.0367288
0.0370346,0.0392291,0.0371904,0.0520481,0.0370751,0.0370722,0.0370298,0.0371002,0.0370324,0.0370787,0.037167,0.0371375,0.0370316,0.096673,0.0370273,0.0370974,0.037028,0.0371535,0.0370345,0.0399703,0.0370312,0.0370306,0.0370763,0.0676514
0.0375172,0.0374105,0.0374242,0.0374132,0.0432691,0.0374099,0.0378352,0.0375445,0.0449103,0.0374128,0.0527693,0.0374138,0.0553744,0.03741,0.0381021,0.0374098,0.0392229,0.0374099,0.0894431,0.0374098,0.0375491,0.0374159,0.0375131,0.03741
0.0391827,0.0391874,0.0391764,0.0392443,0.0391742,0.0397009,0.0946004,0.0392489,0.0392205,0.0392726,0.0391924,0.0395419,0.0393005,0.0391769,0.0391732,0.0399864,0.0391903,0.0391745,0.0393665,0.0393038,0.0391872,0.0397713,0.0404556,0.0391711
0.0382409,0.0424279,0.0382541,0.0383078,0.0384784,0.0991897,0.0484286,0.0382843,0.038326,0.0382706,0.0382684,0.041563,0.0382765,0.0382581,0.0382614,0.040887,0.0382418,0.038245,0.0382427,0.038278,0.0384748,0.0382587,0.0382428,0.0382936
0.0377298,0.038473,0.0375979,0.0376412,0.0377671,0.03758,0.101619,0.0375798,0.0378389,0.0375844,0.0376522,0.037581,0.0568323,0.0375846,0.0375802,0.0384642,0.0378243,0.0375821,0.0375916,0.0375902,0.0476676,0.0375806,0.0379929,0.0390653
0.0376232,0.0377785,0.0376458,0.0376756,0.0376357,0.0414878,0.0376367,0.0378696,0.037676,0.0633368,0.0376256,0.094294,0.0376176,0.0452789,0.0383789,0.0380473,0.0376177,0.0377336,0.0376191,0.0376264,0.0379109,0.0384816,0.0376201,0.0377828
0.0392284,0.039648,0.0392546,0.0393949,0.0392436,0.0425545,0.0393097,0.0398968,0.0393634,0.039426,0.0392456,0.0465247,0.0392401,0.0500931,0.0392278,0.0392789,0.0392278,0.0392349,0.0392595,0.0646425,0.0392294,0.0393042,0.0392279,0.0489433
0.0388138,0.0390297,0.0391058,0.0388143,0.0510104,0.0400621,0.0887652,0.0396106,0.0388878,0.0388147,0.0388241,0.0391575,0.0399183,0.0388161,0.0388143,0.0388253,0.0389769,0.0388159,0.0399586,0.0396918,0.0388169,0.0388188,0.0388144,0.0388367
0.0374744,0.0380724,0.0374931,0.0383227,0.0374985,0.0385727,0.0374749,0.0375186,0.0385838,0.0374755,0.0374791,0.0393036,0.0374747,0.0533932,0.0374743,0.0514584,0.037475,0.0377072,0.0374764,0.100096,0.0374755,0.0374794,0.0374979,0.039723
0.0423779,0.0384583,0.0384871,0.0384896,0.0384663,0.0384581,0.0384651,0.038479,0.0424008,0.03864,0.0436817,0.0384583,0.038506,0.0384661,0.0391028,0.0384625,0.0395261,0.0387911,0.03858,0.0384635,0.0393324,0.0385659,0.0988832,0.0384582
0.0383793,0.0383947,0.0383965,0.0383771,0.0384739,0.0383779,0.0448584,0.0385653,0.0384336,0.0383814,0.0392318,0.0384291,0.0385986,0.0383764,0.0393829,0.0383811,0.102839,0.0383892,0.038439,0.0383766,0.0436187,0.0384557,0.0383957,0.0384477
0.0386238,0.104732,0.0386287,0.0412696,0.0388234,0.0393979,0.0386439,0.0389256,0.0386264,0.0392458,0.0386673,0.038666,0.0386236,0.0387503,0.0386241,0.0387422,0.0386244,0.0386603,0.0386284,0.0393601,0.0393685,0.0386242,0.0386239,0.03912
0.0377817,0.0377832,0.0377064,0.0384076,0.037705,0.0378253,0.0377206,0.0377514,0.0378208,0.0380677,0.0377067,0.0377819,0.0377052,0.0378261,0.0377096,0.0976929,0.0378295,0.0403769,0.0377074,0.0657119,0.037751,0.0385094,0.0385052,0.0386166
0.0384817,0.0384658,0.0384783,0.0384707,0.0384652,0.0386562,0.0384648,0.0384716,0.0384673,0.0385308,0.0384847,0.0472907,0.038478,0.0384734,0.0384913,0.0385277,0.0384674,0.0386634,0.0386107,0.0387387,0.0385136,0.103398,0.0384688,0.0404408
0.0382279,0.0381583,0.0381609,0.0381738,0.0380956,0.038261,0.0381548,0.0526779,0.0381676,0.102946,0.0382165,0.0381002,0.0380936,0.042598,0.0389953,0.0381208,0.0380962,0.0381492,0.038097,0.038094,0.0380957,0.0381097,0.0381064,0.0381033
0.0385074,0.0383189,0.0383298,0.0383298,0.0383169,0.0384828,0.0384488,0.0385222,0.0383181,0.0465786,0.0383183,0.0409042,0.0383545,0.0383284,0.0383389,0.0384634,0.0383559,0.0383561,0.0384508,0.0383388,0.0384414,0.103641,0.0383342,0.041221
0.0407269,0.0390997,0.0391398,0.0391036,0.0391362,0.0391001,0.0396619,0.0391414,0.0409344,0.0393143,0.0415179,0.0391045,0.0391389,0.0391,0.0492277,0.0391036,0.0418344,0.0391846,0.0391818,0.0390998,0.0399048,0.0400564,0.0790878,0.0390996
0.0373887,0.0368071,0.0368101,0.0368113,0.0368146,0.0368082,0.0517007,0.0368726,0.0368457,0.0369458,0.0368155,0.0368071,0.0372553,0.036807,0.0630616,0.0368909,0.0980882,0.0368178,0.0452534,0.036807,0.0380605,0.0387479,0.0379758,0.0368071
0.0388969,0.0389256,0.0389459,0.0388941,0.0389754,0.0390658,0.0389594,0.0388902,0.0388937,0.0388854,0.0517304,0.0391182,0.0776342,0.0388857,0.0389262,0.0388928,0.0433306,0.0388893,0.0464375,0.038928,0.039154,0.0389526,0.0408829,0.038905
0.0393694,0.0393759,0.039371,0.0393695,0.039461,0.0407003,0.0393963,0.0408347,0.0397033,0.0393707,0.0398915,0.0855045,0.0394294,0.0393694,0.0411128,0.0394055,0.0421305,0.0393717,0.0393754,0.0394407,0.039372,0.0398222,0.0393711,0.0394512
0.0372266,0.0402692,0.0372395,0.0372335,0.0372777,0.039056,0.0372265,0.0372336,0.0373593,0.037291,0.0372472,0.100558,0.0372285,0.0443989,0.0372294,0.03741,0.0372265,0.0372309,0.0372266,0.0413494,0.0376088,0.0372911,0.037227,0.0633548
0.0565031,0.0376855,0.0448322,0.0376814,0.0377213,0.0376742,0.0376767,0.0376723,0.0379174,0.037894,0.0376996,0.0376769,0.0380553,0.0376726,0.0381238,0.0376745,0.0376794,0.0376851,0.0380403,0.0376738,0.102257,0.0381522,0.0406755,0.0376755
0.0360912,0.0854898,0.0360791,0.0973234,0.0361281,0.0360957,0.036088,0.036317,0.0360574,0.0377056,0.0360572,0.0360578,0.0360564,0.0551323,0.0360563,0.0360745,0.0360578,0.03675,0.036112,0.0378381,0.0360809,0.0360565,0.0360946,0.0362002
0.0385562,0.0386209,0.0384548,0.0387095,0.0384614,0.0384603,0.0385463,0.0388324,0.0384564,0.0403612,0.0385037,0.0395137,0.0384527,0.0385093,0.0384593,0.0401132,0.0384856,0.1009,0.0384543,0.0402313,0.0385332,0.0431174,0.0386527,0.0406143
0.035147,0.0608858,0.035344,0.0398558,0.0352413,0.0352388,0.0351284,0.0351334,0.0351423,0.0355163,0.0351424,0.0358682,0.0351273,0.082161,0.0351272,0.0355442,0.0351271,0.0365378,0.0351315,0.0599164,0.0352144,0.0351284,0.0351323,0.0862088
0.0385756,0.0385736,0.0387911,0.0385754,0.0388475,0.0386022,0.0389353,0.038591,0.0386608,0.0385708,0.0390473,0.0387468,0.0437795,0.0385737,0.0394688,0.0385758,0.103856,0.0385715,0.0396234,0.0385722,0.0385977,0.0386066,0.0386722,0.0385854
0.0379407,0.0499888,0.0384355,0.0379761,0.0399296,0.103073,0.0393117,0.0380866,0.0380147,0.0379492,0.0379408,0.0433167,0.0379458,0.0380963,0.0379549,0.0402864,0.0379419,0.0379409,0.0379416,0.0381406,0.0379462,0.0379428,0.0379407,0.0379579
0.0376572,0.0392535,0.101945,0.037931,0.062342,0.0381201,0.0376616,0.0376466,0.0376577,0.037648,0.0380514,0.0376613,0.0376629,0.0383834,0.0376506,0.0376467,0.0376477,0.0376617,0.0403056,0.0376538,0.0388206,0.0376467,0.0376516,0.0376937
0.0391921,0.0370808,0.0371066,0.0371037,0.0372235,0.0370814,0.0375247,0.0370808,0.0991554,0.0370813,0.0370833,0.0370898,0.0376519,0.0370856,0.0371122,0.0605988,0.0371365,0.0370923,0.0385307,0.0372657,0.0371209,0.0370935,0.0564274,0.0370811
0.0414964,0.0391832,0.0392356,0.0393182,0.039273,0.0391828,0.0392408,0.039183,0.0807288,0.0391863,0.0391846,0.0391828,0.0398603,0.0391916,0.0392228,0.0393438,0.0396794,0.0394284,0.0394455,0.0392962,0.0393405,0.0392018,0.0524113,0.0391827
0.0368583,0.0369245,0.0370745,0.0441256,0.0368297,0.0368586,0.0368291,0.0369955,0.03683,0.0372572,0.0370297,0.0369396,0.0368283,0.095751,0.0368288,0.0375995,0.0368329,0.037594,0.0368329,0.0397867,0.0368283,0.0368502,0.0372118,0.0805033
0.0385175,0.0388623,0.040898,0.0385178,0.104637,0.0385847,0.03853,0.0385785,0.0401268,0.0385174,0.0407378,0.0387203,0.0388906,0.0388574,0.0388053,0.0385175,0.0385204,0.0385239,0.0399444,0.0385451,0.0385598,0.0385173,0.0385174,0.0385723
0.0379614,0.0407878,0.0384024,0.0465871,0.0379689,0.0383128,0.0379608,0.0380013,0.0379663,0.0379976,0.0379718,0.0381613,0.0379616,0.0481242,0.0379604,0.0380745,0.0379612,0.0382171,0.0380113,0.0947901,0.0380006,0.0379955,0.0379749,0.0468491
0.0447729,0.0383257,0.038748,0.0383202,0.038408,0.0383018,0.0383177,0.0383008,0.0383742,0.0383717,0.0383159,0.038302,0.0392138,0.0383009,0.0392475,0.0383013,0.0383298,0.0383038,0.0390032,0.038301,0.103539,0.0386673,0.0436322,0.0383016
0.0384632,0.0384577,0.0384703,0.0384581,0.0384611,0.0386116,0.0384706,0.0385101,0.0419759,0.0385189,0.0384927,0.104264,0.0384577,0.0389901,0.0401864,0.0390782,0.0384632,0.0385577,0.0384578,0.0393349,0.0387729,0.041172,0.0384704,0.0389043
0.0380812,0.038142,0.0381158,0.0394267,0.0380829,0.103177,0.0384713,0.0383655,0.0380895,0.0381141,0.0380811,0.0384703,0.0380815,0.0383325,0.0381078,0.0559875,0.038093,0.038087,0.0380821,0.0382226,0.0380815,0.0381437,0.0380818,0.0380815
0.0388236,0.0388469,0.0395869,0.0388266,0.0389811,0.103317,0.038917,0.0392827,0.0390139,0.0389399,0.0388239,0.039475,0.0388323,0.0390551,0.0390954,0.0393109,0.0388277,0.03884,0.0388238,0.0388378,0.0388236,0.0390646,0.038824,0.0388297
0.04377,0.0383944,0.0381828,0.0454026,0.0381703,0.0381704,0.0381695,0.0384054,0.0381692,0.0989735,0.0383407,0.0381907,0.0381699,0.0387499,0.0382092,0.0381848,0.0381917,0.038834,0.0382366,0.0381712,0.0382323,0.0413541,0.03864,0.0426868
0.0377001,0.0381435,0.0376723,0.0376843,0.037831,0.0376511,0.0380768,0.0376567,0.0381132,0.0376494,0.0377301,0.0376559,0.0434682,0.0376585,0.0376493,0.0381255,0.037767,0.0627301,0.0376564,0.0972673,0.0377817,0.0377422,0.0378635,0.0407259
0.0447584,0.0378095,0.101913,0.0384314,0.0425319,0.0378024,0.0378019,0.0377983,0.0387023,0.0378024,0.0381563,0.0377993,0.0391952,0.0400486,0.0378004,0.0378389,0.0378018,0.0378139,0.0419054,0.0378029,0.0412715,0.0378038,0.0414943,0.037916
0.0489556,0.037335,0.0374037,0.0385029,0.0373318,0.0373883,0.0376687,0.0373327,0.037335,0.0383173,0.0373726,0.0377346,0.0373367,0.0373538,0.037335,0.0629483,0.0373886,0.0397164,0.0373456,0.0374927,0.0374647,0.0828095,0.050956,0.0391744
0.0388593,0.038809,0.0388402,0.0389583,0.0388105,0.0388905,0.0388089,0.0396409,0.0388085,0.0390856,0.0388167,0.0388585,0.0388171,0.0388087,0.0388271,0.038818,0.0390061,0.0390128,0.0394121,0.038814,0.0388672,0.104578,0.0388117,0.0390404
0.0388369,0.0388268,0.0388598,0.0388218,0.0403293,0.0396139,0.101554,0.0388321,0.0389098,0.0388228,0.038878,0.038827,0.0408054,0.0388235,0.0389484,0.0392935,0.038836,0.0388286,0.0392209,0.0388233,0.0388212,0.038832,0.0388326,0.0388227
0.0386649,0.038463,0.0389868,0.0384631,0.0432936,0.0384734,0.0391338,0.0384624,0.104275,0.0384638,0.0384834,0.0386161,0.0390006,0.0384647,0.038702,0.0387525,0.0384871,0.0384674,0.0384913,0.0384833,0.0419411,0.0384629,0.0385057,0.0384624
0.0368718,0.0367128,0.0367911,0.0367402,0.037056,0.0367122,0.0373668,0.0367116,0.0368248,0.036711,0.0367417,0.0367115,0.0960102,0.0367228,0.0367348,0.0367141,0.0548308,0.0367111,0.0762401,0.0367109,0.0367836,0.0367502,0.0371078,0.036732
0.0378174,0.0386228,0.037847,0.0381461,0.0378257,0.0384729,0.0378157,0.0378413,0.037817,0.0378489,0.0378297,0.0409422,0.0378165,0.0434665,0.0378169,0.0381618,0.0378171,0.0379847,0.0378182,0.0565494,0.0378233,0.0383787,0.0378178,0.0997224
0.0374515,0.0383432,0.0376439,0.0427391,0.0375065,0.0374823,0.0374503,0.0384465,0.0374538,0.0375665,0.0381511,0.0375613,0.0374503,0.100747,0.0374503,0.0374761,0.0374508,0.0375596,0.0374728,0.0389628,0.0374502,0.0374506,0.037571,0.0651623
0.0388559,0.0382349,0.0495695,0.0383987,0.0390764,0.0382253,0.0382284,0.0382219,0.0382236,0.0382264,0.0400525,0.0382218,0.0389831,0.0382227,0.0384014,0.0382216,0.0386586,0.0384135,0.101939,0.0382228,0.0395724,0.0383158,0.0392913,0.0382221
0.0366596,0.0360616,0.0451083,0.0360691,0.0407953,0.0360624,0.0365329,0.0360557,0.0362589,0.0360567,0.0360848,0.0360588,0.0952921,0.0360573,0.0360653,0.0360559,0.0361716,0.036056,0.0959186,0.0360559,0.0363017,0.0360608,0.0361047,0.0360559
0.0377939,0.0376883,0.0382364,0.0379576,0.0376938,0.0376918,0.0399719,0.0379993,0.0376893,0.0376915,0.037746,0.0376882,0.0379412,0.0376883,0.0390378,0.0376916,0.101967,0.0377669,0.0593174,0.0376882,0.0376921,0.0393439,0.0403289,0.0376883
0.0378486,0.0378642,0.0378935,0.0378576,0.0388741,0.038085,0.0400253,0.0492965,0.0378497,0.0378486,0.0438624,0.0381056,0.0388284,0.0378495,0.0383237,0.0378496,0.0991984,0.0378515,0.0452643,0.0378492,0.0378497,0.0379414,0.0378544,0.0379287
0.0383871,0.0471359,0.0383873,0.0384192,0.0384645,0.0384425,0.0383922,0.0384721,0.0385775,0.0383977,0.038393,0.0386376,0.0384046,0.0384329,0.0383867,0.0388022,0.0383869,0.039468,0.0383913,0.104093,0.0384217,0.0383925,0.0383885,0.0403248
0.0399229,0.0386696,0.0386767,0.0386857,0.0386702,0.0386807,0.0387001,0.0386924,0.0386945,0.0393076,0.0386749,0.0390537,0.038833,0.0386719,0.0388345,0.0390325,0.0390156,0.0397444,0.0387264,0.038681,0.038967,0.104523,0.0396976,0.0388441
0.0382378,0.0375158,0.037453,0.0401883,0.0374401,0.0376731,0.037483,0.0391554,0.0374402,0.100804,0.0374748,0.0374532,0.0374402,0.0376708,0.0374625,0.0403157,0.0374588,0.0400074,0.0374423,0.0374689,0.0374518,0.0537201,0.0375356,0.047707
0.0419107,0.0385816,0.0389302,0.0389023,0.0385584,0.0385704,0.0387614,0.0385323,0.0391135,0.0388134,0.0385378,0.0386131,0.038539,0.0385332,0.0390246,0.0387546,0.0385791,0.0388028,0.0385627,0.0386106,0.103489,0.0390977,0.041648,0.0385331
0.0373653,0.0373725,0.037374,0.0373654,0.0374369,0.0422882,0.0373983,0.038135,0.0374495,0.0373658,0.0644473,0.100285,0.0374936,0.0373715,0.0436498,0.0373679,0.037803,0.0373669,0.037386,0.0374053,0.0374384,0.0375637,0.0373707,0.0375
0.0446034,0.038706,0.0389314,0.0395283,0.0386971,0.0386904,0.0386949,0.0386898,0.0387479,0.0387074,0.0401846,0.0387307,0.0388292,0.0390434,0.0386975,0.0390135,0.0389456,0.0389045,0.0393702,0.038826,0.0388157,0.0387699,0.0990017,0.0388707
0.0951521,0.0364304,0.0365189,0.043356,0.0364423,0.0364295,0.0364756,0.0364294,0.0378473,0.0364941,0.0364354,0.0364295,0.0372198,0.0365406,0.036445,0.0371835,0.0364707,0.0367111,0.0365777,0.0364457,0.0368537,0.0365715,0.0921037,0.0364364
0.038363,0.0384522,0.0384715,0.0383627,0.038738,0.0385192,0.0383865,0.038378,0.0383576,0.0383564,0.0397044,0.0385223,0.0907426,0.0383568,0.0384167,0.0383562,0.046881,0.0383574,0.0534023,0.0383686,0.0385807,0.0390006,0.0385324,0.0383931
0.0382261,0.0382515,0.0382297,0.0382431,0.0382546,0.0390207,0.0385765,0.103762,0.0382399,0.0384338,0.0484255,0.0382924,0.0382279,0.0382384,0.0384586,0.0382267,0.0421534,0.0383001,0.0390881,0.0382496,0.0382263,0.038418,0.0382268,0.0382303
0.0507568,0.0372507,0.0371585,0.0397332,0.0370269,0.0370214,0.0370215,0.0370238,0.037041,0.0376604,0.0374518,0.0370539,0.0370296,0.0371751,0.0370238,0.042336,0.0371039,0.0978581,0.0370902,0.0434419,0.0372454,0.0384178,0.0433051,0.0497732
0.0386379,0.038733,0.0467021,0.038638,0.0998732,0.0391961,0.0388083,0.0386396,0.0389449,0.0386368,0.0390018,0.0387193,0.0386566,0.038643,0.0386727,0.0386501,0.038648,0.0386933,0.039963,0.0388583,0.0386991,0.0386369,0.0386369,0.038711
0.0389116,0.0393693,0.0390278,0.0394055,0.0389435,0.100484,0.0391727,0.0398766,0.0389209,0.0389805,0.0389116,0.0392398,0.0389151,0.0395448,0.0389138,0.0400096,0.0389178,0.0389119,0.0389143,0.0389578,0.0389117,0.0389193,0.0389116,0.0389289
0.0382022,0.0385194,0.0382221,0.0382125,0.0382746,0.103459,0.042644,0.0399499,0.0382136,0.0382306,0.0382165,0.048607,0.038223,0.0383279,0.038244,0.0386063,0.0382063,0.0382069,0.0382113,0.038217,0.0382033,0.0383729,0.0382028,0.0382267
0.0384924,0.0432526,0.0385028,0.0389595,0.0385246,0.10337,0.0386416,0.0440032,0.0384926,0.0384961,0.0384957,0.0386142,0.0385018,0.0384985,0.0384962,0.0385504,0.0384982,0.0384948,0.0385426,0.0385154,0.0384933,0.0385753,0.0384924,0.0384956
0.0389866,0.0398124,0.0387938,0.040079,0.0387995,0.0389035,0.0387875,0.03881,0.0387852,0.0393696,0.0388027,0.03881,0.0387851,0.0388441,0.0387959,0.0412273,0.0387923,0.0920545,0.0387912,0.0436132,0.0388772,0.0400046,0.0393222,0.0421528
0.0388788,0.0386123,0.0386276,0.0387201,0.0386199,0.0392487,0.0393393,0.0386091,0.041112,0.0386795,0.0386145,0.0395355,0.0386158,0.0391121,0.0386766,0.103923,0.0386143,0.0389535,0.038609,0.0390583,0.0386185,0.0387459,0.039743,0.0387327
0.0386703,0.0416469,0.0651686,0.0386901,0.0562363,0.0387789,0.039424,0.0386726,0.0387348,0.0386701,0.0388398,0.0387778,0.0391079,0.038686,0.0386697,0.0386698,0.0386917,0.0386715,0.0609771,0.0391634,0.039026,0.0386697,0.0386707,0.0386864
0.0369816,0.0366945,0.0366683,0.0366675,0.0377686,0.0366689,0.040248,0.0366673,0.095638,0.0366677,0.0366729,0.0367103,0.0801464,0.0366673,0.036675,0.0449713,0.0370837,0.0366715,0.03667,0.0370234,0.0398564,0.0366714,0.0367862,0.0367239
0.038671,0.0395767,0.0396472,0.0388172,0.0389273,0.104939,0.0405973,0.038925,0.0386916,0.0386856,0.0386715,0.0388477,0.0386761,0.0386871,0.0386894,0.0393273,0.0386726,0.0386853,0.0386728,0.03881,0.038672,0.0387611,0.038671,0.0386787
0.03797,0.0394744,0.0396729,0.102629,0.0379323,0.0379696,0.0379322,0.0379335,0.0379314,0.037959,0.0379336,0.0379334,0.0379316,0.0576126,0.0379313,0.0379486,0.037933,0.0382173,0.03799,0.0383602,0.0379329,0.0379328,0.038896,0.0380424
0.0461745,0.0381436,0.0383846,0.038265,0.0381491,0.0381406,0.0383463,0.038136,0.0389976,0.0400468,0.0381461,0.0381389,0.0381607,0.0381359,0.0423952,0.0381614,0.0383344,0.038143,0.0386767,0.0381358,0.101875,0.0385133,0.042264,0.0381358
0.0384898,0.0384641,0.038468,0.0385932,0.0385015,0.0384626,0.0385297,0.0389661,0.0385083,0.0385038,0.0422535,0.0384653,0.0384799,0.0384658,0.046008,0.0384713,0.101524,0.0384716,0.0385157,0.0384622,0.0388413,0.0385006,0.0395796,0.0384741
0.0380732,0.0381556,0.0380713,0.0380935,0.0383984,0.0380829,0.0380708,0.0388536,0.0380901,0.0381487,0.0382617,0.0455176,0.0380739,0.0466734,0.038078,0.0382853,0.0380735,0.0386105,0.0380791,0.0467715,0.0380723,0.038477,0.0380822,0.0969059
0.0369449,0.0440573,0.0378055,0.069077,0.0369437,0.0375701,0.0369402,0.0369772,0.0369404,0.0370849,0.0369554,0.0370243,0.0369399,0.0987555,0.0369439,0.0370152,0.0369432,0.037523,0.0369437,0.03959,0.0369456,0.0369448,0.0371312,0.0440033
0.0362445,0.0362473,0.036273,0.0362459,0.0368755,0.0363318,0.0369471,0.041359,0.0362662,0.0362445,0.0454974,0.0364606,0.0433897,0.0362445,0.0374732,0.0362446,0.0970796,0.036245,0.0810436,0.0362463,0.0362558,0.0362738,0.0362647,0.0362463
0.0439345,0.0377358,0.0376035,0.0394239,0.0374847,0.0374669,0.0374668,0.0374674,0.0374937,0.0375988,0.039347,0.0374803,0.0374789,0.0376564,0.0374698,0.0386961,0.037491,0.0899745,0.0375344,0.0426271,0.0376852,0.0378155,0.0571313,0.0479366
0.0372824,0.100011,0.0373214,0.0725613,0.0373324,0.0375183,0.037318,0.0372875,0.0372886,0.0379316,0.0372753,0.0372772,0.0372743,0.0380384,0.0372738,0.0376351,0.0372738,0.0373294,0.0372767,0.0418249,0.0376228,0.0372742,0.0372775,0.0374935
