0.0383865,0.0390596,0.0383863,0.0383858,0.0383876,0.0383906,0.038386,0.0383861,0.0437183,0.0383895,0.0384964,0.0384276,0.0383859,0.0396449,0.103707,0.038386,0.0384135,0.0383867,0.0383863,0.0383859,0.0385164,0.038386,0.0442157,0.0383859
0.0389322,0.0388696,0.0388741,0.0388737,0.0388685,0.0388756,0.0388681,0.0388679,0.0388951,0.0388713,0.038895,0.0388683,0.0388684,0.0388681,0.0389313,0.0388705,0.0388683,0.0388709,0.0389269,0.0388679,0.105591,0.0389564,0.0389534,0.0388679
0.0387896,0.0388104,0.0387988,0.0405256,0.0387882,0.0387951,0.0387882,0.0388014,0.0387944,0.0387882,0.0387883,0.0387918,0.0387882,0.105347,0.0388033,0.0387882,0.0387979,0.0387985,0.0387882,0.0394698,0.038789,0.0387885,0.0387891,0.0387922
0.0391365,0.0388694,0.038864,0.0388639,0.0388649,0.0388648,0.0388898,0.0388639,0.105108,0.038883,0.038864,0.0388644,0.0388639,0.0388662,0.0388918,0.0388832,0.0389908,0.0388641,0.0388641,0.0388639,0.0388681,0.0388642,0.0392005,0.0390425
0.0407352,0.0387484,0.0387564,0.0387485,0.0387489,0.0387829,0.0395479,0.0387484,0.039629,0.0387682,0.0387484,0.0387562,0.0387489,0.0387485,0.0387488,0.104946,0.0387499,0.0387552,0.0387484,0.0387595,0.0387484,0.0387506,0.0387503,0.0388263
0.0388253,0.0388886,0.0388612,0.0396323,0.0388288,0.0388164,0.0388378,0.0388197,0.0388165,0.0388164,0.0390933,0.0388168,0.0388166,0.0388164,0.0388164,0.0390437,0.0388245,0.105441,0.0388163,0.0389802,0.0388165,0.0388275,0.0389309,0.0388167
0.0388701,0.0388702,0.0388759,0.0388699,0.0396888,0.0388708,0.0388767,0.0388699,0.038958,0.0388699,0.0389091,0.0388704,0.104943,0.0388699,0.0388699,0.0389,0.0388749,0.0388703,0.0388709,0.0388701,0.0389119,0.0388758,0.0388703,0.0388729
0.0413132,0.0413239,0.0415817,0.0413124,0.0413174,0.0413141,0.0413126,0.041313,0.0413171,0.0413164,0.048432,0.0413129,0.0413124,0.0413124,0.0423834,0.0413153,0.0413148,0.0413131,0.0413124,0.0413124,0.0413125,0.0413136,0.0413183,0.0413126
0.038861,0.0388539,0.0388551,0.0388553,0.0388541,0.0391028,0.0388625,0.0388686,0.0388543,0.0388539,0.0388547,0.105505,0.0388538,0.0388626,0.038869,0.038854,0.0388538,0.0393509,0.0388538,0.0388549,0.0388541,0.0388981,0.0388591,0.0388542
0.0389694,0.0389642,0.0393889,0.0389661,0.0389643,0.0389662,0.0389746,0.0389945,0.0389649,0.0389648,0.0389794,0.0389655,0.0390901,0.0389655,0.039117,0.0389645,0.0389651,0.0389653,0.102957,0.0389642,0.0389644,0.0389972,0.039022,0.0389654
0.0398302,0.03983,0.0398304,0.03983,0.0399269,0.0398351,0.0401052,0.0398301,0.040179,0.0398413,0.03983,0.0398302,0.0398305,0.03983,0.0398301,0.0831556,0.0398302,0.0398301,0.0398306,0.0398387,0.0398301,0.0398303,0.0398302,0.0398348
0.0388666,0.0388641,0.0388681,0.0388931,0.0388633,0.0388678,0.0388637,0.0388633,0.0388707,0.0388669,0.0388635,0.0388636,0.0388642,0.0388712,0.0388668,0.0388641,0.0388634,0.0388634,0.0388911,0.0388632,0.105591,0.0393037,0.0388796,0.0388632
0.0401338,0.0401338,0.0401338,0.0401336,0.0401442,0.0401338,0.0765185,0.0403811,0.0401503,0.0401967,0.0401335,0.0401335,0.0401528,0.0401335,0.040134,0.0401374,0.0401595,0.0401402,0.0401339,0.0401335,0.0401335,0.0401338,0.0401359,0.0401453
0.0387857,0.0387137,0.0430964,0.0387138,0.0387132,0.0387137,0.0387474,0.0387153,0.0387148,0.0387133,0.0387151,0.0387141,0.0387134,0.038715,0.0387134,0.0387196,0.038719,0.0387218,0.0387133,0.0387133,0.0461278,0.0387186,0.0976547,0.0387134
0.0388178,0.0389478,0.0388204,0.0388179,0.0388232,0.0402653,0.0388444,0.105484,0.0388181,0.0388534,0.0388185,0.0388182,0.0388182,0.0388227,0.0388181,0.0388178,0.0388198,0.0388181,0.0388239,0.0388182,0.0388181,0.0388188,0.0388592,0.0388178
0.0394515,0.0388803,0.0388706,0.0388464,0.0388463,0.038847,0.0388584,0.0388467,0.0388526,0.0388487,0.0390008,0.0388463,0.0388477,0.0388463,0.0388464,0.038857,0.0388463,0.038861,0.038847,0.0388463,0.103895,0.0405803,0.0388852,0.0388463
0.0375102,0.0369313,0.0369471,0.0382131,0.0381412,0.0369032,0.0370073,0.0369056,0.0369032,0.0376327,0.0370541,0.0369036,0.0503406,0.036904,0.0369172,0.0369162,0.0676499,0.036906,0.100281,0.0369045,0.0369033,0.0369074,0.0369069,0.0394107
0.0388687,0.0388659,0.0388781,0.0388659,0.0388698,0.0392127,0.105028,0.0388661,0.0390224,0.0388661,0.0388667,0.0388659,0.0388665,0.0388659,0.0389057,0.0393524,0.0388661,0.0388661,0.0388659,0.0388659,0.038866,0.0388659,0.0388701,0.0388669
0.038816,0.0388341,0.0388176,0.0389735,0.0388174,0.0388956,0.0388168,0.105507,0.0388163,0.0400209,0.0388175,0.0388196,0.0388163,0.0388361,0.0388202,0.0388163,0.0388337,0.0388456,0.0389681,0.0388159,0.0388218,0.0388374,0.0388185,0.0388176
0.0388782,0.0388872,0.0388767,0.0388797,0.0388771,0.038877,0.0388881,0.0388771,0.0388819,0.0388778,0.0388769,0.0388765,0.0388765,0.0388766,0.0389262,0.0388768,0.105647,0.0388781,0.0388765,0.0388765,0.0388794,0.0388769,0.038979,0.0388764
0.0395395,0.0391843,0.0391871,0.0391882,0.0391843,0.0391848,0.0392047,0.0391846,0.0391856,0.0391864,0.0391864,0.0391842,0.03919,0.0391842,0.0391843,0.0392315,0.0391844,0.0391881,0.0391846,0.0391846,0.0391857,0.0391843,0.0983135,0.0391848
0.0385659,0.0385685,0.0386193,0.0385591,0.0410205,0.0385622,0.0385953,0.0385813,0.104748,0.0385654,0.0385591,0.0385726,0.0385595,0.038559,0.0443254,0.0385593,0.038562,0.0385608,0.0385593,0.0385599,0.0385606,0.038559,0.0385592,0.0385591
0.0816142,0.0304425,0.0653631,0.0563044,0.0301236,0.0301236,0.0557992,0.0330692,0.040938,0.0391787,0.0301337,0.0301235,0.0301501,0.0372582,0.0302886,0.0507466,0.0329363,0.0627792,0.0818205,0.0301363,0.0301393,0.03023,0.0301481,0.030153
0.0388765,0.0388765,0.0388768,0.0388794,0.0388944,0.0388769,0.0388788,0.0389101,0.0388765,0.0388767,0.0388772,0.0388765,0.10565,0.0388765,0.0388765,0.0388915,0.038938,0.0388765,0.0388903,0.0388853,0.0388769,0.0388788,0.0388988,0.0388848
0.0388774,0.0388747,0.0390197,0.0388749,0.0388747,0.0390804,0.0393066,0.0388748,0.0388749,0.0388748,0.0388747,0.104861,0.0388747,0.0389725,0.03889,0.038875,0.0388747,0.0388807,0.0388747,0.038875,0.038912,0.0389522,0.0388754,0.0388747
0.0388849,0.0388822,0.038858,0.0389173,0.0388575,0.0388618,0.0388594,0.0393899,0.0388572,0.105592,0.0388569,0.0388568,0.0388569,0.0388584,0.038858,0.0388606,0.0388586,0.0388577,0.0388666,0.0388722,0.0388568,0.0388626,0.0388569,0.038861
0.0389149,0.0389096,0.0394339,0.0389088,0.038912,0.0389721,0.103447,0.0389088,0.0395695,0.0389116,0.0389097,0.0389591,0.0389115,0.0389089,0.0390552,0.0390869,0.038916,0.0389089,0.0389088,0.0389089,0.0389088,0.0389093,0.038909,0.0389104
0.038116,0.0373642,0.0373679,0.0375414,0.0373547,0.0373574,0.101537,0.037366,0.0373606,0.0373566,0.0373561,0.037373,0.0373552,0.037358,0.0373734,0.038288,0.0735961,0.0375339,0.0373561,0.0373551,0.0382327,0.0373554,0.0373905,0.037355
0.0388794,0.104306,0.0388795,0.0388936,0.0389667,0.0391512,0.0388795,0.0388836,0.0388797,0.0390341,0.0388818,0.0391529,0.0388796,0.0388794,0.0388799,0.0388804,0.0388814,0.0388806,0.0388802,0.0394624,0.0388797,0.0388947,0.0388795,0.0389343
0.102538,0.0387229,0.0387263,0.0389494,0.0387228,0.0387229,0.0387229,0.0387228,0.0387263,0.0387308,0.0388308,0.0433245,0.0387229,0.0387718,0.0387271,0.0387231,0.0387229,0.038724,0.0387252,0.0387233,0.038726,0.0387311,0.0405183,0.0387436
0.038831,0.0388294,0.0388293,0.0388287,0.0388295,0.0388417,0.0388287,0.0388287,0.0388382,0.0388303,0.0388289,0.0393908,0.0388358,0.0389272,0.0388287,0.0388294,0.0388294,0.0388287,0.0388575,0.0393542,0.0388286,0.0389776,0.0388293,0.105538
0.0388937,0.0388477,0.0394078,0.0388479,0.0388487,0.0388493,0.0388519,0.0388505,0.0388476,0.0388483,0.105501,0.0388475,0.0388633,0.0388481,0.0388511,0.0388486,0.0388476,0.0388541,0.0389324,0.0388475,0.0388485,0.0388475,0.0391196,0.0388498
0.0386424,0.0386406,0.0386415,0.0386773,0.0400892,0.0386515,0.0386407,0.0386408,0.0386406,0.0434911,0.0386406,0.0386407,0.0387897,0.0386443,0.0386419,0.0386411,0.038643,0.0386406,0.104652,0.0386406,0.0387127,0.0386412,0.0386483,0.0386678
0.0388658,0.0390071,0.0388681,0.0388789,0.0388712,0.0389632,0.0388733,0.105642,0.0388659,0.0389,0.0388806,0.0388866,0.0388661,0.0388938,0.038866,0.0388659,0.0388671,0.0388673,0.0388942,0.0388658,0.0388667,0.0388869,0.0388921,0.038866
0.0375946,0.0375945,0.0376175,0.0375953,0.0375997,0.0391655,0.0376155,0.0375947,0.0375954,0.0375966,0.0375942,0.0378725,0.0375951,0.0375953,0.0375945,0.0704217,0.037595,0.0376107,0.0375944,0.100579,0.0375943,0.0375946,0.0375947,0.0375947
0.0380193,0.0380204,0.0380169,0.0380154,0.0380174,0.0380154,0.0380154,0.0380255,0.0380153,0.038018,0.0989048,0.0380155,0.0380156,0.0380154,0.0500754,0.0380153,0.0380195,0.0380157,0.0526512,0.0380153,0.0380154,0.0380154,0.0380307,0.0380157
0.0372326,0.0372238,0.0372147,0.0846449,0.0372084,0.0372264,0.0372082,0.0372094,0.0372082,0.0372107,0.0372082,0.0372151,0.0372082,0.096658,0.0372086,0.0372085,0.0372085,0.0372196,0.0372083,0.037228,0.037212,0.0372098,0.0372101,0.0372099
0.0375221,0.037501,0.0375264,0.0375013,0.0375016,0.0375877,0.0375131,0.037501,0.0375351,0.0375013,0.0375011,0.0376476,0.0375052,0.037501,0.037501,0.101651,0.0375043,0.0375013,0.037501,0.0714198,0.0375011,0.0375033,0.0375013,0.0390701
0.0389199,0.0389185,0.0390074,0.0389185,0.0389188,0.0394299,0.0389666,0.0389185,0.0389216,0.0389186,0.0389186,0.103839,0.0389185,0.0391185,0.0389755,0.0390137,0.0389185,0.038925,0.0389185,0.0389186,0.0389266,0.038925,0.0389265,0.0389189
0.0389098,0.0388557,0.0388299,0.0388315,0.0388288,0.0388302,0.0388288,0.0388289,0.0388298,0.0388354,0.0388292,0.0388304,0.0388287,0.105377,0.0388296,0.0388288,0.0388289,0.0388617,0.0388288,0.0388289,0.038829,0.0388289,0.03883,0.040231
0.0386849,0.0392518,0.0387368,0.0386606,0.0390139,0.0386529,0.0386538,0.0386527,0.0420968,0.0386749,0.0386608,0.104901,0.0386527,0.0394805,0.0390793,0.0386533,0.0386559,0.0386853,0.0386528,0.0386527,0.0388638,0.038653,0.0386569,0.0386733
0.0388616,0.0388634,0.0388624,0.0388616,0.0388621,0.038911,0.0391651,0.0388662,0.0388855,0.0388623,0.0388985,0.105517,0.0388622,0.0388649,0.0390142,0.0388618,0.0388897,0.0388623,0.0388617,0.0388775,0.0388635,0.0388648,0.0388979,0.0388625
0.038871,0.0388748,0.0388729,0.038931,0.03887,0.0388887,0.0388783,0.0388748,0.0388723,0.105638,0.0388682,0.0388686,0.0388682,0.0388685,0.0388764,0.0390344,0.0388682,0.0388686,0.0388994,0.0388692,0.0388682,0.0389283,0.0388684,0.0388737
0.0388629,0.0388629,0.0389144,0.0388619,0.038882,0.0388625,0.0388777,0.0389022,0.0389196,0.0388733,0.0388833,0.038866,0.0388619,0.0388619,0.105625,0.0388626,0.0391812,0.038866,0.0388621,0.0388622,0.0388619,0.0388619,0.0388623,0.0388619
0.0387332,0.0387351,0.0388355,0.0387328,0.0388824,0.0387346,0.0387328,0.0387403,0.0387494,0.0387455,0.104114,0.0387328,0.0431794,0.0387328,0.0387331,0.0387335,0.0387329,0.0387329,0.0389372,0.0387328,0.0387345,0.0387328,0.0388148,0.0387343
0.0390087,0.0386913,0.0386914,0.0386912,0.0386915,0.0386915,0.0386922,0.0386912,0.0386949,0.0386916,0.0386914,0.0386915,0.0386926,0.0386915,0.0386922,0.0386941,0.0386938,0.0386934,0.038692,0.0386912,0.100582,0.0393501,0.0472166,0.0386917
0.0385686,0.0388891,0.0385677,0.0385692,0.045537,0.0385677,0.0385678,0.0385762,0.0391218,0.0385691,0.0385736,0.0385699,0.038626,0.0385685,0.0385693,0.0387465,0.104633,0.0385733,0.0386276,0.0386025,0.0386551,0.0385679,0.0385755,0.038577
0.0388723,0.0388724,0.0388723,0.0388737,0.0390992,0.0388724,0.0388744,0.038875,0.0388724,0.0388723,0.0390677,0.0388741,0.105391,0.0388723,0.0388725,0.0388869,0.0389405,0.0388731,0.0388724,0.0388861,0.038879,0.0388742,0.0388815,0.0388726
0.0387096,0.0387072,0.105106,0.0387136,0.0387102,0.0389371,0.0387392,0.0387081,0.038794,0.0387087,0.0387074,0.0387073,0.0387072,0.038708,0.0428274,0.0387078,0.0387073,0.0387076,0.038777,0.0387073,0.0387641,0.0387072,0.0387238,0.0387072
0.0387966,0.0388397,0.0388402,0.0387963,0.0388021,0.105449,0.0388016,0.0395691,0.0387961,0.0397683,0.0387957,0.0387955,0.0387955,0.0387991,0.0391654,0.0388073,0.0387958,0.0387964,0.0387957,0.0387954,0.0387959,0.0388104,0.0387967,0.0387962
0.0388686,0.0388948,0.0389177,0.0388683,0.0389849,0.0388697,0.0388787,0.0389203,0.0391975,0.0389058,0.0390382,0.0388696,0.0388683,0.0388683,0.10522,0.0388684,0.0388756,0.0388736,0.0388683,0.0388683,0.0388683,0.0388683,0.0388697,0.0388683
0.0397456,0.0398087,0.0397438,0.0397663,0.0397437,0.0397449,0.0397444,0.0397456,0.0397828,0.0801756,0.0397438,0.0397464,0.0397437,0.0397438,0.0397698,0.0399514,0.0397438,0.0397441,0.0397439,0.0397443,0.0398785,0.0449564,0.0397441,0.0397448
0.038865,0.038886,0.0392281,0.0388641,0.0388717,0.0388695,0.0388642,0.0388642,0.0388815,0.0388682,0.0388649,0.0388644,0.038865,0.0388735,0.0388645,0.0388658,0.0388949,0.0388654,0.0388644,0.0388734,0.0388641,0.0388697,0.0388683,0.105639
0.0387234,0.0388892,0.0387244,0.0507996,0.0387465,0.0387236,0.0387235,0.0387368,0.0387235,0.0387235,0.0387235,0.0387295,0.0387256,0.0387364,0.0387235,0.0387237,0.0387326,0.0387298,0.0387237,0.0969677,0.038744,0.0387327,0.0387241,0.0387694
0.0388763,0.0389687,0.0388711,0.0388879,0.0388663,0.0389866,0.0388668,0.038881,0.0388675,0.105623,0.0388669,0.0388663,0.0388662,0.0388663,0.0388749,0.0390025,0.0388667,0.0388663,0.0388691,0.0388663,0.0388663,0.0388923,0.0388664,0.0388676
0.0388491,0.0388491,0.0388925,0.0388492,0.0388865,0.0388502,0.0388545,0.0388525,0.0388502,0.0388589,0.0388567,0.0393851,0.038849,0.038851,0.1045,0.0389247,0.0389224,0.038851,0.038849,0.0388543,0.0388657,0.0388662,0.0399828,0.038849
0.0371642,0.0371697,0.0371601,0.0371593,0.0371675,0.0371583,0.0371738,0.0371865,0.0376182,0.0371597,0.0374804,0.0371587,0.0371582,0.0371584,0.0807227,0.0371601,0.100897,0.037185,0.0371587,0.0371593,0.0371637,0.0371592,0.037163,0.0371582
0.0388128,0.0390202,0.0388107,0.0389006,0.0388159,0.0388413,0.0388274,0.105373,0.0388107,0.0388308,0.040245,0.038811,0.0388106,0.0388264,0.0388105,0.0388105,0.0388109,0.038891,0.0388596,0.0388105,0.0388118,0.0388373,0.0388105,0.0388105
0.040185,0.0401843,0.0402061,0.0401844,0.0402339,0.0401848,0.0401849,0.0401851,0.0401891,0.0401847,0.0401843,0.0401843,0.0401959,0.0401843,0.0401852,0.0401844,0.0404641,0.0401842,0.0740851,0.0401842,0.0402292,0.0401853,0.0414388,0.0401882
0.0388888,0.0388777,0.0388792,0.0388777,0.0388892,0.0389007,0.0388817,0.0388777,0.0389031,0.0388803,0.0388777,0.038879,0.0388779,0.0388777,0.0388782,0.105672,0.0388826,0.0388818,0.0388777,0.0389104,0.038878,0.0388784,0.0388788,0.0388942
0.0388572,0.0388571,0.0388674,0.0388597,0.0388576,0.0388661,0.0388574,0.0392695,0.0388571,0.0389637,0.0388569,0.0388577,0.0389118,0.0388572,0.0388607,0.0388918,0.038859,0.0388675,0.0388569,0.0388568,0.0388794,0.105616,0.0388583,0.0388569
0.0388862,0.0388766,0.0388816,0.0388782,0.0388796,0.0388831,0.0388767,0.0388789,0.0388766,0.0388987,0.0388881,0.0388768,0.0389136,0.0388768,0.0388827,0.0388822,0.0388855,0.039035,0.0388767,0.0388766,0.0388967,0.105535,0.0388818,0.0388767
0.0387727,0.0389113,0.038773,0.0390542,0.105393,0.0387727,0.0387728,0.0387739,0.0400825,0.0387731,0.0387848,0.0387735,0.038777,0.0387726,0.0388093,0.0387867,0.0395656,0.0390121,0.0387728,0.0387736,0.0387733,0.038773,0.0387741,0.0387727
0.0388883,0.0388882,0.0388883,0.0388882,0.0399267,0.0388931,0.0388924,0.0388901,0.0389347,0.0388884,0.0388907,0.0388884,0.104098,0.0388882,0.0388882,0.0388931,0.038889,0.0388883,0.0388974,0.0388883,0.0388968,0.0388966,0.0392243,0.0388937
0.0390258,0.0394297,0.0390181,0.0390138,0.039014,0.0390459,0.0393068,0.0390139,0.0390173,0.0390413,0.0390172,0.0393117,0.0390143,0.0400558,0.0390139,0.0390201,0.0390138,0.0390273,0.0390146,0.0390731,0.0390138,0.0390235,0.0390141,0.10046
0.0387485,0.0385941,0.0385973,0.0385918,0.0385922,0.0386397,0.0385982,0.0385918,0.104891,0.038595,0.038592,0.0385921,0.0385919,0.0386357,0.043548,0.0386154,0.0402179,0.0385919,0.038592,0.038592,0.0385988,0.0385922,0.039024,0.0387765
0.0388749,0.038866,0.0388644,0.0388661,0.0388637,0.0388645,0.0388636,0.0388756,0.0388634,0.0388867,0.0389181,0.0388679,0.0391556,0.0388635,0.0388633,0.0388699,0.0388633,0.0389368,0.0388673,0.0388633,0.0388735,0.105636,0.0388648,0.0388682
0.0388525,0.0394476,0.0388576,0.105531,0.0388522,0.0388525,0.0388515,0.0388598,0.0388521,0.0390749,0.0388542,0.0388515,0.0388515,0.0388547,0.0388515,0.0388516,0.0388545,0.0388674,0.0388517,0.0388555,0.0388686,0.0388523,0.0388522,0.0388516
0.0388732,0.0389112,0.0388846,0.0389325,0.0388718,0.0388721,0.0388891,0.0390027,0.0388719,0.105653,0.0388711,0.0388711,0.038871,0.0388727,0.0388792,0.038873,0.0388724,0.0388713,0.0388849,0.0388826,0.0388711,0.0388731,0.0388711,0.0388736
0.0385459,0.038551,0.038543,0.0385401,0.0385598,0.0385404,0.0385423,0.03854,0.102605,0.0385469,0.03854,0.0385402,0.0385472,0.0385401,0.0389113,0.0386354,0.0486019,0.0385414,0.0385418,0.0385402,0.0385442,0.0385405,0.0389085,0.0385531
0.0386822,0.0386818,0.105135,0.0404154,0.0386826,0.0386863,0.0388527,0.0386825,0.0386835,0.038682,0.0386826,0.0387292,0.0390477,0.0386829,0.0386822,0.038682,0.0386818,0.0386819,0.0387152,0.0386855,0.0386866,0.0386819,0.0414823,0.0386939
0.0381223,0.101305,0.0382382,0.0381193,0.0381411,0.0558662,0.0381183,0.0381356,0.0382162,0.0381849,0.0389391,0.0396517,0.0381183,0.0387153,0.0384252,0.0381193,0.038159,0.0381272,0.0384835,0.0381183,0.0381749,0.0382817,0.0381183,0.0381205
0.0388303,0.0388426,0.0388443,0.0389119,0.0388318,0.0388396,0.0388297,0.0388428,0.0388297,0.104876,0.0388297,0.0388294,0.0388295,0.0388295,0.0388295,0.0405281,0.0388296,0.0388302,0.0388355,0.0388299,0.0388294,0.0390006,0.0388297,0.0388612
0.0387743,0.038786,0.0387806,0.0387744,0.105381,0.0387826,0.0387743,0.0387744,0.0387744,0.0387744,0.0415101,0.0387762,0.0387918,0.0387743,0.0387744,0.0387768,0.0387769,0.038779,0.0387842,0.0387744,0.0387748,0.0387788,0.0387768,0.0387747
0.0389161,0.0388742,0.0388754,0.0388742,0.0388755,0.0388829,0.0388743,0.0388743,0.0388762,0.0388799,0.0388753,0.038895,0.0388866,0.0389933,0.0388745,0.038884,0.0388742,0.0388756,0.0388746,0.0388765,0.0388742,0.0388862,0.0388883,0.105639
0.0389511,0.0389513,0.103394,0.0389515,0.0394171,0.0389641,0.0389511,0.0389511,0.0389533,0.0389511,0.0389556,0.0389532,0.0389512,0.0389515,0.0390518,0.0389511,0.0389523,0.0389539,0.0389515,0.0389512,0.0389784,0.0389512,0.0390605,0.0389512
0.0385849,0.0385778,0.0424716,0.0385783,0.0385791,0.0385782,0.0385773,0.0385791,0.0385796,0.0385774,0.103952,0.0385775,0.0386432,0.0385774,0.0385777,0.038579,0.0385774,0.038587,0.0402995,0.0385774,0.038611,0.0385776,0.0416024,0.038578
0.0388768,0.0388634,0.0388681,0.0388606,0.0388806,0.0388678,0.0388591,0.0388622,0.0388583,0.0388587,0.0388777,0.0388605,0.0390828,0.0388585,0.0388583,0.0389025,0.0388584,0.0390095,0.0388586,0.0388586,0.0388704,0.105621,0.0388597,0.0389681
0.0407177,0.0425721,0.0407179,0.0407198,0.0407181,0.0408304,0.0407179,0.0407197,0.0407185,0.0407177,0.0407176,0.0407337,0.0407176,0.0407532,0.0407179,0.0407179,0.0407176,0.0407176,0.0407189,0.0461632,0.0407175,0.0407176,0.0407186,0.0560215
0.0392682,0.0473577,0.0392685,0.0392944,0.0392696,0.0392777,0.039272,0.0397697,0.0392751,0.0392682,0.0392685,0.0393212,0.0392749,0.0392688,0.0392682,0.0392682,0.0392717,0.0392689,0.0392686,0.0881137,0.039281,0.0392682,0.0392688,0.0392682
0.0383817,0.0384107,0.040194,0.038398,0.0679679,0.0394805,0.0383814,0.0383824,0.038382,0.0383844,0.0383884,0.0383845,0.0384095,0.0383814,0.0383818,0.0383814,0.0383817,0.0383814,0.0845388,0.0383822,0.0384694,0.038382,0.0383816,0.0383929
0.0388838,0.038935,0.0388826,0.0390228,0.0388809,0.038881,0.0388808,0.0388817,0.0388889,0.0388809,0.0388808,0.0388909,0.0388808,0.105477,0.0388844,0.0388809,0.038884,0.0388868,0.0388808,0.0389043,0.0388819,0.0388808,0.0388819,0.0388862
0.0389571,0.0389535,0.0389621,0.0389535,0.0389567,0.0389586,0.038954,0.0389534,0.0392368,0.0389539,0.0389538,0.0389665,0.0389539,0.0389535,0.0389534,0.0998733,0.0389537,0.0389621,0.0389534,0.0427605,0.0389538,0.0389538,0.0389542,0.0390145
0.0389115,0.0388805,0.0388787,0.0388788,0.0388803,0.0388936,0.0388784,0.0388941,0.0388793,0.10568,0.0388798,0.0388791,0.0388783,0.0388786,0.0388793,0.0388963,0.0388783,0.0388783,0.0388834,0.0388785,0.0388783,0.0388922,0.0388786,0.0388862
0.0389455,0.0434276,0.0389533,0.0438347,0.0389427,0.0389454,0.0389427,0.0389427,0.0389428,0.0389631,0.038943,0.0389446,0.0389427,0.0947333,0.0389608,0.0389427,0.0389448,0.0389511,0.0389427,0.0390717,0.0389435,0.0389428,0.0389429,0.038953
0.0362496,0.0362829,0.0362496,0.0362631,0.0362653,0.0362496,0.0362501,0.0980723,0.0362496,0.0362549,0.0967312,0.03625,0.036338,0.0362499,0.0362505,0.0362515,0.0435426,0.0362653,0.0363438,0.0363637,0.0362498,0.036253,0.0362731,0.0362507
0.0388768,0.05348,0.0388721,0.0396222,0.0388586,0.0388548,0.038855,0.0388548,0.0388545,0.0388784,0.0390166,0.0388544,0.0388544,0.0388547,0.0388544,0.0388548,0.0388549,0.0875395,0.0388546,0.0389761,0.0388548,0.0391917,0.0388545,0.0415774
0.0388826,0.0389046,0.0388875,0.0390019,0.0388805,0.0388772,0.0388792,0.0389121,0.0388777,0.105585,0.038877,0.038877,0.038877,0.0388809,0.0388827,0.0388794,0.0388789,0.0388774,0.0388779,0.0388941,0.0388771,0.0388776,0.038877,0.0388775
0.0387197,0.0387116,0.0387082,0.104228,0.0387071,0.0387077,0.0387072,0.0387109,0.0387083,0.0387277,0.0387072,0.0387071,0.038707,0.044036,0.0387074,0.0387073,0.0387088,0.0387336,0.0387072,0.0387936,0.0387082,0.0387071,0.0387257,0.0387073
0.0383603,0.0383587,0.0383659,0.10422,0.0383558,0.0383562,0.0383558,0.0383597,0.0383562,0.038358,0.0383558,0.0383564,0.0383558,0.0518254,0.0383562,0.0383558,0.0383609,0.0383742,0.0383559,0.0384111,0.0383652,0.038356,0.038369,0.0383559
0.0388301,0.0388645,0.0388301,0.0388514,0.0388305,0.0388301,0.0388295,0.0388311,0.03883,0.0388295,0.038831,0.0388651,0.0388295,0.105239,0.0388402,0.0388295,0.0388299,0.0388552,0.0388296,0.0388574,0.0388325,0.0388475,0.03883,0.0403273
0.0376421,0.0376325,0.0376325,0.037633,0.051578,0.0376377,0.0376326,0.0376349,0.0376326,0.0376338,0.0376468,0.0376325,0.0591573,0.0376325,0.0376335,0.0376363,0.0376409,0.0376325,0.0989151,0.0376325,0.0376363,0.0376345,0.0376332,0.0376463
0.0388751,0.0388746,0.0388811,0.0388757,0.0388748,0.039012,0.105407,0.0390438,0.0388762,0.0388799,0.0388746,0.0388915,0.0388746,0.038921,0.0388757,0.0388772,0.038875,0.038875,0.0389362,0.0388753,0.0388746,0.0388834,0.0388903,0.0388749
0.0392596,0.0393181,0.0392599,0.0392595,0.0392801,0.0955503,0.0392916,0.0392597,0.0392599,0.0392599,0.0392601,0.0404911,0.0392596,0.0392597,0.0392615,0.0393336,0.0392595,0.0392596,0.0392595,0.0392598,0.0392601,0.0392631,0.0392596,0.0393147
0.0385754,0.0383536,0.0383741,0.0384151,0.0383515,0.0383515,0.104083,0.0383517,0.0384392,0.0383515,0.0383525,0.0385452,0.0463859,0.0383636,0.0383518,0.0383568,0.0384783,0.0383843,0.0383548,0.038711,0.0389641,0.038353,0.042324,0.0384278
0.0388103,0.0388217,0.0388067,0.038806,0.0388055,0.042046,0.0388073,0.038843,0.0388315,0.0388617,0.0388054,0.0998054,0.0388054,0.0429609,0.0388844,0.0388075,0.0388054,0.0388115,0.0388057,0.0388055,0.0388192,0.0388127,0.0388258,0.0388057
0.0414854,0.0395531,0.0395484,0.0395501,0.0395476,0.0654601,0.0396087,0.0395526,0.0395503,0.0395812,0.0395476,0.0421459,0.039566,0.0431429,0.0395478,0.0395603,0.0395477,0.0395475,0.039603,0.0422228,0.0395478,0.0395633,0.0395482,0.0534718
0.0403006,0.0403015,0.0407604,0.0403039,0.0421003,0.0404127,0.0694636,0.0403398,0.0403084,0.0403036,0.0403008,0.0403059,0.0403154,0.0403006,0.0403007,0.0414276,0.0403011,0.0403008,0.0403436,0.0403048,0.0403006,0.0403014,0.0403007,0.0403012
0.0388673,0.0388687,0.0388687,0.0389023,0.0388682,0.0388802,0.0388683,0.0388722,0.0388803,0.0388673,0.0388673,0.0389161,0.0388674,0.039154,0.0388675,0.0389942,0.0388738,0.0388939,0.0388673,0.105481,0.038868,0.0388673,0.03887,0.0388688
0.0393791,0.0388145,0.0388134,0.0388126,0.0388123,0.0388149,0.0388133,0.0388133,0.0393903,0.0388172,0.0388476,0.0388125,0.0388125,0.038825,0.0388152,0.0388129,0.0388492,0.0388206,0.0388147,0.0388123,0.0393998,0.0388135,0.105471,0.0388123
0.038911,0.0391376,0.0389108,0.0389127,0.0389766,0.0389105,0.0389116,0.0389106,0.038949,0.0389105,0.0389339,0.0389141,0.038914,0.0389105,0.0389723,0.0389107,0.10458,0.0389415,0.0389105,0.0389128,0.0389258,0.0389105,0.0389124,0.0389105
0.0388689,0.105637,0.0388712,0.0388848,0.0388813,0.038937,0.0388689,0.0388766,0.0389517,0.0389066,0.038902,0.0388991,0.0388689,0.0388706,0.038877,0.0388692,0.0388921,0.0388811,0.0388691,0.038869,0.0389073,0.0388722,0.038869,0.0388692
0.0388696,0.0388694,0.0388723,0.03887,0.0388883,0.038876,0.0389057,0.0388695,0.0388729,0.0388701,0.0388695,0.0388728,0.0388695,0.0388695,0.0388695,0.105562,0.0388711,0.0388786,0.0388695,0.0392221,0.0388696,0.0388696,0.0388709,0.0388718
0.0387409,0.0396874,0.0393266,0.038738,0.0387533,0.0387377,0.0387304,0.0387321,0.0387308,0.038731,0.0387394,0.0387527,0.038743,0.0387311,0.0387307,0.0387324,0.0387311,0.0390921,0.0387753,0.0387317,0.0388078,0.105235,0.0387305,0.0405593
0.0389201,0.0389107,0.0388702,0.0388696,0.0388731,0.0390289,0.0388693,0.0389051,0.0388706,0.105607,0.0388762,0.0388692,0.0388693,0.0388706,0.0388717,0.0388706,0.0388699,0.0388693,0.0389199,0.0388693,0.0388693,0.0388695,0.0388695,0.0389112
0.0388231,0.038783,0.038783,0.0389152,0.038785,0.038813,0.0387869,0.0387863,0.0387824,0.0406536,0.0387945,0.0388181,0.0392056,0.0387828,0.0387824,0.0388302,0.0387825,0.038807,0.038821,0.0387825,0.0388141,0.105299,0.0387831,0.0387859
0.0398445,0.0398719,0.0398343,0.0398265,0.039827,0.0398283,0.0406831,0.0398305,0.0398378,0.0398381,0.039834,0.0398266,0.0398265,0.0398294,0.0421916,0.0398265,0.0398391,0.0398287,0.039829,0.0398265,0.0398406,0.0398276,0.0806252,0.0398265
0.0388597,0.0388546,0.0388546,0.0388545,0.0388549,0.0388552,0.0390049,0.0388654,0.0388683,0.0389779,0.0388548,0.0388545,0.0388545,0.0388546,0.0393217,0.0388565,0.105545,0.0388545,0.0388555,0.0388546,0.0388546,0.0388562,0.038878,0.0388548
0.0395525,0.039552,0.0395523,0.0395624,0.0395517,0.0395518,0.0395516,0.0395531,0.0395516,0.0395517,0.0551711,0.0397134,0.0737324,0.0395516,0.0395541,0.0395541,0.0397569,0.0395517,0.0400376,0.0396024,0.039552,0.03957,0.0395696,0.0395525
0.0384931,0.0385001,0.0384929,0.0384927,0.038504,0.0385424,0.038498,0.0384982,0.0385072,0.0384934,0.0384964,0.104489,0.0385004,0.0384928,0.0386196,0.0385143,0.0482795,0.0384927,0.0384932,0.0385024,0.0385664,0.0385426,0.0384946,0.0384938
0.0386708,0.0420037,0.0386863,0.0386686,0.0386629,0.0386861,0.0386613,0.0386589,0.0387251,0.0386658,0.0386711,0.105083,0.0386591,0.0400252,0.0387047,0.038659,0.0386585,0.0387112,0.0386584,0.0391491,0.0388174,0.0387101,0.0386852,0.0387182
0.0387452,0.0387215,0.0387249,0.0387182,0.0387354,0.0387388,0.038715,0.0387148,0.038727,0.038717,0.0387244,0.0387159,0.038716,0.0387148,0.0387156,0.0387159,0.038715,0.0387159,0.0387228,0.0387148,0.105152,0.04298,0.0387239,0.0387149
0.0388595,0.0389186,0.0388567,0.105611,0.0388548,0.038856,0.0388546,0.0388569,0.0388551,0.0388599,0.0388552,0.0388547,0.0388546,0.0390895,0.0388547,0.0388546,0.038871,0.038879,0.0388548,0.0392186,0.0388629,0.0388547,0.0388579,0.0388546
0.0388605,0.0388852,0.0388648,0.0388797,0.0388578,0.0388577,0.0389632,0.0388805,0.0388576,0.0388577,0.0389013,0.0388616,0.0388577,0.0388583,0.0388579,0.0388821,0.0388613,0.105537,0.0388576,0.0390183,0.0388578,0.0391356,0.0388905,0.0388583
0.0384142,0.0384361,0.0384248,0.0384108,0.0384106,0.0384567,0.0384106,0.0384109,0.0384181,0.0385409,0.0384113,0.0384397,0.0384106,0.0970393,0.0384244,0.0384123,0.0384106,0.0384108,0.0384131,0.0396082,0.0384106,0.0384112,0.0384107,0.0564534
0.0408687,0.0386493,0.0386221,0.0387153,0.0386243,0.038621,0.038653,0.0386211,0.0419602,0.0386212,0.038854,0.0388927,0.0386512,0.038654,0.0386605,0.0388465,0.104983,0.0386872,0.0386536,0.0386437,0.0386368,0.0386236,0.0386227,0.0386346
0.0388646,0.0388718,0.0388795,0.0388652,0.0388683,0.105642,0.0388683,0.0389098,0.0388673,0.0388727,0.0388646,0.0388999,0.0388647,0.0388664,0.0389472,0.0391091,0.0388689,0.0388648,0.0388648,0.0388699,0.0388677,0.0388667,0.0388708,0.0388651
0.0388669,0.0388935,0.105386,0.0388665,0.0390393,0.0389421,0.038866,0.038866,0.038875,0.0388894,0.03887,0.038867,0.038866,0.0388666,0.0388784,0.038866,0.038866,0.0388661,0.0392145,0.038866,0.0388724,0.0388665,0.0388661,0.0388776
0.0391121,0.0391107,0.0391107,0.0391107,0.0391308,0.0391121,0.0391631,0.0391107,0.0984052,0.0391399,0.0391106,0.0391113,0.0392359,0.0391107,0.0391108,0.0396525,0.0391489,0.0391106,0.0401637,0.0391129,0.0391588,0.0391135,0.0391693,0.0391846
0.0390338,0.0388444,0.0388444,0.0388435,0.0388437,0.0388506,0.0388539,0.0388435,0.105324,0.0388943,0.0388435,0.0388449,0.0388464,0.0388473,0.03894,0.0388748,0.0394325,0.0388436,0.038869,0.0388436,0.0388496,0.0388455,0.0390134,0.03893
0.038125,0.038118,0.0381263,0.0381174,0.038118,0.0381178,0.0381172,0.0381175,0.0381208,0.0381181,0.0381172,0.0381412,0.0381172,0.0845191,0.0381335,0.0381172,0.0381174,0.0381219,0.0381172,0.0381315,0.0381173,0.0381296,0.0381184,0.0768051
0.038867,0.0388748,0.0388696,0.038867,0.105648,0.0388851,0.0388669,0.0388677,0.0389461,0.0388695,0.0391187,0.0388679,0.0388683,0.038867,0.0388695,0.0388752,0.0388671,0.0388682,0.0388881,0.038867,0.0388751,0.038867,0.0388669,0.0388721
0.0385128,0.0385161,0.0385143,0.044185,0.0385126,0.0385126,0.0385135,0.038515,0.0385125,0.0385126,0.0385125,0.0385146,0.0385127,0.0385353,0.0385125,0.0385551,0.038523,0.0385136,0.0385148,0.100219,0.0385141,0.0385134,0.0385151,0.0467376
0.0388939,0.0388441,0.0388573,0.0388587,0.038856,0.0388452,0.0388433,0.038843,0.0388482,0.0388453,0.0388516,0.0388437,0.0388454,0.038843,0.0388439,0.0388441,0.038843,0.0388444,0.038855,0.038843,0.105529,0.0395815,0.0390547,0.038843
0.0388061,0.0388047,0.0388125,0.038883,0.0388048,0.0388053,0.0388055,0.0388049,0.0388087,0.0388046,0.0388086,0.105478,0.0388048,0.0388152,0.0388053,0.0388263,0.0388051,0.0388341,0.0388046,0.0391347,0.0388707,0.0388136,0.040181,0.0388774
0.0388338,0.0388468,0.0388333,0.0388323,0.0388337,0.105484,0.0388953,0.0390092,0.0388327,0.0388336,0.0388322,0.0394704,0.0388322,0.0390001,0.0388353,0.0388768,0.0388339,0.0388326,0.0388322,0.0388372,0.0390516,0.0388619,0.0388369,0.0388323
0.0365352,0.0365401,0.0968622,0.0365347,0.0366521,0.0989808,0.0365462,0.0365791,0.0365355,0.0365337,0.0365336,0.0365349,0.0365658,0.0365404,0.0365532,0.0365466,0.0365342,0.0365473,0.0365335,0.0365389,0.0365344,0.0366282,0.0365749,0.0365343
0.0386984,0.0387929,0.0387085,0.0437695,0.0387402,0.0386962,0.0386942,0.0386976,0.0386951,0.104655,0.0386945,0.0386942,0.0386942,0.0386943,0.0386944,0.0386986,0.0386954,0.0386959,0.0387412,0.0386944,0.0386984,0.038743,0.0386943,0.0387199
0.038139,0.0381431,0.0384625,0.0381462,0.0381605,0.0381387,0.0384175,0.0381435,0.0381413,0.0381386,0.0381604,0.0381832,0.0445304,0.0381388,0.0381387,0.0381656,0.0381539,0.0483909,0.0381386,0.102885,0.0381445,0.0381407,0.0405701,0.038229
0.0388829,0.038881,0.105631,0.0388834,0.0388844,0.0388842,0.038881,0.0388808,0.0388809,0.0388808,0.0388812,0.0388808,0.038882,0.0388834,0.0388834,0.038881,0.0388808,0.0388809,0.0388921,0.0388808,0.0389034,0.0388833,0.038925,0.0388914
0.0387958,0.0387827,0.0387827,0.0387836,0.0387825,0.0387837,0.0387889,0.0387822,0.0387823,0.0387869,0.0389116,0.0389362,0.0387822,0.0387825,0.0387822,0.0389235,0.0387822,0.0464578,0.0387836,0.0387822,0.0389518,0.0996493,0.038839,0.0387846
0.0388597,0.0388586,0.038883,0.0388627,0.0388611,0.0389197,0.0388624,0.0390659,0.0388585,0.0388603,0.0388586,0.0388588,0.0389029,0.0388586,0.0388586,0.0388607,0.0388585,0.0388979,0.0388594,0.0388585,0.0391531,0.105563,0.0388598,0.0388597
0.0388491,0.0388492,0.0388489,0.0388491,0.0389543,0.0389071,0.105504,0.0388501,0.0388497,0.0388514,0.0388493,0.0388523,0.0395116,0.0388491,0.0388789,0.038869,0.0388503,0.0388491,0.0388502,0.0389127,0.0388488,0.038853,0.0388491,0.0388638
0.0391382,0.0388678,0.0392011,0.038841,0.0389495,0.0388432,0.0388473,0.0388411,0.10557,0.0388426,0.038841,0.0388413,0.0388412,0.0388414,0.0390678,0.0388427,0.0388415,0.0388435,0.0388431,0.0388413,0.0388897,0.038841,0.0388412,0.038841
0.0389102,0.0388457,0.0388459,0.038852,0.0388464,0.0388504,0.0388953,0.0388485,0.0388457,0.0388467,0.0388458,0.0388457,0.105575,0.0388457,0.0388457,0.0388535,0.0390605,0.0388457,0.039188,0.0388468,0.0388461,0.038847,0.0389799,0.0389883
0.0387936,0.0387962,0.0387971,0.0387935,0.0388077,0.0388112,0.0387934,0.0387944,0.0387965,0.0387992,0.0387944,0.0388359,0.0387943,0.0388884,0.0387941,0.038795,0.0387983,0.0387948,0.0388187,0.0409108,0.0387934,0.0388083,0.038795,0.105396
0.0388736,0.0391361,0.0388739,0.0388745,0.0388726,0.0388741,0.0388724,0.0388756,0.038905,0.0388727,0.0388728,0.0388734,0.0388724,0.105468,0.0388822,0.0388724,0.0388757,0.0388765,0.038881,0.0388728,0.0388728,0.0388724,0.0388731,0.0390038
0.0406764,0.040675,0.041963,0.0406797,0.0407253,0.0406858,0.0406748,0.0406748,0.0406748,0.0406763,0.0407337,0.0406748,0.0406759,0.0406748,0.0406932,0.0406806,0.0406768,0.0406749,0.0622491,0.0406748,0.0414311,0.0406889,0.0406895,0.0406757
0.0383847,0.0383665,0.038485,0.0383759,0.0383849,0.0383723,0.0383984,0.0383662,0.0383666,0.038368,0.0383708,0.0383664,0.103516,0.0383662,0.0383661,0.0383666,0.0383667,0.0383663,0.0521674,0.0383669,0.0384026,0.0383731,0.0383663,0.0383698
0.0388702,0.0388906,0.038882,0.0388813,0.0388531,0.0388534,0.0393802,0.0388644,0.0388534,0.0388646,0.0388538,0.038853,0.0388547,0.0388533,0.0389141,0.0388538,0.105605,0.0388535,0.0388804,0.0388542,0.0388546,0.0388666,0.0388563,0.0388531
0.0392498,0.0392499,0.0392553,0.0392523,0.0393232,0.0392498,0.0392528,0.0392873,0.0392498,0.0392498,0.0392618,0.0392547,0.039272,0.0392498,0.0392536,0.0392558,0.0967679,0.03925,0.0395485,0.0392514,0.0392501,0.0392585,0.039256,0.03925
0.0388535,0.0393837,0.0388608,0.038854,0.038862,0.038859,0.0388774,0.0389082,0.0388537,0.0388544,0.0388539,0.038861,0.0388544,0.0388555,0.0388538,0.0388602,0.0388536,0.038938,0.0388535,0.105609,0.0388539,0.0388546,0.0388538,0.0388786
0.0388571,0.0388545,0.0388583,0.0388568,0.0388542,0.0388641,0.038855,0.0388596,0.038855,0.0388582,0.0388546,0.0388826,0.0388753,0.0388544,0.0388561,0.038898,0.038855,0.0391338,0.0388543,0.0388541,0.0391826,0.105614,0.0388583,0.0388542
0.0388752,0.0388703,0.0388851,0.0388727,0.0388717,0.038894,0.0388675,0.0388934,0.038871,0.10564,0.0388675,0.0388673,0.038867,0.0388675,0.0388677,0.0389105,0.0388671,0.0388675,0.0388692,0.0388671,0.038867,0.0390467,0.0388672,0.0389599
0.0388838,0.0388843,0.0388904,0.0389052,0.0388944,0.0388838,0.0388962,0.0388837,0.0388842,0.0388837,0.0388838,0.0388967,0.0388998,0.0388837,0.0388852,0.0388867,0.0388842,0.0388838,0.0388837,0.0388845,0.105519,0.0389475,0.0388879,0.0388837
0.0388753,0.0388755,0.0388818,0.0388752,0.0388759,0.0389222,0.038883,0.038877,0.03888,0.0388752,0.0391855,0.105261,0.0388756,0.0388772,0.0389734,0.0388753,0.0389348,0.038876,0.0388753,0.0388758,0.0388948,0.0388831,0.0389156,0.0388758
0.0390233,0.0388725,0.0388791,0.0388843,0.0388725,0.0388727,0.0388725,0.0388745,0.0388727,0.0388726,0.0388727,0.0388741,0.0388795,0.0388734,0.0388726,0.0389135,0.0388727,0.0388725,0.038951,0.0388726,0.0388758,0.0388735,0.105608,0.0388917
0.105242,0.0388248,0.0388249,0.038825,0.0388248,0.0388285,0.0388395,0.0388249,0.0388259,0.0388376,0.0388248,0.0388248,0.0388323,0.038831,0.0388343,0.0388384,0.038873,0.0388271,0.038825,0.0388257,0.0388249,0.0388269,0.04046,0.038854
0.0411838,0.0411846,0.0411849,0.0414368,0.0412615,0.0411838,0.0411838,0.0412786,0.0411841,0.0411838,0.0412031,0.0414016,0.0506373,0.0411838,0.0411842,0.0411847,0.0424933,0.0411839,0.0412059,0.0412772,0.0411877,0.0412081,0.0411996,0.0411838
0.0388692,0.0389026,0.0388692,0.0388704,0.0388696,0.0388699,0.0389125,0.105653,0.0388777,0.0388722,0.0390994,0.0388693,0.0388694,0.0388694,0.0388693,0.0388693,0.038871,0.0388728,0.0388763,0.0388697,0.0388696,0.0388728,0.0388864,0.0388692
0.0903174,0.036928,0.0370232,0.0368595,0.0367706,0.0367726,0.0367707,0.0367711,0.0368108,0.0367717,0.0368142,0.0367898,0.036779,0.0367885,0.036771,0.0370443,0.0367881,0.0989422,0.0367881,0.0367728,0.0367996,0.0375732,0.0367753,0.0367784
0.038804,0.0388509,0.0389567,0.0388039,0.105011,0.0388391,0.038804,0.0388039,0.0410373,0.0388157,0.0388062,0.0388041,0.0388043,0.0388038,0.0388052,0.0388106,0.0388042,0.0388038,0.0388105,0.0388046,0.0388046,0.0388038,0.0388038,0.0388043
0.0390481,0.039053,0.0390488,0.0390855,0.0391132,0.101101,0.0390491,0.0391647,0.0390481,0.0390841,0.0390481,0.0395518,0.039055,0.0390483,0.0390522,0.0390498,0.0390482,0.0390481,0.0390481,0.0390539,0.0390492,0.0390484,0.0390547,0.0390484
0.03885,0.0388511,0.0388462,0.0388454,0.0388476,0.10556,0.0389762,0.0388604,0.0388466,0.0388609,0.0388456,0.0395546,0.0388455,0.0388778,0.0388507,0.0388548,0.0388454,0.0388462,0.0388458,0.0388454,0.0388455,0.0388963,0.0388458,0.0388562
0.0373787,0.0377563,0.0373897,0.0373893,0.037399,0.101175,0.0373799,0.0759277,0.0373806,0.0373803,0.0373791,0.0373874,0.0373789,0.0373833,0.0373787,0.0373859,0.0373824,0.0373808,0.0373805,0.0373787,0.0374007,0.0374681,0.0373791,0.0373795
0.0414102,0.0415295,0.041411,0.045669,0.0414163,0.0414112,0.0414096,0.0414102,0.0414094,0.0414096,0.0414098,0.0414094,0.0414094,0.0414094,0.0414096,0.041771,0.0414104,0.0422046,0.0414094,0.0417865,0.0414094,0.0416386,0.0414096,0.0414269
0.038892,0.0388772,0.0388777,0.0388781,0.0388774,0.0388872,0.0389733,0.0388773,0.0388879,0.0388786,0.0388772,0.0388773,0.038878,0.0388773,0.0388773,0.105663,0.0388774,0.0388775,0.0388772,0.0388864,0.0388778,0.0388777,0.038889,0.0388804
0.0391066,0.0391064,0.0424514,0.0391218,0.039401,0.0394594,0.039113,0.0391143,0.0391099,0.0391064,0.0391137,0.0391064,0.0391164,0.0391062,0.0391061,0.0391073,0.0391063,0.0391062,0.0963575,0.0391063,0.0391063,0.0391062,0.0391118,0.0392531
0.0392712,0.0392119,0.0392112,0.0392108,0.0392139,0.0392152,0.0392254,0.0392111,0.0932462,0.0392111,0.0392108,0.039211,0.0434086,0.0392107,0.0392109,0.0395505,0.0392158,0.0392109,0.0392108,0.0392141,0.0392888,0.0392115,0.0392733,0.0393444
0.0387255,0.0387272,0.0387891,0.0387276,0.0388298,0.105128,0.0387254,0.0387289,0.0387248,0.0387334,0.0387249,0.0387249,0.0387343,0.0387268,0.0387323,0.0424802,0.0387258,0.0387257,0.0387248,0.0387255,0.0387269,0.0389553,0.0387275,0.0387251
0.0387412,0.0387365,0.0387863,0.105269,0.038732,0.0387333,0.0387289,0.0387303,0.0387291,0.0387293,0.0387289,0.0387294,0.038729,0.0424302,0.038729,0.0387289,0.038755,0.0387686,0.0387291,0.0388252,0.0387394,0.0387291,0.0387325,0.0387292
0.0389294,0.0389106,0.0389127,0.0389099,0.0389112,0.0389101,0.0389189,0.0389097,0.0389461,0.0389097,0.0389102,0.0389169,0.0389097,0.0389097,0.0389129,0.0389098,0.0389121,0.0389126,0.0389119,0.0389097,0.104944,0.0389496,0.0389126,0.0389097
0.0388786,0.0390041,0.0388772,0.0388777,0.0388956,0.0388772,0.0388772,0.0388774,0.0388799,0.0388772,0.0388914,0.0388779,0.0388797,0.0388772,0.0392114,0.0388787,0.105249,0.0388882,0.0389036,0.0388772,0.0388968,0.0388776,0.038892,0.0388777
0.0388484,0.0388479,0.0388478,0.0388477,0.0388554,0.0388477,0.0388476,0.0388476,0.0388504,0.0388476,0.0388503,0.0402208,0.0388488,0.0388541,0.0388492,0.0388777,0.0388486,0.0388501,0.0388481,0.039741,0.0388476,0.0388526,0.0388772,0.104146
0.0370378,0.0371118,0.0370444,0.0844945,0.0370365,0.0370693,0.0370363,0.0370481,0.0370367,0.0370364,0.0370369,0.0370371,0.0370363,0.100391,0.0370398,0.0370363,0.0370456,0.0370667,0.0370369,0.0371608,0.037047,0.0370387,0.0370369,0.0370383
0.0388168,0.0388112,0.0388138,0.0388912,0.0388494,0.038811,0.0388871,0.0396433,0.0388109,0.0388119,0.0388143,0.0388151,0.0390755,0.0388111,0.0388181,0.0388479,0.105493,0.0388116,0.0391243,0.0389749,0.0388133,0.0388179,0.0388232,0.0388137
0.0393343,0.03901,0.0391897,0.0391276,0.0388778,0.0388685,0.0388687,0.0388681,0.0388687,0.0388683,0.0388995,0.0388797,0.0388751,0.0388683,0.0388684,0.0394929,0.0388742,0.102966,0.0388685,0.0397669,0.0388882,0.0389867,0.0388941,0.03899
0.0392185,0.0913489,0.039385,0.0439349,0.0406258,0.0392223,0.0392189,0.0392188,0.0392183,0.0392191,0.0392231,0.0392377,0.0392185,0.0392192,0.0392183,0.0392185,0.0392203,0.0392374,0.0392183,0.0394895,0.0392314,0.0392204,0.0392183,0.0392185
