0.0388387,0.0388292,0.0388364,0.0388292,0.0388285,0.0388286,0.0388292,0.0389169,0.0388856,0.0393776,0.0388611,0.0388435,0.0388286,0.0388284,0.105319,0.0388292,0.0390412,0.0388456,0.0388291,0.0388285,0.0388904,0.0388963,0.0393292,0.0388297
0.0401158,0.0388766,0.0388593,0.0389586,0.0388128,0.0388136,0.0388143,0.0388127,0.0388401,0.038815,0.0388147,0.0388228,0.0388127,0.0388127,0.0389087,0.0388135,0.038813,0.0388395,0.0388779,0.038928,0.104777,0.0394287,0.0388171,0.0388147
0.0388243,0.0388186,0.0388877,0.0389913,0.039251,0.0390345,0.0388173,0.0388642,0.0388161,0.0388155,0.0388178,0.0388276,0.0388162,0.105424,0.0388151,0.0390769,0.0388152,0.038818,0.0388234,0.0393031,0.0388157,0.0388158,0.0388777,0.0388332
0.0394776,0.0390231,0.0390283,0.0390227,0.0390233,0.0390229,0.0391326,0.0390228,0.101702,0.0390231,0.0390233,0.0390239,0.0390528,0.0390227,0.0390344,0.0391692,0.0390229,0.0390236,0.0390329,0.0390233,0.039023,0.0390231,0.0390231,0.0390234
0.0388083,0.0387947,0.0387966,0.0387944,0.038796,0.0388555,0.039615,0.038795,0.0394561,0.038829,0.0387939,0.0387962,0.0402982,0.0387956,0.0387947,0.104194,0.0387964,0.0387942,0.0387942,0.0390948,0.0387941,0.038872,0.0387985,0.0388427
0.0388315,0.0387774,0.0387771,0.0389873,0.0387763,0.0387765,0.0388006,0.0387787,0.0387765,0.0392779,0.0388508,0.0387802,0.0387771,0.0387848,0.0387764,0.0397364,0.0390843,0.105292,0.0387769,0.0388228,0.0388156,0.0388438,0.0388429,0.0392566
0.0388247,0.038855,0.0389439,0.0388223,0.0388632,0.0388246,0.038861,0.0388223,0.0388421,0.0388231,0.0398346,0.0389581,0.105325,0.0388268,0.0388228,0.0388266,0.0388289,0.0388378,0.0391387,0.0388234,0.0388228,0.0388224,0.0388232,0.0388269
0.0389759,0.0390793,0.038984,0.038969,0.0390788,0.0389777,0.038976,0.0389713,0.0389687,0.0389695,0.102286,0.038969,0.0389714,0.0389845,0.0390538,0.0389684,0.0390149,0.0389696,0.0395994,0.0389694,0.0389739,0.0389837,0.0393112,0.0389948
0.0396915,0.0396917,0.0398616,0.0396913,0.0397258,0.0400197,0.0396913,0.0397101,0.0397118,0.0396992,0.0398972,0.0835177,0.0396985,0.0397466,0.0396946,0.0396914,0.0396913,0.0408156,0.0396913,0.0398207,0.039694,0.0406647,0.0396992,0.0401833
0.0389082,0.0388529,0.0389552,0.038865,0.0388528,0.0388529,0.0388544,0.038853,0.0392977,0.0388546,0.0388538,0.0388532,0.0388607,0.0388527,0.0388831,0.0391761,0.0389282,0.0388809,0.103872,0.0388539,0.0402761,0.0388575,0.0388529,0.0388527
0.0387449,0.038745,0.0387497,0.038748,0.0387805,0.0391038,0.0443829,0.0387552,0.0387504,0.0387454,0.0387446,0.0387497,0.0389056,0.0387576,0.0387447,0.102547,0.0387453,0.0387447,0.0387468,0.0388019,0.0387447,0.0387478,0.0387629,0.0387513
0.0388374,0.0388212,0.038993,0.0392923,0.0388205,0.0388197,0.0388219,0.0388188,0.0388514,0.0388201,0.0388189,0.0388213,0.0388189,0.0388188,0.0388344,0.0388203,0.0388209,0.0388235,0.0395311,0.0388417,0.105373,0.0391374,0.0388189,0.0388248
0.038968,0.0389652,0.0389648,0.0389653,0.0389651,0.0389656,0.101323,0.0389769,0.0389648,0.0389736,0.0389649,0.0389647,0.0411579,0.0389648,0.0389661,0.0391192,0.0390379,0.0389647,0.0389645,0.0389648,0.0389645,0.0389649,0.0389982,0.0389702
0.0469164,0.0411242,0.0411844,0.0411997,0.0411233,0.0411233,0.0411379,0.0411236,0.0411234,0.0411249,0.0411241,0.0411246,0.0411233,0.04114,0.0411263,0.0411527,0.0411332,0.0411734,0.0411233,0.0411311,0.044395,0.0411455,0.0447432,0.0411831
0.0388627,0.0389253,0.0388625,0.0388811,0.0388645,0.0389569,0.0388662,0.10548,0.0388624,0.0391503,0.0388791,0.0389338,0.0388623,0.038875,0.0389151,0.0388658,0.0388741,0.0388704,0.0388627,0.0388629,0.0388625,0.0388947,0.0388626,0.0388669
0.0418696,0.0387982,0.0388347,0.0388044,0.0387473,0.0387472,0.0387794,0.0387471,0.0389993,0.0387474,0.0387564,0.0387648,0.0387472,0.0387472,0.0388014,0.038753,0.0387478,0.0387907,0.0387503,0.0387749,0.105003,0.0387888,0.038748,0.0387519
0.0412497,0.0412549,0.0412468,0.04125,0.0412521,0.0412463,0.0412469,0.0412465,0.0412464,0.0412723,0.04126,0.0412469,0.0416657,0.0412464,0.0412912,0.0412504,0.0414093,0.0412469,0.0506351,0.0412463,0.0412504,0.0412464,0.0412465,0.0412465
0.0388309,0.0390801,0.0388487,0.0388309,0.0391569,0.0389576,0.105535,0.0388418,0.0388325,0.0388312,0.0390535,0.0388317,0.0388369,0.0388308,0.038919,0.0388539,0.038862,0.0388311,0.0388308,0.0388415,0.0388315,0.0388308,0.0390704,0.038831
0.0384524,0.038533,0.038434,0.0483493,0.0386167,0.0384451,0.0384778,0.104461,0.0385704,0.0384462,0.0384347,0.0384325,0.0384318,0.0384453,0.0394158,0.0384721,0.0384917,0.038432,0.0384342,0.0384365,0.0384317,0.0384831,0.0384345,0.0384379
0.0387961,0.0388025,0.0387855,0.0388164,0.0387856,0.0387857,0.0389852,0.0387894,0.038786,0.0387939,0.0388129,0.0387855,0.038788,0.0387855,0.038836,0.0388731,0.105407,0.0388741,0.0388227,0.0387856,0.0406366,0.0387873,0.0388913,0.0387877
0.0388225,0.0388206,0.03882,0.0388243,0.0388206,0.0388205,0.0388291,0.0388205,0.0388205,0.0388436,0.0391294,0.0388199,0.0388296,0.0388207,0.0389783,0.0388644,0.0401833,0.0388358,0.0388628,0.038841,0.0388226,0.0388204,0.105127,0.0388226
0.038911,0.0388924,0.0391322,0.0388282,0.0393976,0.0388342,0.0388467,0.0388294,0.105355,0.0388281,0.0388313,0.0390592,0.0388786,0.0388284,0.0388556,0.0388301,0.038829,0.0388307,0.0388287,0.0390234,0.0388363,0.0388284,0.0388282,0.0388576
0.0364559,0.0362177,0.0362178,0.0362379,0.0362194,0.0362745,0.0399457,0.0362211,0.0362666,0.0362495,0.0363815,0.0362224,0.0421039,0.0362191,0.0362429,0.0396946,0.0953424,0.0363142,0.0938021,0.0362177,0.0362929,0.0362195,0.0364217,0.0362191
0.0388371,0.03883,0.0388164,0.0388154,0.038838,0.0388204,0.0388288,0.0388153,0.0388368,0.0388891,0.0388213,0.0388156,0.105478,0.0388224,0.0388154,0.0388846,0.0391224,0.0388196,0.0390475,0.0388305,0.0388153,0.0388173,0.0388612,0.0397221
0.038388,0.0373628,0.0374886,0.0373618,0.0373633,0.0381764,0.0378983,0.0373841,0.037365,0.0373894,0.0373627,0.100927,0.0373623,0.0374236,0.038036,0.0373719,0.0373618,0.0373672,0.0373617,0.037405,0.040283,0.070797,0.0374001,0.037363
0.0388194,0.0388154,0.0387875,0.0394134,0.0387865,0.0387904,0.0387906,0.0395543,0.0387866,0.105378,0.0387866,0.038793,0.038799,0.0387871,0.0387999,0.0387891,0.0387923,0.0388028,0.0397442,0.0387872,0.0387895,0.0388059,0.0387866,0.0388145
0.0375648,0.0375843,0.0449612,0.0375647,0.0411211,0.0641583,0.0978145,0.0377075,0.0376366,0.0375652,0.0375651,0.0376456,0.0376737,0.0375673,0.0376794,0.0376002,0.0375757,0.0375647,0.0375649,0.0375664,0.0375667,0.0375783,0.0376078,0.0375661
0.0642789,0.038288,0.0378338,0.0378395,0.03783,0.0378303,0.10253,0.0378301,0.0378342,0.0378364,0.0378302,0.0378316,0.0379658,0.03783,0.0378315,0.0379956,0.0378744,0.0378481,0.0378332,0.0378523,0.0378492,0.0378311,0.0378662,0.0378297
0.0388095,0.105364,0.0388375,0.038806,0.0387773,0.0387949,0.0387964,0.0387901,0.0387888,0.0389054,0.0388247,0.039804,0.0387773,0.0387775,0.0388095,0.0387824,0.0387773,0.0387883,0.0387774,0.039734,0.0389336,0.0387775,0.0387774,0.0389889
0.104717,0.038812,0.038966,0.0388239,0.0388091,0.0388091,0.0388144,0.0388092,0.0392306,0.0388206,0.0388161,0.0388275,0.0388573,0.0388555,0.0388306,0.0388092,0.0388094,0.0388126,0.0388092,0.0388328,0.0388247,0.0388143,0.0406736,0.0388153
0.0385615,0.0386755,0.0385558,0.0385657,0.0385562,0.0385586,0.0385644,0.038559,0.0385557,0.0413344,0.0385913,0.038567,0.0411691,0.0390434,0.0385567,0.0405986,0.0386593,0.0385589,0.0385558,0.0385955,0.0385571,0.0387703,0.0385575,0.104733
0.0388653,0.0388658,0.0388651,0.038865,0.0388804,0.0388649,0.0388663,0.0388654,0.0388658,0.0388655,0.105403,0.0388689,0.0388732,0.0388819,0.0389303,0.0388659,0.0389747,0.0390237,0.0389086,0.0388679,0.038868,0.038865,0.0390473,0.0389521
0.0386413,0.0386362,0.0386368,0.0416369,0.0396245,0.0386331,0.038634,0.0386343,0.0388131,0.0386345,0.0399323,0.0386322,0.0389282,0.0387003,0.0386462,0.0386332,0.039084,0.038644,0.10501,0.0386339,0.0386546,0.0386321,0.0386951,0.0386494
0.0388794,0.0388819,0.0388798,0.0389032,0.0390257,0.0389926,0.0388794,0.105365,0.0388855,0.0388801,0.0388826,0.03888,0.0388794,0.0388931,0.0388908,0.0389253,0.0389008,0.0388797,0.0388898,0.0388815,0.0388794,0.0388847,0.0388802,0.0388801
0.0386119,0.0385882,0.0385344,0.0385361,0.0385368,0.0390959,0.0386655,0.0385468,0.0409281,0.0385562,0.0385344,0.0388404,0.038545,0.0385375,0.0385344,0.044285,0.0385345,0.0385475,0.0385344,0.104216,0.0385354,0.0386383,0.0385347,0.0385825
0.0387932,0.0387934,0.0387918,0.0387934,0.0387951,0.0387918,0.0388544,0.0388382,0.0387919,0.0387926,0.105177,0.0387934,0.0387923,0.0387956,0.0395182,0.0387927,0.0398901,0.0390061,0.0388918,0.0387921,0.0387955,0.0387924,0.0391347,0.0387922
0.0386566,0.0386278,0.0387127,0.0703472,0.0386232,0.0386481,0.0386049,0.038618,0.038627,0.0386053,0.0386044,0.0386452,0.0386053,0.075265,0.0386043,0.0427506,0.0386043,0.0386106,0.0390623,0.038725,0.0386311,0.0386055,0.0386113,0.0386044
0.0388708,0.0389717,0.0388706,0.0388782,0.0388708,0.0388884,0.0389148,0.0388758,0.0388791,0.0388724,0.0388706,0.0388725,0.0388711,0.0388706,0.0388707,0.105586,0.0388968,0.0388718,0.0388705,0.0389568,0.0388958,0.0388742,0.0388753,0.038925
0.0392881,0.0387959,0.0388353,0.0387935,0.0388005,0.0388684,0.0388013,0.0387976,0.0388224,0.0388051,0.038805,0.105438,0.0388137,0.0390725,0.03925,0.0388418,0.0387935,0.0388002,0.0387937,0.0388056,0.0389383,0.0393581,0.0388808,0.0388007
0.038872,0.0388692,0.0389988,0.0389398,0.038904,0.0389262,0.0388679,0.0388888,0.0388679,0.0388684,0.038888,0.0388714,0.0388709,0.105531,0.0388678,0.0388758,0.0388679,0.0388778,0.0388806,0.0389252,0.038868,0.0388679,0.0389054,0.0388991
0.0429714,0.0420751,0.0412804,0.0412687,0.0412694,0.0412688,0.0413266,0.041269,0.0426178,0.0412767,0.041376,0.0458828,0.0412747,0.0412754,0.0412709,0.0412717,0.041269,0.0412957,0.0412687,0.0413899,0.0417494,0.0412829,0.0412689,0.0415001
0.0388309,0.0388311,0.0388278,0.0388254,0.0388809,0.0391426,0.0388304,0.0391152,0.0392036,0.0388302,0.0388735,0.105523,0.0388481,0.0388285,0.0390016,0.0388259,0.0388254,0.0388324,0.0388258,0.038911,0.0388872,0.0388452,0.0388262,0.0388278
0.0388699,0.0388644,0.0388595,0.0388672,0.0388593,0.0390381,0.0388755,0.0390877,0.0388596,0.105583,0.0388593,0.0388645,0.0388602,0.03886,0.0388768,0.0389174,0.0388631,0.0388934,0.0388765,0.0388815,0.0388603,0.0388854,0.0388613,0.0388767
0.0388778,0.0388633,0.0388637,0.0388626,0.0388625,0.0388628,0.038864,0.0388836,0.0388746,0.0390507,0.0389461,0.0389941,0.0388629,0.0388624,0.105542,0.0388629,0.038963,0.0388927,0.0388633,0.0388624,0.0388776,0.0388687,0.0388738,0.0388627
0.0385395,0.0385406,0.03854,0.0385395,0.0388944,0.0385393,0.0385429,0.0385395,0.0385438,0.0385395,0.104122,0.0385403,0.0386743,0.0386658,0.0385411,0.0385414,0.0386349,0.0386474,0.0470128,0.0385464,0.038542,0.0385398,0.038575,0.0386578
0.0401089,0.0394885,0.0395639,0.0395364,0.0394868,0.0394899,0.0394868,0.0394869,0.0394872,0.0395235,0.0394868,0.0394881,0.0394868,0.0394868,0.0394968,0.0394968,0.0394937,0.0395461,0.0394984,0.0394873,0.0908176,0.0395438,0.0395066,0.0395054
0.0387514,0.038748,0.0387477,0.0400139,0.038753,0.0387478,0.0394715,0.0387685,0.0387498,0.0387505,0.038754,0.0387477,0.0387539,0.0387481,0.0392626,0.0387561,0.105075,0.0387479,0.0387876,0.0387477,0.0397409,0.0387478,0.0387615,0.0388676
0.0388581,0.038858,0.0388535,0.0388452,0.0388822,0.0388466,0.0388835,0.0388449,0.0388679,0.0388478,0.0388643,0.0388646,0.105573,0.0388526,0.0388451,0.0388941,0.0394035,0.0388556,0.0388724,0.0388451,0.0388449,0.0388452,0.0388502,0.0390015
0.0387839,0.0387583,0.104439,0.0387557,0.0387492,0.0387955,0.0387471,0.038746,0.0387474,0.0387528,0.0387467,0.0387499,0.0387465,0.0388454,0.038748,0.0387463,0.0387464,0.0387465,0.0424118,0.038746,0.0392461,0.0387461,0.038751,0.0387486
0.0387532,0.0387569,0.0387797,0.0387516,0.0387524,0.104476,0.0387675,0.0388407,0.0387515,0.0393694,0.0387511,0.0388437,0.0387595,0.0420551,0.038751,0.0387525,0.0387511,0.0387521,0.0387553,0.0387641,0.038751,0.038761,0.0388018,0.0387513
0.0389339,0.0389293,0.038961,0.0389263,0.0389245,0.0389243,0.0389493,0.0389261,0.0389409,0.0389621,0.0389252,0.0389308,0.0389231,0.0389229,0.104508,0.0389231,0.0389267,0.0389232,0.038923,0.0389229,0.039004,0.0389418,0.0389242,0.0389231
0.0401409,0.0401923,0.0401332,0.0401321,0.0401318,0.0401788,0.0401628,0.0401353,0.0401318,0.0765326,0.0401318,0.040191,0.0401349,0.040132,0.0401373,0.0401761,0.0401323,0.0401506,0.0401329,0.0401429,0.0402583,0.0401419,0.0401325,0.0401337
0.0388518,0.0388362,0.0388346,0.038852,0.0388594,0.0388314,0.0388433,0.0388436,0.0388315,0.0388354,0.0388581,0.0388318,0.0389256,0.0389647,0.0388313,0.0388367,0.0388368,0.0388394,0.0388313,0.0397224,0.0388342,0.0388948,0.038833,0.105541
0.0389175,0.0398057,0.0388127,0.038822,0.0388128,0.0388279,0.038812,0.0388153,0.0388257,0.0388805,0.0388144,0.0388134,0.0388119,0.0391755,0.0388119,0.0388149,0.0388119,0.0394738,0.0388183,0.104978,0.0388502,0.0388562,0.038817,0.0388201
0.0388162,0.0387219,0.0386833,0.0388165,0.0386811,0.0387005,0.0386939,0.0425109,0.0386836,0.104892,0.0386811,0.0389639,0.0386817,0.0386812,0.0387321,0.0387506,0.038685,0.0390446,0.0388184,0.0386847,0.0386915,0.0390226,0.0386813,0.0386819
0.0388189,0.0388434,0.0388249,0.0388293,0.0388184,0.0388449,0.0388911,0.0389504,0.038834,0.0393712,0.0388201,0.0388997,0.0388183,0.0388182,0.105456,0.0388217,0.0388387,0.0388234,0.0388183,0.0388182,0.0393198,0.0390711,0.0388308,0.0388185
0.0370805,0.036631,0.0366287,0.0366496,0.0366287,0.036629,0.036656,0.0366413,0.0368207,0.0366497,0.0366371,0.0366303,0.0366298,0.0366287,0.0944285,0.0366595,0.0969323,0.0367106,0.0366296,0.0366287,0.0381738,0.0366361,0.0370288,0.0366311
0.0387107,0.0387073,0.0387042,0.0387048,0.0387064,0.0387512,0.0387076,0.104912,0.0387065,0.0391334,0.0391051,0.0387217,0.0387046,0.0387279,0.0387072,0.0387051,0.0417953,0.039293,0.038791,0.0387239,0.0387042,0.0388669,0.038706,0.0387039
0.0385885,0.0385877,0.038586,0.0385849,0.0385942,0.0385739,0.039378,0.0385688,0.0385703,0.0386118,0.0385693,0.0385688,0.044388,0.0385756,0.0385756,0.0389851,0.0393161,0.0385713,0.104742,0.0385761,0.0387159,0.0385688,0.0386345,0.0385687
0.0388747,0.0388883,0.0388743,0.0388756,0.0388753,0.0388765,0.0388744,0.0388911,0.0388753,0.0388748,0.0388745,0.0388965,0.0388747,0.0388804,0.0388745,0.105111,0.0388788,0.0389284,0.038875,0.0391097,0.0389001,0.0392444,0.0388821,0.0388894
0.0389468,0.0387948,0.0388328,0.0387953,0.038795,0.0388594,0.0388034,0.0388067,0.0388565,0.0390501,0.0387948,0.0388143,0.0387955,0.0387951,0.0390703,0.0388041,0.038798,0.0388054,0.0387949,0.0388309,0.0404019,0.105136,0.0387975,0.038821
0.0389631,0.0388862,0.0388892,0.038887,0.0388863,0.0388906,0.0388881,0.0389197,0.0388881,0.0390459,0.0388862,0.0389021,0.0388875,0.0388863,0.0389262,0.0388893,0.0388868,0.0391567,0.0388862,0.0389104,0.0388999,0.104886,0.038892,0.0389599
0.038731,0.038742,0.0390697,0.0387315,0.105256,0.0388551,0.0387554,0.038867,0.0387997,0.038731,0.0387358,0.0387325,0.0389701,0.0414244,0.0387311,0.0387409,0.0387355,0.038731,0.0387388,0.0388807,0.0387311,0.0387358,0.0387396,0.0388343
0.0388505,0.0388532,0.0388495,0.0388474,0.0394955,0.0388501,0.0388594,0.0388474,0.0388563,0.0388484,0.03899,0.0388483,0.104297,0.0388545,0.0388477,0.0388581,0.0388761,0.0388482,0.0401463,0.0388539,0.0388474,0.0388477,0.0388491,0.0388781
0.0389905,0.0390544,0.0389904,0.0389919,0.0390644,0.0389927,0.0389971,0.0390949,0.0389941,0.0389991,0.0390145,0.0390354,0.0390085,0.0399909,0.0389903,0.0402118,0.0389918,0.0389909,0.0389905,0.039544,0.0389913,0.0389905,0.0389904,0.10009
0.0389086,0.0388253,0.0392518,0.0388255,0.0389308,0.0388265,0.0389568,0.0388252,0.105253,0.0388253,0.0388252,0.038836,0.0391171,0.0388253,0.0388262,0.0390988,0.0388253,0.0388254,0.0388254,0.0388303,0.038828,0.0388334,0.0388289,0.0392457
0.0388874,0.0388681,0.0388681,0.0389468,0.0389029,0.0388831,0.0388681,0.0388896,0.0388681,0.038905,0.0388775,0.0389314,0.0388684,0.0389029,0.0388816,0.0388688,0.0388731,0.0389191,0.03887,0.0388825,0.0389158,0.105489,0.0388684,0.0389641
0.0388548,0.0399581,0.038845,0.105127,0.0388206,0.0388228,0.0388209,0.0388332,0.0388206,0.0390075,0.038821,0.0388215,0.0388263,0.0388515,0.0388208,0.038834,0.0388215,0.0392318,0.0388413,0.0388208,0.0388502,0.0388263,0.0388211,0.0389017
0.0389082,0.0400535,0.0387471,0.0388885,0.0387332,0.0387386,0.0387343,0.0387473,0.0387334,0.105224,0.0387337,0.0387354,0.0387347,0.0387333,0.0388502,0.0387375,0.0387587,0.0406673,0.0387703,0.0387349,0.0388194,0.0387474,0.0387348,0.0387339
0.0387254,0.0385691,0.0385741,0.0385718,0.0385699,0.0385697,0.0393678,0.0385692,0.104432,0.0385696,0.038569,0.0385795,0.0385941,0.038569,0.0386016,0.0459604,0.0385698,0.0385727,0.0386159,0.0385698,0.0385702,0.0385711,0.038569,0.0385693
0.0388714,0.0389405,0.104801,0.0388769,0.0389731,0.038874,0.0389673,0.0388705,0.0388861,0.038872,0.0388821,0.0388766,0.0389504,0.0388774,0.0388707,0.0388709,0.0388717,0.0388769,0.0388957,0.0388705,0.0389311,0.0388709,0.0388718,0.0395505
0.0388346,0.105333,0.0388788,0.0388362,0.0388263,0.0389131,0.0388297,0.0388579,0.0388265,0.0388286,0.0392829,0.0397077,0.0388262,0.0388264,0.0388468,0.0388291,0.0388258,0.0388261,0.0388259,0.0388524,0.0388799,0.0388291,0.0388262,0.0388508
0.0390209,0.0390544,0.0390169,0.0458366,0.0390112,0.0390209,0.039012,0.03905,0.0390112,0.0953469,0.0390113,0.0390125,0.0390149,0.0390123,0.0390156,0.0390181,0.0390218,0.0390741,0.0393115,0.0390112,0.0390303,0.0390444,0.039013,0.0390278
0.0387325,0.0387331,0.0388091,0.038734,0.104885,0.0387953,0.0387335,0.0387372,0.0387355,0.0387325,0.0399529,0.0387331,0.038762,0.0389613,0.0387334,0.0387325,0.038744,0.0387326,0.0413287,0.0387342,0.0387326,0.0387526,0.0387373,0.0387347
0.0388643,0.0386264,0.0386452,0.0386877,0.0386289,0.0386256,0.0386261,0.0386303,0.0386263,0.0387236,0.0386529,0.038627,0.0386588,0.0449405,0.0386256,0.038626,0.0386265,0.0386633,0.0386259,0.0388017,0.0386306,0.0386806,0.0386291,0.104527
0.038879,0.0388733,0.105632,0.0388699,0.0389209,0.0389086,0.0388739,0.0388681,0.0388709,0.038869,0.0388685,0.0388906,0.0388797,0.0388839,0.0388684,0.0388682,0.0388681,0.0388708,0.0388848,0.0388682,0.0389587,0.0388766,0.0388694,0.0389788
0.0388011,0.0388016,0.0388009,0.038801,0.0389298,0.0388009,0.0388031,0.0388031,0.0388014,0.038801,0.105077,0.0388014,0.038807,0.0388419,0.0388083,0.0388021,0.0394588,0.0388675,0.0393615,0.0388018,0.0388021,0.038801,0.0397651,0.0388605
0.0386559,0.0386459,0.0386458,0.0386489,0.0386598,0.0387274,0.0386471,0.0386566,0.038646,0.0386486,0.038648,0.0396092,0.0386752,0.0386807,0.0386459,0.0387115,0.038646,0.0389534,0.0386461,0.0441163,0.0386768,0.103944,0.0386461,0.0388191
0.0414792,0.0414954,0.0415588,0.041479,0.0415565,0.041918,0.0414797,0.0414831,0.041481,0.041479,0.0414798,0.0415092,0.0414795,0.0445574,0.041479,0.0415219,0.041479,0.041479,0.041479,0.0421822,0.0414809,0.0414791,0.0414819,0.0415024
0.0389736,0.0392208,0.0389681,0.0389682,0.0397055,0.0391288,0.0389679,0.0393299,0.0390479,0.0389678,0.0389732,0.0390563,0.0389678,0.0395832,0.0389678,0.0389697,0.0389678,0.0389848,0.0389678,0.101317,0.039003,0.0390199,0.0389679,0.0389747
0.0374454,0.0375585,0.0775442,0.0374506,0.0719176,0.0375629,0.0374463,0.0374503,0.0374559,0.0374457,0.0374565,0.0374503,0.0375045,0.0374633,0.0374455,0.0374459,0.0374461,0.0374457,0.0638227,0.0374473,0.0374469,0.0374551,0.0374454,0.0374476
0.0387814,0.0388023,0.0388183,0.0390047,0.0391486,0.0389517,0.0387792,0.0388427,0.0387788,0.0387784,0.0387796,0.0387844,0.0387802,0.105167,0.0387783,0.0388903,0.0387783,0.03878,0.0387844,0.0406284,0.0387787,0.0387784,0.0388113,0.0387947
0.0380626,0.038096,0.0380615,0.0380683,0.0381073,0.0380632,0.0380622,0.0380639,0.0381679,0.0380631,0.0380629,0.0380673,0.0380696,0.03836,0.0380613,0.101874,0.0380645,0.0380678,0.0380617,0.0531598,0.0381384,0.0380754,0.0380621,0.0450595
0.0399717,0.0388188,0.0388026,0.0392077,0.0388014,0.0388043,0.0388029,0.0388954,0.0388016,0.105438,0.0388014,0.0388044,0.0388342,0.0388016,0.038876,0.038803,0.0388086,0.0388165,0.0389189,0.0388023,0.038803,0.0388184,0.0388022,0.0389652
0.0385826,0.0705701,0.0385979,0.0390525,0.0385585,0.0385596,0.0385582,0.0385977,0.0385579,0.038615,0.0385652,0.0385669,0.0385651,0.0797905,0.0385579,0.0385596,0.0385579,0.0385625,0.0385618,0.0389591,0.0385606,0.0385583,0.0385585,0.038826
0.0383039,0.0384093,0.038305,0.0383323,0.038356,0.0383046,0.0383988,0.0942651,0.0383038,0.0383122,0.0586413,0.0383053,0.0383042,0.0384026,0.0384215,0.0383048,0.0418966,0.0383065,0.0383208,0.038304,0.0383039,0.0383043,0.0383042,0.0385888
0.0391799,0.0392014,0.0391568,0.039185,0.0391554,0.0391558,0.0391556,0.0391589,0.0391567,0.0403191,0.0393764,0.0395762,0.0391555,0.0391561,0.0391562,0.0391559,0.0391558,0.0971259,0.0391706,0.0393274,0.0392808,0.0391656,0.0391556,0.0392175
0.0390284,0.0388612,0.0387721,0.0387846,0.0387707,0.0387907,0.0387748,0.0387779,0.0387707,0.105364,0.0387714,0.038775,0.0387721,0.0387709,0.038831,0.0387718,0.0387782,0.0411489,0.0387979,0.0387745,0.0387855,0.0387791,0.0387762,0.0387724
0.0392143,0.0394821,0.0392121,0.0949082,0.0392109,0.0392172,0.0392108,0.0392505,0.039211,0.0394102,0.0392114,0.0392277,0.0392218,0.0405091,0.0392108,0.0392993,0.039211,0.0401469,0.0394124,0.0393165,0.0392552,0.0392205,0.0392114,0.0392189
0.0388018,0.0390755,0.0391144,0.105098,0.0387199,0.0387314,0.0387206,0.0387378,0.0387203,0.0387391,0.0387202,0.0387217,0.0387249,0.0418247,0.03872,0.0387652,0.0387203,0.0387456,0.0389083,0.03872,0.0387963,0.0387208,0.0387316,0.0387221
0.0388517,0.0388533,0.0390316,0.0388327,0.038877,0.0388359,0.0388307,0.0388369,0.0388306,0.0388307,0.0389826,0.038861,0.0388312,0.105005,0.0388306,0.0388309,0.0388306,0.038834,0.0388313,0.0401198,0.0388948,0.0388329,0.0388408,0.0388638
0.0396628,0.0396597,0.0396599,0.0397252,0.0405452,0.0396601,0.0396668,0.0396602,0.0401775,0.03966,0.0398244,0.0396623,0.0511188,0.0396597,0.039681,0.0396605,0.0400514,0.0396599,0.0742975,0.0396596,0.0396643,0.039661,0.0396624,0.0396597
0.0388432,0.0388421,0.0388358,0.0388399,0.0388812,0.0388365,0.105022,0.0388393,0.0388376,0.0388416,0.0388344,0.0388427,0.0388447,0.0388342,0.0388622,0.0388685,0.0388344,0.0388344,0.0388342,0.0401254,0.0388354,0.038919,0.0390765,0.0388346
0.0408687,0.0408756,0.0408717,0.0408725,0.0408689,0.047741,0.0410721,0.0408687,0.0409747,0.0408705,0.0408686,0.0412973,0.0409085,0.0408686,0.04087,0.0520429,0.0408688,0.0408757,0.0408694,0.0408703,0.0411211,0.0408691,0.0408687,0.0409167
0.0398917,0.0392041,0.0391877,0.0392518,0.0391875,0.0391874,0.0952127,0.0391876,0.0391878,0.0391939,0.039188,0.0391923,0.0412387,0.0391878,0.0391874,0.0392259,0.0395422,0.0392199,0.0391875,0.0391895,0.0391969,0.039188,0.0391987,0.039365
0.0388067,0.0389558,0.0387836,0.0387782,0.0387751,0.0394863,0.0387924,0.0389905,0.0388863,0.0402143,0.0387753,0.103934,0.0387771,0.0388156,0.0390905,0.0394464,0.0387751,0.0388227,0.0387753,0.0387781,0.0392072,0.0387823,0.0387763,0.0387752
0.0395611,0.0395703,0.0395628,0.0395599,0.0398563,0.0430614,0.03956,0.0397088,0.0395617,0.0395672,0.039567,0.0401793,0.039562,0.0749016,0.0395599,0.0395608,0.0395599,0.0395605,0.0395624,0.0501153,0.0395609,0.0396051,0.039562,0.0395739
0.0383599,0.0383484,0.0485888,0.038348,0.0384239,0.0434064,0.102225,0.0383758,0.0383519,0.0383492,0.038348,0.0383903,0.0385038,0.0383587,0.0383483,0.0383676,0.038348,0.038348,0.0383487,0.0384416,0.0383483,0.0383726,0.0383485,0.0383498
0.0371124,0.0371185,0.0371122,0.0371601,0.0372286,0.0371637,0.0371107,0.0371164,0.0373546,0.0371137,0.0371087,0.0371388,0.03711,0.060282,0.0371086,0.0610781,0.0371086,0.037116,0.0371145,0.0987121,0.0371155,0.0371228,0.0371129,0.0371806
0.0392157,0.039183,0.0391834,0.039183,0.0391841,0.0391831,0.0391851,0.0391848,0.0392325,0.0391968,0.0404393,0.0391838,0.0391936,0.0391842,0.0393729,0.0391897,0.0392432,0.0391882,0.0393588,0.039191,0.0391856,0.0391844,0.0969675,0.0391863
0.0388277,0.0388226,0.0388218,0.0388356,0.0388223,0.0388219,0.0396911,0.0388253,0.0388234,0.038823,0.0388468,0.0388218,0.0388226,0.0388218,0.0399081,0.0388288,0.104638,0.0388251,0.0388255,0.0388218,0.0392548,0.038822,0.0388251,0.0388228
0.0388747,0.105575,0.0388811,0.0389339,0.0388678,0.0388797,0.0388744,0.0388689,0.0388692,0.0389463,0.0389112,0.038934,0.0388681,0.0388681,0.0389469,0.0388858,0.0388678,0.0388688,0.0388679,0.0388754,0.0389084,0.038868,0.038869,0.0388897
0.0388293,0.0388585,0.0388289,0.0391553,0.0388289,0.0389504,0.0388384,0.0388398,0.0388292,0.0390391,0.0388288,0.0388788,0.0388488,0.038874,0.0388289,0.105536,0.0388996,0.0390567,0.038841,0.0389846,0.0388322,0.0388858,0.0388654,0.0388416
0.0390547,0.0389462,0.0389455,0.0389449,0.0389464,0.0389456,0.0389458,0.0389467,0.0389455,0.0390635,0.0389452,0.0490865,0.0390712,0.038946,0.0389455,0.038949,0.038945,0.0389526,0.0389449,0.0396621,0.0389489,0.0905455,0.0389449,0.041428
0.0391095,0.0388829,0.0388908,0.0388604,0.0388582,0.0389191,0.0388604,0.0390684,0.0388585,0.105474,0.0388582,0.0388888,0.0388588,0.0388648,0.0388912,0.0388592,0.0388611,0.0389519,0.0388691,0.0388712,0.0388639,0.0388613,0.0388595,0.0388589
0.0390694,0.0389448,0.0389449,0.0389473,0.0389453,0.0389492,0.0389477,0.0393309,0.0389452,0.0391434,0.038945,0.0389786,0.038946,0.0389459,0.0389477,0.038953,0.0389487,0.0389645,0.0389449,0.0389546,0.0389461,0.103363,0.0389449,0.0390483
0.0387788,0.038777,0.0387795,0.0387768,0.0387783,0.0387881,0.0398064,0.0389149,0.0387889,0.0390493,0.038873,0.0388082,0.0387777,0.0387769,0.0670708,0.0387772,0.0389266,0.0387776,0.0387768,0.0387774,0.0387934,0.0388049,0.0780447,0.0387771
0.0386708,0.0386622,0.0386609,0.0386671,0.038666,0.0386617,0.0399795,0.0389362,0.0386623,0.0387508,0.038669,0.0386608,0.0386625,0.0386608,0.0422924,0.0386983,0.104973,0.0386645,0.0387051,0.0386614,0.038941,0.0386742,0.0386645,0.038755
0.0405034,0.0397593,0.039747,0.039747,0.039747,0.039747,0.0397727,0.039747,0.0397507,0.0400567,0.0398324,0.0400476,0.0838408,0.0397479,0.0397483,0.0397836,0.0397505,0.0397574,0.0397483,0.0397619,0.0397471,0.0397499,0.0401563,0.0397502
0.0393075,0.0392948,0.0392848,0.0392846,0.0392933,0.0401307,0.0393037,0.0394545,0.043313,0.0392856,0.0392846,0.0908934,0.0393217,0.0392845,0.0392918,0.0392973,0.0392849,0.0392867,0.0392846,0.0395131,0.0392949,0.0394389,0.0392845,0.0392865
0.0389695,0.0388581,0.0388989,0.0388517,0.0388524,0.038885,0.0388547,0.038853,0.0390629,0.0388578,0.0389052,0.105483,0.0389608,0.0388901,0.0388525,0.0388523,0.0388517,0.0388808,0.0388517,0.039042,0.0388631,0.0388717,0.0388538,0.0388972
0.0388548,0.0387943,0.040901,0.0388704,0.0387807,0.0387983,0.0387824,0.0387806,0.0387859,0.0387826,0.0387808,0.0388906,0.0387808,0.0387816,0.0388054,0.0387819,0.0387811,0.0388101,0.0388006,0.0387931,0.105405,0.0388873,0.0387842,0.0387862
0.0388045,0.042124,0.0388129,0.104987,0.0387299,0.0387292,0.0387335,0.0387402,0.0387303,0.03874,0.0387292,0.0387378,0.0387319,0.0389206,0.0387288,0.0387372,0.0387287,0.0387598,0.0388227,0.0387576,0.038936,0.0387426,0.0387288,0.0388072
0.0389955,0.0389833,0.0389807,0.038995,0.0389802,0.0389805,0.0389902,0.0389821,0.0389803,0.0402199,0.0391403,0.0389928,0.038983,0.0389804,0.038981,0.0389909,0.0390178,0.101686,0.0389805,0.0390033,0.0390026,0.0390411,0.038981,0.0391313
0.0382862,0.0401691,0.0385885,0.0386303,0.0386601,0.0384133,0.0382853,0.0382993,0.0382848,0.0382929,0.0402929,0.0406205,0.0383038,0.103823,0.0382846,0.0385017,0.0382846,0.0385672,0.0383438,0.0436056,0.0383016,0.0382908,0.0382987,0.0405715
0.0388259,0.0388252,0.0388254,0.0388364,0.0388292,0.0388274,0.0393884,0.0388305,0.0388278,0.038848,0.0388318,0.0388252,0.0397818,0.0388255,0.0388973,0.0388286,0.105206,0.0388325,0.0389086,0.0388252,0.038831,0.0388292,0.0388756,0.0388379
0.0388248,0.0392118,0.0390891,0.0388746,0.038862,0.105517,0.0388521,0.038834,0.0388382,0.0388262,0.0388247,0.0388315,0.0388259,0.0390048,0.0388254,0.039002,0.0388257,0.0388278,0.0389004,0.0388737,0.0388931,0.0389838,0.0388267,0.0388247
0.038852,0.0389233,0.105534,0.0388562,0.0391227,0.0391318,0.0388522,0.0388515,0.038852,0.0388514,0.0388548,0.0388604,0.0388542,0.0389933,0.0388522,0.0388516,0.0388513,0.0388515,0.0388753,0.0388513,0.0389089,0.0388537,0.0388564,0.038858
0.039076,0.039048,0.0390585,0.0390476,0.0390695,0.039048,0.0390615,0.0390477,0.0981781,0.0390481,0.0390479,0.0390482,0.0393872,0.0390476,0.0390484,0.0397113,0.0390954,0.0390477,0.0416074,0.0390499,0.039063,0.0390503,0.0390477,0.0390652
0.0415232,0.0396239,0.0396268,0.0396247,0.039624,0.0396239,0.0396248,0.039624,0.086515,0.0396244,0.039624,0.0396247,0.0396649,0.0396239,0.0396249,0.0396657,0.0396329,0.0396331,0.0396993,0.0396243,0.0396657,0.0396251,0.0396242,0.0396328
0.0385092,0.0384546,0.0384554,0.0417987,0.0384854,0.0384529,0.0384529,0.0384604,0.038452,0.0384544,0.0384888,0.0384529,0.0384553,0.0504158,0.0384521,0.0384523,0.0384528,0.0384596,0.0384528,0.0385045,0.0384555,0.0384778,0.0384728,0.100031
0.0388475,0.038858,0.0388948,0.0388477,0.105578,0.0391533,0.0388895,0.0388663,0.0388588,0.0388475,0.03897,0.0388509,0.0388525,0.0390908,0.0388482,0.0388478,0.0388486,0.0388475,0.0389189,0.0388853,0.0388478,0.0388504,0.0388495,0.0388497
0.0395717,0.0395695,0.0395691,0.039573,0.0396367,0.0395757,0.0395728,0.0396067,0.0395708,0.0395698,0.0395689,0.0395923,0.0395691,0.0407211,0.0395689,0.0397316,0.039569,0.0396322,0.0395689,0.0879061,0.0395908,0.0398842,0.0395695,0.0397114
0.03952,0.0388936,0.0389068,0.0389368,0.0388875,0.0388875,0.0388881,0.0388875,0.0391749,0.0388883,0.0388881,0.0388881,0.0388876,0.0388875,0.038902,0.0388879,0.0388895,0.0388988,0.03893,0.0389088,0.104473,0.0389058,0.038888,0.0388937
0.0386354,0.0386344,0.0386567,0.0386328,0.0387108,0.0389898,0.038633,0.0387638,0.0396235,0.0386331,0.0386407,0.104877,0.0386341,0.0390414,0.0386449,0.0386532,0.0386328,0.0386412,0.0386328,0.0393332,0.0388729,0.0421546,0.0386904,0.0386371
0.03856,0.0390384,0.0386098,0.0385902,0.0385611,0.104796,0.0386045,0.0385661,0.0385668,0.0385795,0.0385599,0.0385851,0.0385627,0.0385892,0.0385602,0.0449665,0.0385612,0.0385913,0.0385979,0.0391492,0.038583,0.0390794,0.0385827,0.0385599
0.0387565,0.0387668,0.0396936,0.0387593,0.0392469,0.105311,0.0387883,0.0388041,0.0387603,0.0387697,0.0387566,0.0388015,0.0388045,0.038759,0.0387604,0.0387671,0.0387568,0.0387615,0.0387581,0.0387888,0.0387589,0.0403462,0.0387666,0.038757
0.0389041,0.0388154,0.0387966,0.0423997,0.0387938,0.0387939,0.0387943,0.0389553,0.0387938,0.103358,0.0387938,0.038795,0.0388271,0.0387943,0.0388014,0.0388046,0.0388018,0.0388003,0.0388412,0.0387942,0.0387971,0.0388137,0.0387938,0.0391372
0.0403332,0.039248,0.0392309,0.0392412,0.0392353,0.039231,0.0396941,0.0392311,0.0393565,0.0392323,0.0392611,0.0392317,0.0393725,0.0392356,0.0392308,0.0392605,0.0392583,0.040446,0.0392308,0.0906241,0.0392534,0.0392475,0.0393242,0.04299
0.0388108,0.038815,0.105042,0.0388105,0.0394266,0.0388503,0.0388107,0.0388102,0.0388163,0.0388112,0.0388109,0.038814,0.0388797,0.0388371,0.0388102,0.0388107,0.0388102,0.0388103,0.0403425,0.0388102,0.0388162,0.0388116,0.0388126,0.03882
0.0425044,0.0386688,0.0386687,0.0386878,0.0386699,0.0386775,0.0386722,0.0387508,0.0386692,0.0386726,0.0387027,0.038944,0.0386689,0.0386707,0.0387617,0.0387196,0.0387295,0.0397012,0.0386694,0.0387835,0.0387366,0.104898,0.0386976,0.0386742
0.0390195,0.0390166,0.0390166,0.0390674,0.0391626,0.0390237,0.0390217,0.0392024,0.0390165,0.0390239,0.0390177,0.0390188,0.0390167,0.0390396,0.0390168,0.0390169,0.0390178,0.0390965,0.0390171,0.0390758,0.039036,0.10197,0.0390166,0.0390729
0.0387721,0.0388538,0.0387972,0.038772,0.0394904,0.0396945,0.105208,0.0388428,0.0387742,0.0387833,0.0387752,0.0387735,0.0387862,0.0387724,0.0389356,0.0389054,0.0394793,0.0388483,0.0387721,0.0388468,0.0387754,0.0387776,0.038788,0.0387757
0.0392165,0.0388583,0.0388739,0.0388595,0.0388657,0.038861,0.0388676,0.0388584,0.105618,0.0388585,0.0388583,0.0388594,0.0389168,0.0388583,0.0388652,0.0388701,0.0388589,0.0388585,0.0388795,0.0388702,0.0389802,0.0388623,0.0388583,0.0388671
0.0388337,0.0388312,0.0388312,0.0388274,0.0388288,0.0388359,0.0388323,0.038827,0.0388295,0.0389237,0.0388283,0.0388275,0.105092,0.0388299,0.0388271,0.0388459,0.0390781,0.038829,0.0391455,0.0388276,0.0388271,0.0388275,0.038878,0.0399355
0.0388764,0.0388684,0.0388683,0.0388945,0.0388677,0.0388674,0.0388699,0.0388694,0.0388672,0.0388919,0.0389083,0.0388696,0.0389527,0.0389329,0.0388672,0.0388688,0.0388708,0.0389537,0.0388671,0.0388835,0.0388769,0.038917,0.0388692,0.105621
0.0388325,0.0388365,0.0392929,0.039276,0.038891,0.038873,0.0388271,0.0388873,0.0388282,0.0388274,0.0388767,0.0388308,0.0388293,0.105502,0.0388271,0.0389116,0.0388274,0.0388334,0.0388569,0.0388787,0.0388285,0.0388272,0.0388765,0.0389222
0.0396273,0.0396348,0.0396319,0.0396266,0.0396343,0.0396264,0.0396264,0.0396264,0.0396266,0.0398093,0.0396442,0.0396305,0.0407921,0.039627,0.0396336,0.0396267,0.039656,0.0396266,0.0870021,0.0396268,0.0397781,0.0396267,0.0396267,0.0396329
0.0388554,0.0390246,0.0392591,0.0388537,0.0388875,0.0388606,0.0389784,0.0388535,0.0388758,0.0388551,0.0388626,0.0388577,0.105458,0.0388539,0.0388538,0.0388939,0.0388595,0.0388548,0.0389264,0.0388537,0.0388538,0.0388536,0.0388538,0.0388612
0.0386495,0.0386498,0.0386527,0.0386813,0.0386804,0.0386503,0.0416004,0.0388729,0.0386847,0.0403148,0.0386495,0.0386488,0.0386699,0.0386488,0.0389115,0.0387163,0.104991,0.0386827,0.0387006,0.038649,0.0386525,0.0388854,0.0387467,0.0390107
0.0389429,0.0389429,0.0389429,0.038966,0.0389634,0.0389435,0.0389537,0.0389932,0.0389434,0.0389433,0.0389856,0.0389439,0.039053,0.0389451,0.0389516,0.0389845,0.103956,0.0389572,0.0389519,0.0389429,0.0389444,0.0389432,0.038958,0.0389479
0.038915,0.0398832,0.038821,0.0388213,0.0388213,0.0388756,0.0388406,0.0388263,0.0390467,0.0388419,0.0388213,0.0388659,0.0388214,0.0388265,0.038821,0.0388418,0.0388209,0.0388854,0.038821,0.105491,0.0388223,0.038825,0.0388216,0.0388215
0.0390513,0.0388455,0.0388463,0.03885,0.0388464,0.0388682,0.0388466,0.0389567,0.0388495,0.0389117,0.0388456,0.0389716,0.0388466,0.0388461,0.038964,0.0388606,0.0388471,0.0390413,0.0388456,0.0388807,0.0388629,0.105582,0.0388591,0.0388751
0.0389466,0.0389455,0.0389173,0.0389312,0.0389167,0.0389597,0.0389189,0.0389909,0.0389168,0.103658,0.0389188,0.0389172,0.0389224,0.0389168,0.0389541,0.03894,0.0390729,0.0390782,0.0389171,0.038918,0.0389194,0.0390837,0.0389183,0.0394216
0.0388755,0.0388749,0.038977,0.0389586,0.0388726,0.0388788,0.0388731,0.0388726,0.0388755,0.0388823,0.0388726,0.0389133,0.0388727,0.0388726,0.0388977,0.038876,0.0388765,0.0389044,0.0388962,0.0388755,0.105546,0.0389032,0.0388727,0.0388796
0.0391552,0.0391551,0.039155,0.0391551,0.0391576,0.0392288,0.0391568,0.0392128,0.0392784,0.0391572,0.0393134,0.0988791,0.0391576,0.0391552,0.0392279,0.0391554,0.0391557,0.0391676,0.0391551,0.0391741,0.039175,0.0391601,0.0391558,0.0391558
0.0389799,0.0388612,0.038922,0.0388655,0.0388619,0.0388614,0.0388714,0.0388618,0.0388613,0.0388734,0.0388692,0.0388737,0.0390171,0.0390793,0.0388798,0.0388677,0.0388638,0.0388625,0.0388617,0.0388615,0.038864,0.0388833,0.105462,0.0389344
0.105386,0.0388777,0.0388892,0.0389145,0.0388767,0.0388767,0.0388792,0.0388769,0.0389467,0.0388789,0.0388767,0.0388771,0.0388774,0.0388805,0.0388772,0.0388864,0.0388774,0.0388864,0.0388781,0.038946,0.0390177,0.038896,0.0389384,0.0388825
0.0413244,0.0413106,0.04131,0.0413112,0.041316,0.0413103,0.041318,0.041311,0.0413101,0.0413155,0.041316,0.0413158,0.0495291,0.0413115,0.0413099,0.0413103,0.0413347,0.0413112,0.0413151,0.0415068,0.0413099,0.0413549,0.0413259,0.0413117
0.0388331,0.0388329,0.0388324,0.0388328,0.0388439,0.0389277,0.0388329,0.10548,0.0389256,0.0389552,0.0389275,0.0390206,0.0388328,0.0388553,0.0388459,0.0388379,0.0392157,0.0390721,0.0388643,0.0388797,0.0388324,0.0388519,0.0388352,0.0388324
0.0390653,0.0389923,0.0389935,0.0390733,0.0389917,0.038992,0.0389924,0.0389925,0.0390022,0.0391231,0.0390346,0.0390008,0.0390028,0.038992,0.038992,0.0390173,0.0391304,0.0909262,0.0389917,0.0390101,0.0392159,0.0393471,0.0390174,0.0501031
0.0389213,0.0389362,0.0389583,0.0389212,0.103242,0.0390205,0.0390029,0.038924,0.0393796,0.0389212,0.0389328,0.0389242,0.0389257,0.0389288,0.0389215,0.0389217,0.0389215,0.0389213,0.0389293,0.0397527,0.0389214,0.0389229,0.0389213,0.0389281
0.038829,0.0388674,0.0388322,0.0388346,0.0391364,0.105533,0.038922,0.0391092,0.0388402,0.0388313,0.0388285,0.0388806,0.0388352,0.0391393,0.038829,0.0389063,0.0388359,0.0388292,0.0388592,0.0389245,0.0388314,0.0389047,0.0388321,0.0388289
0.0388093,0.0388095,0.0389977,0.0388101,0.0393241,0.105347,0.0393233,0.0388827,0.0388107,0.0388111,0.0388093,0.0390578,0.0388832,0.0388389,0.0388217,0.0388152,0.0388093,0.0388097,0.0388093,0.0388107,0.0388095,0.0391546,0.0388356,0.0388093
0.038781,0.038919,0.038805,0.0387917,0.0388323,0.105386,0.0387855,0.0390727,0.0388855,0.0387823,0.038781,0.0388198,0.038786,0.0387824,0.0387831,0.0391839,0.0387991,0.0387819,0.0387866,0.0388536,0.0388322,0.0402066,0.0387819,0.0387811
0.0388704,0.038876,0.0388661,0.0388893,0.0388654,0.0388693,0.0388655,0.0388667,0.0388656,0.0395346,0.0388845,0.0388874,0.0388662,0.038869,0.0388654,0.0391723,0.0388657,0.103307,0.0388993,0.040448,0.0389024,0.0389271,0.038867,0.03887
0.0388602,0.0388653,0.0388632,0.0390002,0.0388643,0.0388854,0.0390225,0.0388644,0.0389124,0.0388608,0.0388602,0.0388639,0.0388755,0.038874,0.0388605,0.105624,0.0388905,0.0388605,0.0388633,0.0388679,0.038929,0.0388614,0.0388624,0.0389082
0.0375191,0.0375818,0.0382032,0.0375319,0.0823717,0.0380173,0.0375592,0.0376468,0.0375558,0.0375199,0.0375242,0.0375217,0.0375311,0.0378288,0.0375192,0.0375193,0.0375276,0.0375191,0.0904052,0.0375203,0.0375193,0.0375193,0.0375191,0.0375193
0.0390802,0.0390546,0.0390395,0.0390398,0.039046,0.0390408,0.0397096,0.0390394,0.100256,0.03904,0.0390397,0.0390447,0.039062,0.0390393,0.0390457,0.0390643,0.039041,0.0390395,0.0390679,0.0396149,0.0394747,0.0390395,0.0390401,0.0390406
0.0388566,0.0388716,0.0389579,0.0389191,0.0391151,0.105555,0.0389187,0.0388822,0.0388572,0.0388602,0.0388567,0.0388737,0.0388612,0.0388885,0.0388573,0.0388788,0.0388567,0.0388778,0.038867,0.0388615,0.0388573,0.0389564,0.0388568,0.0388566
0.0388371,0.0394943,0.0389327,0.105513,0.0388247,0.0388777,0.0388257,0.0388313,0.0388247,0.0390345,0.0388272,0.0388257,0.0388579,0.0389036,0.0388282,0.0388504,0.0388277,0.038836,0.0388452,0.0388247,0.0389161,0.0388281,0.0389063,0.0389268
0.0389131,0.0388966,0.0389393,0.0389485,0.038896,0.0388962,0.0388969,0.0388962,0.0388993,0.038907,0.0388961,0.0388994,0.038896,0.038896,0.0389714,0.0389014,0.039103,0.0392337,0.0389376,0.038896,0.104577,0.0389104,0.0388961,0.0388969
0.0386753,0.0386713,0.0386713,0.0390491,0.0386732,0.0386713,0.038679,0.0393753,0.0386781,0.0386719,0.0387053,0.0386713,0.0386722,0.0386743,0.0414674,0.0387719,0.104869,0.038702,0.0386758,0.0386713,0.0392957,0.0386755,0.0389374,0.0393953
0.0391681,0.0391666,0.039168,0.0391674,0.0391681,0.039167,0.0391666,0.0391706,0.0391671,0.0392417,0.0391788,0.0392119,0.039441,0.0407744,0.0391666,0.0391693,0.0391667,0.0408915,0.0391666,0.0467949,0.0391686,0.0392089,0.0391675,0.0877419
0.0388662,0.0388577,0.0390577,0.0390632,0.0388615,0.0388639,0.0388561,0.0388669,0.0388556,0.0388603,0.038955,0.0388583,0.0388563,0.105495,0.0388556,0.038856,0.0388557,0.0389786,0.0388586,0.0388772,0.0388583,0.0388574,0.0389295,0.038899
0.0383541,0.0383536,0.0383547,0.0383536,0.0383564,0.0383562,0.0384045,0.0383726,0.0383765,0.0383596,0.0384051,0.0383579,0.0384408,0.0383535,0.0385036,0.0383565,0.102147,0.0383592,0.0536362,0.0383535,0.038384,0.0383536,0.0383539,0.0383537
0.0389361,0.0389271,0.0389269,0.0389272,0.0389268,0.0389269,0.0389269,0.0389278,0.0389316,0.0389435,0.0392843,0.0389357,0.0389316,0.0389373,0.0389269,0.0389581,0.0389371,0.10085,0.038927,0.0413556,0.0389409,0.0389496,0.0389276,0.0398379
0.0388566,0.105188,0.0388377,0.04003,0.0388337,0.0388412,0.0389485,0.0388358,0.0388346,0.0388634,0.0388387,0.0388379,0.0388343,0.0388336,0.0388364,0.038994,0.0388331,0.0388334,0.0388344,0.0388588,0.038846,0.0388336,0.0388337,0.0388823
