0.0411692,0.0411692,0.0411846,0.0411692,0.0411695,0.0411692,0.0411692,0.041173,0.0411868,0.0411758,0.0414426,0.0411903,0.0411692,0.0411692,0.0522637,0.0411702,0.0412393,0.0416015,0.0411696,0.0411692,0.0411692,0.0411692,0.0411721,0.0411692
0.0388811,0.0388803,0.0388808,0.0388802,0.0388803,0.0388803,0.0388809,0.0388802,0.0388866,0.0388803,0.0388803,0.0388805,0.0388803,0.0388802,0.0388889,0.0388802,0.0389717,0.0388802,0.0388837,0.0388805,0.105617,0.0388823,0.038903,0.0388802
0.0388797,0.0388798,0.0388854,0.0388888,0.0388803,0.038886,0.0388797,0.0388823,0.0388797,0.0388797,0.0388797,0.0388798,0.0388798,0.105665,0.0388797,0.0388797,0.0388797,0.0388803,0.0388797,0.0389403,0.0388797,0.0388797,0.0388797,0.0388958
0.0389065,0.0389044,0.0389044,0.0389044,0.0389046,0.0389044,0.0389058,0.0389044,0.105016,0.0389046,0.0389046,0.0389044,0.0389059,0.0389044,0.0389085,0.0389176,0.0389045,0.0389485,0.038928,0.0389045,0.0389044,0.0389151,0.0389859,0.0389044
0.036835,0.0368565,0.036835,0.0368382,0.036835,0.0368434,0.0886809,0.036835,0.0368352,0.0368353,0.036835,0.0368355,0.0368351,0.036835,0.036835,0.100106,0.0368382,0.0369901,0.036835,0.0374374,0.036835,0.036838,0.0368373,0.0368784
0.0388566,0.0388572,0.0388566,0.0393184,0.0388567,0.0388566,0.0388585,0.0388566,0.0388566,0.0388577,0.0388608,0.0388569,0.0388566,0.0388567,0.0388566,0.0390691,0.0388566,0.105446,0.0388566,0.0388626,0.0388566,0.0388707,0.0390036,0.0388591
0.0388757,0.0388744,0.0388747,0.0388752,0.0390452,0.0388744,0.0388773,0.0388744,0.0388827,0.0388744,0.0388901,0.0388747,0.105527,0.0388776,0.0388745,0.0388744,0.0388782,0.0388744,0.0388924,0.0388744,0.0390074,0.0388744,0.0388745,0.0388775
0.0388475,0.0388475,0.0388501,0.0388475,0.0396741,0.0388476,0.0388478,0.0388476,0.0388475,0.0388475,0.103019,0.0388494,0.0388475,0.0388475,0.0414972,0.0388475,0.0388515,0.0388478,0.0388476,0.0388475,0.0388485,0.0388476,0.0388484,0.0388476
0.0388671,0.0388757,0.0388669,0.0389589,0.0388684,0.0388671,0.0388669,0.0388682,0.038867,0.0388794,0.0388677,0.105136,0.0388669,0.038867,0.038961,0.0388674,0.0388669,0.0395567,0.0388669,0.0388676,0.0388669,0.0388669,0.0388688,0.0388875
0.038894,0.0388708,0.0390275,0.0388766,0.0388708,0.0388713,0.038879,0.0388709,0.0388708,0.0388709,0.0388708,0.0388708,0.0388724,0.0389262,0.038873,0.0388709,0.0389363,0.0388716,0.105651,0.0388709,0.0388711,0.0388708,0.0388709,0.0388708
0.040746,0.0407465,0.0407475,0.0408323,0.0407463,0.0407524,0.0439357,0.040746,0.040746,0.040746,0.0407469,0.040746,0.0407468,0.040746,0.040746,0.0595418,0.040746,0.040746,0.0407502,0.0407542,0.040746,0.0407472,0.0407465,0.040746
0.0388879,0.0388766,0.0389151,0.0388765,0.0388789,0.0388766,0.0388766,0.0388765,0.038933,0.0388766,0.0388766,0.0388781,0.0388769,0.0388765,0.0388803,0.0388766,0.0388858,0.0388766,0.0388994,0.0388767,0.105668,0.0388867,0.0388906,0.0388765
0.0402438,0.0402438,0.0402445,0.0402454,0.0402719,0.0402439,0.0736073,0.0405204,0.0402439,0.0402438,0.0402889,0.0402438,0.0402438,0.0402438,0.0402438,0.0402568,0.0406434,0.0402438,0.0402438,0.0402439,0.0402438,0.0402544,0.0402535,0.0402438
0.0388841,0.0388849,0.0388936,0.0388842,0.0388828,0.0388828,0.0388841,0.0388828,0.0388828,0.0388829,0.0388867,0.0388829,0.0388831,0.0388828,0.0388832,0.0388828,0.0388841,0.038885,0.0388828,0.0388829,0.0388939,0.0388828,0.105659,0.0388828
0.0387427,0.0391434,0.0387427,0.0387427,0.0387467,0.0417517,0.038743,0.105298,0.0387427,0.0387461,0.0387429,0.0387434,0.0387427,0.0387441,0.0387677,0.0387427,0.0387433,0.0387429,0.0387429,0.0389077,0.0387427,0.0387433,0.0387515,0.0387429
0.0456347,0.0386211,0.0386472,0.03862,0.038656,0.0386199,0.038621,0.0386199,0.0386352,0.0386225,0.0386838,0.0386206,0.0386204,0.0386199,0.0386212,0.03862,0.0386353,0.03862,0.0386202,0.0386317,0.104398,0.0386206,0.0387707,0.0386205
0.0386435,0.0386434,0.0386454,0.0386538,0.0386437,0.0386496,0.0386551,0.0386486,0.0386433,0.0386433,0.0386434,0.0386433,0.0392132,0.0386434,0.0386618,0.0386443,0.0388281,0.0386435,0.104862,0.0386434,0.0441634,0.0386533,0.0386435,0.0386434
0.0388165,0.0388153,0.0425036,0.0388154,0.0392337,0.0388155,0.103132,0.0388156,0.0388156,0.0388153,0.0388153,0.0388153,0.0388153,0.0388156,0.0388201,0.0388159,0.0388153,0.0388153,0.0388159,0.0388153,0.0388161,0.0388153,0.0388154,0.0388153
0.0388606,0.0388638,0.0388606,0.0388609,0.0388606,0.0388779,0.0388626,0.105633,0.0388606,0.0391171,0.0388615,0.0388606,0.0388606,0.0388624,0.0388608,0.0388617,0.0389711,0.0388617,0.0390352,0.0388606,0.0388611,0.038861,0.0388624,0.0388612
0.0388236,0.0388235,0.0388235,0.0388238,0.0388235,0.0388235,0.038862,0.0388237,0.0388235,0.0388264,0.0388245,0.0388238,0.0388235,0.0388235,0.0394466,0.0388236,0.105298,0.0388241,0.0388241,0.0388235,0.0394064,0.0388235,0.0393348,0.0388235
0.0390263,0.0388637,0.038887,0.0389781,0.0388643,0.0388636,0.0390149,0.0388636,0.0388637,0.0388641,0.0388717,0.0388637,0.0388778,0.0388636,0.0388636,0.0388658,0.0388664,0.0388798,0.0388636,0.0388655,0.0388637,0.0388649,0.105637,0.0388637
0.0388551,0.0388574,0.0396504,0.0388554,0.0389424,0.0388655,0.0388898,0.0388551,0.105392,0.0388551,0.0388551,0.0388582,0.0388558,0.0388551,0.0388593,0.0388558,0.0388553,0.0388551,0.0388565,0.0388551,0.0388553,0.0388551,0.0388552,0.0388551
0.0492023,0.0377561,0.0377561,0.0379442,0.0377561,0.0377571,0.0380121,0.0377564,0.0377567,0.0377568,0.037771,0.0377561,0.0481811,0.0378543,0.0377563,0.0378416,0.0441388,0.0377592,0.102611,0.0377561,0.0377686,0.03776,0.037783,0.0378093
0.0388271,0.0388271,0.0388271,0.0388274,0.0388572,0.0388271,0.0388286,0.038827,0.0388313,0.038827,0.038827,0.038827,0.105512,0.038827,0.038827,0.0388272,0.0402406,0.038827,0.0388275,0.038827,0.0388299,0.0388321,0.038835,0.038827
0.0388425,0.038843,0.0388469,0.038842,0.038843,0.0388896,0.038842,0.038842,0.038845,0.0388435,0.038842,0.10558,0.038842,0.038842,0.0392629,0.0388422,0.038842,0.0388421,0.0388421,0.0388421,0.0394122,0.0388448,0.0388423,0.038842
0.0389148,0.0388747,0.0388633,0.0388677,0.0388636,0.0388667,0.0388636,0.0391764,0.0388632,0.105638,0.038863,0.0388636,0.0388635,0.038968,0.0388634,0.038863,0.038863,0.0388634,0.038864,0.0388786,0.0388643,0.0388633,0.0388631,0.0388639
0.0389211,0.0389215,0.0404668,0.0389211,0.0389971,0.0948102,0.0463317,0.0389211,0.0389365,0.0389211,0.0389211,0.0389212,0.0397427,0.03893,0.038922,0.0390267,0.0389274,0.0389212,0.0389211,0.0389222,0.0389264,0.0389267,0.0389211,0.0389217
0.0388743,0.0388864,0.0388843,0.0389501,0.0388743,0.0388745,0.105671,0.0388836,0.0388743,0.0388744,0.0388744,0.0388743,0.0388947,0.0388743,0.0388743,0.0388809,0.0389481,0.0388743,0.0388746,0.0388743,0.0388803,0.0388777,0.0388745,0.0388759
0.0388529,0.105611,0.0388531,0.0388589,0.0388546,0.0388533,0.038853,0.0388704,0.0388598,0.0388702,0.038853,0.039516,0.0388529,0.0388529,0.0388557,0.0388714,0.0388533,0.0388807,0.0388529,0.0388541,0.0388565,0.0388532,0.0388532,0.0388565
0.0659489,0.0394312,0.0394303,0.039439,0.0394303,0.0394303,0.0394303,0.0394303,0.0394312,0.0401147,0.0394369,0.0656096,0.0394303,0.0394303,0.0394308,0.0394305,0.0394304,0.0394342,0.0394306,0.0394303,0.03966,0.0394354,0.0394336,0.0394605
0.0390606,0.0390606,0.0390606,0.0390615,0.0390606,0.039113,0.0390606,0.0390606,0.0390606,0.0390627,0.0390607,0.0390921,0.0390606,0.039061,0.0390606,0.0390633,0.0390606,0.0390606,0.0390725,0.0396654,0.0390612,0.0390622,0.0390611,0.100897
0.0388882,0.0388881,0.0389155,0.038888,0.038888,0.038888,0.038891,0.0388883,0.0388881,0.038888,0.105481,0.038888,0.0388918,0.038888,0.038925,0.0388883,0.0388901,0.0388883,0.0388989,0.038888,0.0388881,0.038888,0.0388891,0.0388958
0.0388807,0.0388791,0.0388807,0.0388895,0.0389104,0.038879,0.0388782,0.0388793,0.0388801,0.0388782,0.0388782,0.0388783,0.0389254,0.0388894,0.0388807,0.0388782,0.0388827,0.0388782,0.105679,0.0388782,0.0388804,0.0388782,0.038879,0.0388782
0.0388693,0.0389242,0.0388693,0.0388735,0.0388694,0.0390957,0.0388695,0.105657,0.0388694,0.0388712,0.0388783,0.0388695,0.0388694,0.0388707,0.0388694,0.0388705,0.0389069,0.0388696,0.0388766,0.0388693,0.0388697,0.0388712,0.0388706,0.0388699
0.0385475,0.0385649,0.0385475,0.038548,0.0385476,0.0385546,0.0385475,0.0385524,0.038548,0.0385476,0.0385477,0.0419933,0.0385474,0.0385475,0.0385475,0.043749,0.0385475,0.0385479,0.0385565,0.104707,0.0385474,0.0385485,0.038557,0.0385509
0.0388503,0.0388509,0.0388514,0.0388503,0.0390542,0.0388503,0.0388506,0.0388884,0.0388503,0.0388503,0.105496,0.0388504,0.0388503,0.0388503,0.0394908,0.0388503,0.03887,0.038851,0.03889,0.0388504,0.0388506,0.0388503,0.0388514,0.0388514
0.0386482,0.0386451,0.0390397,0.0436678,0.0386443,0.0391424,0.0386443,0.0386445,0.0386497,0.0386474,0.0386443,0.0386445,0.0386648,0.10442,0.0386442,0.0394504,0.0386442,0.0386443,0.0386459,0.0386468,0.0386442,0.0386444,0.0386443,0.0386442
0.0388275,0.0388323,0.0388272,0.0388372,0.0388272,0.0388288,0.0388281,0.0388272,0.0388323,0.0388273,0.0388273,0.0388273,0.0388272,0.0388272,0.0388272,0.105541,0.0388272,0.0388284,0.0388274,0.0402283,0.0388272,0.0388275,0.0388331,0.038828
0.0389153,0.0389103,0.0389112,0.0389101,0.0389111,0.0389102,0.03891,0.03891,0.0389179,0.0389123,0.0389102,0.104976,0.03891,0.0389101,0.0389556,0.0389314,0.03891,0.0389158,0.0389101,0.0389101,0.0389103,0.0389103,0.0389115,0.03891
0.0388744,0.0388744,0.0388745,0.038875,0.0388753,0.0388751,0.038875,0.0388744,0.0388743,0.0388743,0.0388743,0.0388743,0.038883,0.105563,0.0388743,0.0388772,0.0388743,0.0388748,0.0388748,0.0388751,0.0388743,0.0388743,0.0388743,0.0391847
0.040179,0.0397092,0.0396658,0.0396658,0.0396663,0.0396658,0.0396658,0.0396658,0.0398843,0.0397271,0.0396658,0.0859425,0.0396658,0.0398563,0.03992,0.0396661,0.0396658,0.0396669,0.0396658,0.0396658,0.0399161,0.0396658,0.0396658,0.0398764
0.0387881,0.0387882,0.0387881,0.0387881,0.0387881,0.0406358,0.0387882,0.0387946,0.0391194,0.0387881,0.0388343,0.105381,0.0387881,0.0387881,0.0387889,0.0387911,0.0389691,0.0387882,0.0387881,0.0388031,0.0387917,0.0388277,0.0388058,0.0387884
0.0388023,0.0388012,0.0388031,0.0389915,0.0388012,0.0388285,0.0388146,0.0388043,0.0388015,0.10547,0.0388012,0.0388023,0.0388012,0.0388018,0.0388032,0.0405419,0.0388056,0.0388075,0.0388079,0.0388013,0.0388041,0.0388996,0.0388027,0.0388012
0.03888,0.0388802,0.0388801,0.0388829,0.0388839,0.0388802,0.0388806,0.0388924,0.0388856,0.0388802,0.0388802,0.0389087,0.03888,0.03888,0.105687,0.0388804,0.0388848,0.0388892,0.0388802,0.03888,0.0388812,0.0388801,0.0388822,0.0388801
0.0388767,0.038874,0.0388752,0.038874,0.0388912,0.038874,0.0388747,0.038874,0.0388743,0.038874,0.105663,0.038874,0.0390385,0.0388756,0.0388746,0.038874,0.0388741,0.0388742,0.0388947,0.0388741,0.038874,0.038874,0.0388846,0.0388883
0.0565827,0.0381703,0.0381918,0.0381705,0.0381707,0.0381703,0.0381703,0.0381703,0.038188,0.0381704,0.0381703,0.0381738,0.0381703,0.0381703,0.0381723,0.0381705,0.0381706,0.0381706,0.0381703,0.0381703,0.103602,0.0381883,0.0381748,0.0381703
0.0389959,0.0389962,0.0389959,0.0389959,0.0389959,0.0389959,0.0389959,0.0389971,0.0390558,0.0389963,0.0389962,0.038996,0.0390026,0.0389959,0.0390014,0.0389975,0.10293,0.0389959,0.0390404,0.0389959,0.0390388,0.038996,0.0389959,0.0389961
0.0388465,0.0388466,0.0388464,0.0388467,0.0389432,0.0388464,0.0399404,0.0388466,0.0388507,0.0388464,0.0388468,0.0388464,0.105009,0.0388464,0.0388464,0.0388464,0.0391676,0.0388464,0.0388464,0.0388495,0.0388491,0.0388464,0.0388465,0.0388476
0.0388874,0.0388847,0.102954,0.0388936,0.0388849,0.0388847,0.0388855,0.0388847,0.0389071,0.0388847,0.0388847,0.0388847,0.0388849,0.0388976,0.0388881,0.0388848,0.0388885,0.0388862,0.0415232,0.0388849,0.0388872,0.0388847,0.0388847,0.0388847
0.0387418,0.0387421,0.038742,0.0387419,0.03875,0.10529,0.0387458,0.0392408,0.0387419,0.0387436,0.0387419,0.038742,0.0387421,0.0418386,0.038743,0.0387419,0.0387419,0.0387419,0.038742,0.0387424,0.0387441,0.038774,0.0387426,0.0387421
0.0388777,0.0388782,0.0388784,0.0388777,0.0389328,0.0388777,0.038878,0.0388778,0.0388779,0.0388777,0.0388901,0.0388793,0.0388777,0.0388777,0.105447,0.0388778,0.0391633,0.0388822,0.0388777,0.0388777,0.0388815,0.0388778,0.038878,0.0388779
0.0382208,0.03822,0.0382211,0.03822,0.0382201,0.0382299,0.0382211,0.0382206,0.0382214,0.0993422,0.03822,0.0383312,0.0382201,0.0382201,0.038223,0.0382208,0.0382205,0.0382202,0.0382201,0.0382237,0.0571542,0.0407473,0.0382215,0.03822
0.0388812,0.0388892,0.0388812,0.0388813,0.0388816,0.0388813,0.0388812,0.0388812,0.0388812,0.0388812,0.038883,0.0388906,0.0388812,0.0388834,0.0388812,0.0388814,0.0388812,0.0388849,0.0388812,0.0388944,0.0388841,0.0388818,0.0388813,0.10569
0.0388182,0.0406394,0.0388839,0.0388942,0.0388186,0.0388463,0.0388182,0.0388182,0.0388182,0.0388182,0.0388182,0.0388189,0.0388182,0.0388205,0.0388182,0.0388205,0.0388182,0.0388182,0.0388304,0.10497,0.0388182,0.0388191,0.039019,0.0388186
0.0388547,0.0388547,0.038855,0.0391068,0.0388547,0.0388833,0.0388673,0.0388659,0.0388548,0.105615,0.0388547,0.0388748,0.0388547,0.038859,0.0388559,0.0390894,0.0388562,0.0388601,0.0388644,0.0388548,0.038855,0.0389982,0.0388551,0.0388548
0.0388801,0.0388804,0.0389124,0.0388802,0.0388815,0.0388942,0.0389013,0.038881,0.0388895,0.0388802,0.0388835,0.0388876,0.0388801,0.0388801,0.105656,0.0388801,0.0388803,0.0388803,0.0388817,0.0388801,0.0388879,0.0388802,0.0388811,0.0388801
0.0388826,0.0388831,0.0388852,0.0388826,0.0388826,0.0388826,0.0388826,0.0388852,0.0389111,0.0388826,0.0388826,0.0388844,0.0388827,0.0388826,0.0389035,0.0388845,0.105626,0.0388826,0.0388826,0.0388826,0.0388877,0.0388852,0.0388904,0.0388826
0.0388486,0.0388497,0.0388538,0.0388486,0.0388498,0.0388599,0.0388601,0.105584,0.0388487,0.0388488,0.0393902,0.0388486,0.03885,0.0389333,0.0388487,0.0388486,0.0390688,0.0388488,0.038849,0.0388486,0.038849,0.0388675,0.0388486,0.0388486
0.0389086,0.038907,0.0389179,0.0389084,0.0389073,0.038908,0.0389069,0.0389069,0.0389123,0.0389069,0.038909,0.0389069,0.038943,0.038907,0.038907,0.0389072,0.0389238,0.0389069,0.104909,0.0389069,0.0389082,0.038907,0.0390604,0.0389078
0.0388813,0.0388859,0.0388813,0.0388813,0.0388813,0.038886,0.0388814,0.0388813,0.0389061,0.0388821,0.0388813,0.0388818,0.0388813,0.0388814,0.0388813,0.105686,0.0388876,0.0388828,0.0388813,0.0388815,0.0388814,0.0388814,0.0388815,0.0388813
0.0388556,0.0388545,0.0388551,0.0388548,0.0388549,0.0388559,0.0388557,0.0389665,0.0388556,0.0393788,0.0388549,0.0388672,0.0388548,0.0388545,0.0388545,0.0388553,0.0388566,0.0389109,0.0388545,0.0388566,0.0388573,0.105589,0.0388919,0.0388546
0.0388213,0.038821,0.0388212,0.0401787,0.0388221,0.038821,0.0388211,0.0388213,0.0388257,0.0388274,0.0388215,0.0388212,0.038821,0.038821,0.038821,0.0388215,0.0388218,0.0390799,0.038821,0.038821,0.038821,0.105187,0.0391192,0.038821
0.0388774,0.0389245,0.0388774,0.0388782,0.105666,0.0388774,0.0388774,0.0388775,0.0389684,0.0388774,0.0388779,0.0388776,0.0388774,0.0388774,0.0388775,0.0388774,0.0388815,0.0388854,0.0388798,0.0388774,0.0388774,0.0388775,0.0388774,0.0388774
0.03888,0.03888,0.03888,0.0388801,0.0388828,0.0388801,0.0388803,0.03888,0.0388979,0.03888,0.0388917,0.0388805,0.105629,0.03888,0.03888,0.03888,0.0389028,0.0388802,0.0388906,0.03888,0.03888,0.03891,0.0389145,0.03888
0.0389074,0.0391547,0.0389069,0.0389069,0.0389076,0.0389069,0.038908,0.038909,0.0389069,0.0389069,0.038907,0.0390569,0.0389069,0.0390632,0.0389069,0.0389076,0.0389083,0.0391179,0.0389069,0.0389129,0.0389069,0.038907,0.0389069,0.104364
0.0388609,0.0388607,0.0388607,0.0388607,0.038861,0.0388615,0.0388607,0.0388607,0.105565,0.0388607,0.0388607,0.0388607,0.0392043,0.0388705,0.0388607,0.0388653,0.0388625,0.0391,0.0388608,0.0388928,0.0388608,0.0388634,0.0388642,0.0388607
0.0389196,0.0388708,0.0388716,0.0388729,0.0388707,0.0388715,0.0388712,0.0388707,0.0388707,0.0388852,0.0389002,0.0388715,0.0390645,0.0388709,0.0388707,0.038871,0.0388707,0.0388708,0.0388807,0.0388707,0.0389017,0.105633,0.0388707,0.038878
0.0388665,0.0390202,0.0388696,0.105631,0.0388663,0.0388663,0.0388664,0.038868,0.0388663,0.0391295,0.0388663,0.0388712,0.0388663,0.038874,0.0388674,0.0388691,0.0388676,0.0388685,0.0388663,0.0388663,0.0388664,0.0388663,0.0388672,0.0388672
0.0419932,0.0387511,0.0387502,0.038856,0.0387496,0.0387496,0.0387523,0.0387555,0.0387849,0.105325,0.0387496,0.0387514,0.0387496,0.0387515,0.0387602,0.0387533,0.0387509,0.0387521,0.0387496,0.0387496,0.0387647,0.0387504,0.0387501,0.0387496
0.0388767,0.0388731,0.038873,0.0388732,0.0388773,0.0388733,0.0389133,0.038873,0.105517,0.038873,0.038873,0.038873,0.03917,0.0388731,0.0388737,0.0388982,0.0388732,0.038894,0.0388741,0.0388736,0.0388732,0.0388733,0.0388821,0.038873
0.0388808,0.0388805,0.105679,0.038894,0.0388906,0.038888,0.0388815,0.0388804,0.0388822,0.0388804,0.0388806,0.0388804,0.0388806,0.0388807,0.0388806,0.0388804,0.0388804,0.0388804,0.0389087,0.0388869,0.0388806,0.0388804,0.0388814,0.0388804
0.0389692,0.103546,0.0389695,0.0389693,0.0389704,0.0390226,0.0389692,0.038973,0.0390649,0.0389692,0.0389692,0.0389725,0.0389692,0.0389701,0.0389694,0.0389701,0.0389692,0.0389693,0.0389693,0.0389692,0.0389699,0.0389713,0.0389692,0.0389692
0.0388435,0.0388431,0.0388446,0.0395036,0.0388431,0.0388444,0.0388432,0.0388458,0.0388442,0.105546,0.0388431,0.0388432,0.0388431,0.0388457,0.0388432,0.039023,0.0388441,0.0388433,0.0388609,0.0388432,0.0388432,0.0390234,0.038856,0.0388431
0.0388525,0.0388599,0.0388723,0.0388523,0.105611,0.0388524,0.0388524,0.0388526,0.0388524,0.0388523,0.0392969,0.0388529,0.0391253,0.0388523,0.0388523,0.0388523,0.0388523,0.0388525,0.0388697,0.0388663,0.0388534,0.038858,0.0388526,0.0388526
0.0388795,0.0388787,0.0388787,0.0389006,0.0388788,0.0388792,0.0388787,0.0388789,0.0388787,0.0388788,0.038886,0.0388839,0.0388787,0.0389318,0.0388791,0.038898,0.0388788,0.0388914,0.0388788,0.0388792,0.0388787,0.0388822,0.0388787,0.105664
0.0368185,0.0368165,0.100071,0.0368193,0.0898416,0.0368155,0.0368267,0.0368155,0.0368157,0.0368155,0.0368183,0.0368155,0.0368155,0.0368166,0.0368309,0.0368154,0.0368155,0.0368156,0.0368275,0.0369112,0.0368157,0.0368154,0.0368155,0.0368154
0.0386655,0.038666,0.0386657,0.0386654,0.0388426,0.0386653,0.0386734,0.0386662,0.0386656,0.0386654,0.104599,0.0386654,0.0386655,0.0386654,0.0386656,0.0386653,0.0386653,0.0386654,0.0388123,0.0386654,0.0386653,0.0386653,0.0444284,0.0386653
0.0388641,0.0388637,0.0388637,0.0391564,0.0388637,0.0388645,0.0388639,0.0388637,0.0388637,0.0388642,0.0388704,0.0389187,0.0388901,0.0388638,0.0388637,0.0388933,0.0388638,0.0388641,0.0389506,0.038864,0.038865,0.105632,0.038864,0.0388647
0.0389439,0.0389764,0.0389439,0.0389445,0.038992,0.0389548,0.0389439,0.0389439,0.038944,0.0389439,0.0389442,0.039027,0.0389439,0.0389795,0.0389439,0.0389459,0.0389439,0.0389443,0.0389439,0.103987,0.0389439,0.038944,0.0389582,0.0390189
0.0388906,0.0388918,0.0388909,0.0388907,0.0388921,0.039717,0.038891,0.038896,0.0388949,0.0388907,0.0388908,0.0388908,0.038892,0.0389011,0.0388906,0.0388907,0.0388906,0.0388907,0.0388907,0.104657,0.0388909,0.0388907,0.0388906,0.0388974
0.0382849,0.0383939,0.103331,0.0383209,0.0436499,0.0482461,0.0382849,0.0382849,0.0382849,0.0382849,0.0382856,0.0383378,0.0382849,0.0383045,0.0382849,0.0382849,0.0382849,0.0382849,0.0388519,0.0382867,0.0382883,0.0382849,0.0382849,0.0382849
0.039205,0.0392401,0.0394006,0.0392294,0.039205,0.039345,0.0392058,0.039205,0.039205,0.039205,0.039205,0.039205,0.0392058,0.0977863,0.039205,0.0392975,0.039205,0.039205,0.039205,0.0392052,0.039205,0.0392051,0.039205,0.0392141
0.0387672,0.0387893,0.0387677,0.0387675,0.0387672,0.0387681,0.0387672,0.0387671,0.0387684,0.0387672,0.0387674,0.0387673,0.0387671,0.0387672,0.0387671,0.105313,0.0387672,0.0387681,0.0387672,0.0417419,0.0387672,0.0387681,0.0387979,0.0387764
0.0400207,0.0388298,0.0388298,0.0388302,0.0389539,0.0388298,0.03883,0.0388304,0.0388359,0.105548,0.0388299,0.0388551,0.0388322,0.0388377,0.0388307,0.0388298,0.0388298,0.0388334,0.0388298,0.0388298,0.0388304,0.0388313,0.0388302,0.0388309
0.0386664,0.0392428,0.0387269,0.0448277,0.0386663,0.038749,0.038666,0.0386747,0.0386677,0.0386675,0.038666,0.0386668,0.0386662,0.103779,0.0386661,0.0386662,0.0386661,0.0386718,0.0386661,0.0386661,0.0386661,0.0386661,0.038666,0.0386661
0.0388424,0.0388454,0.0388444,0.0388432,0.0388463,0.0388438,0.038856,0.105579,0.0388426,0.0388424,0.0388754,0.0388424,0.0388424,0.0388548,0.0388433,0.0388424,0.039809,0.0388494,0.0388428,0.0388424,0.0388425,0.0388426,0.0388424,0.0388425
0.0375874,0.0375873,0.0375873,0.0375881,0.0375875,0.0375873,0.0375875,0.0375873,0.0375873,0.0375902,0.0375948,0.0375946,0.0375873,0.0375878,0.0375879,0.0375876,0.0375875,0.0970154,0.0375873,0.0376156,0.0375873,0.0375888,0.0375873,0.0760135
0.0499666,0.0384113,0.0384099,0.0384105,0.0384187,0.0384097,0.0384097,0.0385276,0.0386705,0.104405,0.0384095,0.0384135,0.0384096,0.0384891,0.0384112,0.0384095,0.0384098,0.0384683,0.0384095,0.0384643,0.0384349,0.0384096,0.0384124,0.0384095
0.039023,0.0388366,0.0388744,0.105547,0.0388395,0.0388289,0.0388288,0.0388292,0.0388297,0.0398329,0.0388288,0.038872,0.0388288,0.0388295,0.0388291,0.0388302,0.0388288,0.0388299,0.03883,0.0388291,0.0388288,0.038829,0.0389075,0.0388288
0.0388795,0.0388795,0.038934,0.105684,0.0388794,0.0388804,0.0388795,0.0388797,0.0388794,0.038882,0.0388794,0.0388794,0.0388794,0.0388825,0.0388794,0.0388917,0.0388793,0.03888,0.0388878,0.03888,0.0388794,0.0388797,0.0388852,0.0388793
0.0380138,0.038015,0.0380142,0.0380136,0.0380137,0.0380139,0.0380136,0.0380151,0.0380136,0.0380136,0.0380137,0.0380139,0.0380136,0.102555,0.0380136,0.0380136,0.0380136,0.0380152,0.0380137,0.0380467,0.0380136,0.0380136,0.0380136,0.0611069
0.0399109,0.0398873,0.0398872,0.0401179,0.0437403,0.0398872,0.0398876,0.0398878,0.039914,0.0398872,0.0399901,0.0398872,0.0592222,0.0398872,0.0398873,0.0398872,0.040094,0.0398872,0.0588118,0.0398872,0.0398879,0.0398876,0.0398887,0.0398872
0.0399585,0.0399585,0.0399585,0.0399721,0.0399586,0.0399626,0.0748346,0.0399585,0.0399585,0.0399642,0.0399586,0.0399796,0.0399586,0.0399585,0.0399585,0.0417194,0.0399585,0.0399585,0.0399596,0.0400082,0.039959,0.04013,0.044049,0.0399589
0.039145,0.0391453,0.039145,0.0391452,0.039145,0.0974053,0.0391464,0.039145,0.0391455,0.0391455,0.039145,0.0391825,0.039145,0.039145,0.0391451,0.0398883,0.0391454,0.039145,0.0391451,0.039145,0.040619,0.0391451,0.0391461,0.0391451
0.0363137,0.0362769,0.0362765,0.0362765,0.0363176,0.0362774,0.0974471,0.0362761,0.0362773,0.0362761,0.0362774,0.0362761,0.0933101,0.0362786,0.0362761,0.0362783,0.0362764,0.0362761,0.0362902,0.0362882,0.0362769,0.0362763,0.0362761,0.047328
0.0387967,0.0396707,0.0387967,0.0387971,0.0387974,0.0396622,0.0387967,0.0387969,0.0388681,0.0391196,0.0387967,0.105434,0.0387967,0.038798,0.0388,0.0388765,0.0387967,0.0387968,0.0387967,0.0387967,0.0388187,0.0387967,0.0387967,0.0387967
0.038583,0.0385831,0.038583,0.0385836,0.0394984,0.05031,0.038583,0.0385835,0.038583,0.0385884,0.038583,0.0386153,0.038583,0.0386202,0.038583,0.038583,0.038583,0.0385831,0.0385911,0.0998197,0.0385832,0.0385894,0.038583,0.0386211
0.0408261,0.0410639,0.0408431,0.0408263,0.0409746,0.0408405,0.059542,0.0408316,0.0408262,0.0408261,0.0408266,0.0408285,0.0408262,0.0408263,0.0408261,0.0408443,0.0408261,0.0408261,0.0416201,0.0410051,0.0408261,0.0408385,0.0408533,0.0408262
0.0388983,0.038907,0.0388983,0.0388983,0.0388983,0.0389596,0.0388983,0.0388984,0.0389018,0.0388983,0.0388983,0.0390872,0.0388983,0.0389196,0.0388983,0.0415479,0.0388983,0.0388989,0.0389144,0.102386,0.0388983,0.0388983,0.0388986,0.0389013
0.038875,0.0388668,0.0388655,0.0388647,0.0388646,0.0388646,0.0388646,0.0388647,0.0390272,0.0388682,0.0388695,0.0388653,0.0388656,0.0388646,0.0388756,0.0388666,0.0389587,0.0390637,0.0388646,0.0388646,0.03887,0.0388651,0.105616,0.0388646
0.0388538,0.0388538,0.038854,0.0388537,0.0388537,0.0388538,0.039085,0.0388541,0.038855,0.0388538,0.0388539,0.0388543,0.0388695,0.0388537,0.0389001,0.0388558,0.105605,0.0388554,0.0388537,0.0388537,0.0393113,0.0388551,0.0388538,0.0388537
0.0384626,0.104543,0.038465,0.0384627,0.0384627,0.0384646,0.0384625,0.0384639,0.0491661,0.0384636,0.0384626,0.0384665,0.0384625,0.0384643,0.0384627,0.0385592,0.0384626,0.0384631,0.0384625,0.0384633,0.0384646,0.0384639,0.0384626,0.0384627
0.0380964,0.0380971,0.0380964,0.038111,0.0380964,0.0380977,0.0380964,0.0380966,0.0380968,0.0380989,0.0380966,0.0380964,0.0380964,0.038097,0.0380964,0.102574,0.0381017,0.0381179,0.0381019,0.0592271,0.0380964,0.0380967,0.0381204,0.0380978
0.0388643,0.0388681,0.0388647,0.0388749,0.0388643,0.0392328,0.0388643,0.0388645,0.0388643,0.0388643,0.0388648,0.0388663,0.0388707,0.0388667,0.0388643,0.0388685,0.0388643,0.0388677,0.0389501,0.0388742,0.0388649,0.105619,0.0388643,0.0388675
0.0387266,0.0387169,0.0387168,0.0387168,0.0387188,0.0387186,0.0387171,0.0388775,0.038736,0.10479,0.0387168,0.038717,0.0387255,0.0432205,0.0387191,0.0387169,0.0387297,0.0387186,0.0387168,0.0387168,0.0387169,0.0387168,0.0387168,0.0387168
0.0388641,0.0388633,0.0388749,0.0388633,0.0388674,0.0388827,0.0388656,0.0389354,0.0388634,0.0393024,0.0388635,0.0388676,0.0388869,0.0389129,0.0388633,0.0388633,0.0388634,0.0388641,0.0388637,0.0388849,0.0389648,0.105379,0.0388633,0.0388767
0.038765,0.0387661,0.0387642,0.0387642,0.0387646,0.0387641,0.0387782,0.0387645,0.0388597,0.0399457,0.0387652,0.0387706,0.0387642,0.0387641,0.0410004,0.0387658,0.038843,0.0387971,0.0387641,0.0387642,0.0387683,0.0388414,0.104691,0.0387641
0.0386479,0.0386478,0.0386478,0.0386491,0.0386478,0.0386478,0.044728,0.0386481,0.0386478,0.0386479,0.0386478,0.0386478,0.0386479,0.0386478,0.0386779,0.0387223,0.104857,0.0386478,0.0386611,0.0386478,0.0386744,0.0386532,0.0386576,0.0386489
0.0415256,0.0416135,0.0415258,0.0415256,0.0415277,0.0415256,0.0415256,0.0415256,0.041526,0.0415256,0.0422326,0.0416919,0.0415328,0.0415256,0.0415256,0.0415526,0.0415258,0.0415256,0.0436587,0.0415256,0.041526,0.0415493,0.0417553,0.0415258
0.0396492,0.0396657,0.0396494,0.0396492,0.0396492,0.0396554,0.0396492,0.0396777,0.0396933,0.0396492,0.0396523,0.0871058,0.0396492,0.0396492,0.0396492,0.039656,0.0404276,0.0396492,0.0396502,0.0396492,0.0396505,0.0397024,0.0396729,0.0396492
0.0387288,0.0390005,0.0387288,0.0387288,0.0387361,0.0387331,0.0387288,0.0387288,0.0387379,0.0387292,0.0387344,0.105217,0.0387288,0.0387729,0.0387292,0.0387289,0.0387288,0.038729,0.0387288,0.0423976,0.0387296,0.0387288,0.0387302,0.0387345
0.0395912,0.0387302,0.0417595,0.0387302,0.0387304,0.0387302,0.0387302,0.0387302,0.0387379,0.0387306,0.0387305,0.0387325,0.0387307,0.0387302,0.0387438,0.0387303,0.0387346,0.0387302,0.0387343,0.0387305,0.105275,0.0387329,0.0387334,0.0387302
0.0382205,0.0552344,0.0382228,0.103892,0.0382213,0.0382204,0.0382204,0.0382221,0.0382204,0.038222,0.0382204,0.038225,0.0382204,0.0382204,0.0382208,0.0382231,0.0382204,0.0382209,0.0382205,0.0382204,0.0382206,0.0382204,0.03823,0.0382204
0.0387516,0.0387523,0.038749,0.0387532,0.0388079,0.038749,0.0387492,0.0387519,0.038753,0.0387624,0.0388258,0.0418983,0.038749,0.0387499,0.0388465,0.0387516,0.0387498,0.105325,0.038749,0.0387501,0.038749,0.0387782,0.0387492,0.0387492
0.0387933,0.0388197,0.03884,0.038804,0.0387983,0.0387977,0.0387932,0.038794,0.0387932,0.038794,0.0387932,0.0387932,0.0387932,0.105223,0.0387932,0.0387932,0.0387932,0.0387938,0.0388007,0.0389429,0.0387932,0.0387932,0.0387932,0.0410739
0.038868,0.038868,0.0388787,0.038868,0.038868,0.0388684,0.0388685,0.0388844,0.0388697,0.038868,0.0388724,0.0389516,0.0389557,0.038868,0.0388683,0.0388682,0.105651,0.0388681,0.0389879,0.038868,0.0389264,0.0388682,0.0388688,0.038868
0.0388555,0.0389157,0.0390139,0.0388608,0.0388556,0.105619,0.0388768,0.0388599,0.038858,0.0388555,0.0388555,0.0390597,0.0388555,0.0388593,0.0388558,0.0390416,0.0388555,0.0388555,0.0388896,0.0388759,0.0388573,0.0388557,0.0388563,0.0388556
0.0388066,0.038819,0.105483,0.038807,0.0388538,0.0400016,0.0388066,0.0388066,0.038807,0.0388066,0.0388067,0.0388068,0.0388066,0.0395137,0.0388068,0.0388068,0.0388066,0.0388066,0.0388071,0.0388084,0.0388066,0.0388066,0.0388066,0.0388066
0.0362961,0.0362823,0.0362846,0.0362837,0.0362857,0.0362819,0.0362833,0.0362821,0.0941182,0.0362819,0.0362819,0.0362819,0.0362839,0.0362819,0.0362822,0.0363083,0.0362819,0.0362846,0.0970279,0.0362836,0.0362824,0.0362845,0.046873,0.0362819
0.0392564,0.0388465,0.0388463,0.0388468,0.0388484,0.0388462,0.0388462,0.0388462,0.105354,0.0388463,0.0388462,0.0388463,0.0389079,0.0388462,0.038848,0.0388615,0.0392255,0.0388993,0.0388464,0.0388464,0.0388473,0.038856,0.0390936,0.0388462
0.0388805,0.0388811,0.0388829,0.0388813,0.0388805,0.0388805,0.0388805,0.0388807,0.0388806,0.0388806,0.038885,0.0388819,0.0388805,0.0477501,0.0388805,0.0388887,0.0388805,0.0388841,0.0388805,0.0388846,0.0388805,0.0388805,0.0388805,0.096853
0.038876,0.0389028,0.0389433,0.0388761,0.105669,0.0388829,0.0388763,0.0389042,0.0388857,0.038876,0.0388767,0.0388773,0.0388765,0.0389106,0.0388771,0.038876,0.0388761,0.038876,0.0388781,0.0388763,0.0388784,0.038876,0.038876,0.0388762
0.0391632,0.0391633,0.0391699,0.042812,0.0391648,0.0391998,0.0391643,0.0391632,0.0391632,0.0391636,0.0391632,0.0391632,0.0391632,0.0391799,0.0391632,0.0391635,0.0391632,0.0391632,0.0391978,0.0932311,0.0391634,0.0391635,0.0391741,0.0414203
0.0390414,0.0388812,0.0388811,0.0388811,0.0388895,0.0388811,0.0388828,0.0388811,0.0389108,0.0388811,0.0388811,0.0388813,0.0388815,0.0388811,0.0388819,0.0388812,0.0388858,0.0388811,0.0388833,0.0388817,0.105325,0.0388905,0.0390724,0.0388811
0.0387921,0.0387851,0.0387851,0.0387851,0.0388326,0.0387858,0.0387851,0.038786,0.0388294,0.0387861,0.0388004,0.105427,0.0387851,0.0387932,0.0387972,0.0387851,0.0387851,0.0409632,0.0387852,0.038794,0.0387918,0.0387855,0.0387851,0.0389698
0.0377795,0.0377799,0.0377832,0.0377997,0.0377795,0.102694,0.0377965,0.0377806,0.0377818,0.0377796,0.0377794,0.0377849,0.0377795,0.0377823,0.0377803,0.0660953,0.0377795,0.0377795,0.0377838,0.0377821,0.0377796,0.0377797,0.0377811,0.0377795
0.0387507,0.0387511,0.0389572,0.0387511,0.0387517,0.105328,0.0387516,0.0387656,0.041564,0.0387509,0.0387507,0.038754,0.0388463,0.0388032,0.0387511,0.0388079,0.0387507,0.0387507,0.0387508,0.038907,0.0387537,0.0387511,0.0387508,0.0387507
0.0427035,0.0386988,0.0386972,0.0395203,0.0386974,0.0386972,0.0386974,0.0387007,0.0386973,0.105085,0.0386977,0.0386996,0.0386972,0.0386987,0.0387097,0.0386974,0.038698,0.0386983,0.0386973,0.0386972,0.0387106,0.0386973,0.0386974,0.0387089
0.0365535,0.0365537,0.0366946,0.0365526,0.0365542,0.0365526,0.0519153,0.0365554,0.0365526,0.0365526,0.0365551,0.0365526,0.0365526,0.0365528,0.0365526,0.0365553,0.036553,0.0813162,0.0365526,0.098997,0.0365526,0.0365536,0.0365544,0.0365624
0.0388859,0.0388779,0.105537,0.0388779,0.0389009,0.0389151,0.0388779,0.0388779,0.0388886,0.0388779,0.0388782,0.038878,0.0389071,0.0389584,0.0388779,0.0388781,0.038878,0.0388779,0.0388786,0.0388781,0.0388969,0.0388782,0.0389396,0.0388779
0.0389382,0.0389356,0.0389358,0.0389365,0.0389356,0.0389459,0.0389495,0.0389356,0.0389358,0.0389538,0.0389359,0.0399584,0.038936,0.0389356,0.0389356,0.0390822,0.0389356,0.0389379,0.0389357,0.0389357,0.0389414,0.103255,0.0389373,0.0389356
0.0388904,0.0388905,0.0388906,0.0388912,0.0388904,0.0389414,0.0389156,0.0389214,0.0388904,0.038891,0.0388904,0.0388905,0.0388906,0.0388904,0.0388904,0.0388908,0.0388906,0.0388905,0.0389085,0.0388905,0.0389623,0.105321,0.0388904,0.0388904
0.0387984,0.0387984,0.0387989,0.0387988,0.0389099,0.0388373,0.105433,0.0387985,0.0387984,0.0387985,0.0387987,0.0387984,0.0407998,0.0387984,0.0387984,0.0387989,0.0387984,0.0387985,0.0387984,0.0388095,0.0387985,0.038806,0.0388019,0.038826
0.0389258,0.0388704,0.0388805,0.0388701,0.0388729,0.0388701,0.03887,0.03887,0.105659,0.03887,0.03887,0.0389902,0.0389669,0.0388701,0.0388706,0.0388703,0.0388912,0.0388706,0.0388702,0.03887,0.0388909,0.03887,0.0388702,0.03887
0.0388638,0.0388203,0.0388203,0.038886,0.0388213,0.0388203,0.03936,0.0388205,0.0388223,0.0388203,0.0388203,0.0388203,0.105488,0.0388205,0.0388205,0.0388211,0.0392317,0.0388203,0.0393424,0.0388203,0.0388372,0.0388244,0.0388206,0.038857
0.0385435,0.038545,0.0385435,0.0385438,0.0385436,0.0385552,0.0385435,0.0385435,0.0385435,0.0385435,0.0385439,0.0385792,0.0385435,0.0385438,0.0385435,0.038544,0.0385435,0.0385435,0.0385444,0.0475761,0.0385438,0.0385451,0.0385436,0.104414
0.0394708,0.0394886,0.039471,0.0394746,0.0394709,0.0394715,0.0394708,0.039471,0.0394708,0.039471,0.0394708,0.0394733,0.0394708,0.0918519,0.0394708,0.0394723,0.039471,0.0394708,0.0394709,0.0394732,0.0394708,0.0394708,0.0394719,0.0397595
0.0386279,0.0386275,0.0458096,0.0386604,0.0386275,0.0386278,0.038628,0.0386275,0.0386278,0.0386275,0.0386276,0.0386275,0.0386281,0.0386346,0.0386276,0.0386276,0.0386284,0.0386282,0.104334,0.0386275,0.0386278,0.0386331,0.038629,0.0386275
0.0389047,0.0388533,0.0390402,0.0388572,0.038946,0.0388534,0.038886,0.0388533,0.0389083,0.0388533,0.0388535,0.0388534,0.105553,0.0388576,0.0388533,0.0388534,0.0388535,0.0388534,0.0392134,0.038854,0.038872,0.0388538,0.0388662,0.0388534
0.0388111,0.0388111,0.0388385,0.0389203,0.0388109,0.0388109,0.039863,0.0388199,0.0388108,0.0388109,0.0388112,0.0388108,0.0388127,0.0388113,0.0388111,0.0388434,0.105491,0.0388148,0.0394089,0.038811,0.0388295,0.0388133,0.0388121,0.0388114
0.0388801,0.0388805,0.0388801,0.0388808,0.0388801,0.0388803,0.0388826,0.0389126,0.0388801,0.0388801,0.0389552,0.0388801,0.0388833,0.0388801,0.0388806,0.0388809,0.105593,0.0388801,0.038926,0.0388801,0.0388802,0.0388827,0.0388801,0.0388802
0.0386139,0.0386168,0.038612,0.038612,0.0386223,0.0386132,0.0386124,0.0386732,0.0386178,0.038613,0.0386134,0.0386201,0.038612,0.0389946,0.038612,0.038638,0.038612,0.0439893,0.0386149,0.104958,0.038612,0.0386136,0.0386138,0.0396898
0.03888,0.0388764,0.0388764,0.0388777,0.0388765,0.0388764,0.0388767,0.0388765,0.0388767,0.0388952,0.0388768,0.038927,0.0388811,0.0388764,0.0388764,0.0388946,0.0388764,0.0388829,0.0388765,0.0388764,0.0388765,0.105638,0.0389755,0.0388764
0.038887,0.0388821,0.0388812,0.0388869,0.0388806,0.0388826,0.0388881,0.0388819,0.0388806,0.105597,0.0388805,0.0388873,0.0388806,0.0388809,0.0388924,0.0388824,0.0388825,0.0389368,0.0388805,0.0388808,0.0388828,0.038897,0.0388838,0.0389042
0.0388832,0.0388789,0.0389028,0.0388799,0.0388791,0.0388814,0.038879,0.0388789,0.038886,0.0388792,0.0388789,0.0389063,0.0388789,0.0388789,0.0388833,0.0388793,0.0388794,0.0388789,0.0388814,0.0388789,0.105441,0.0389368,0.0390905,0.0388789
0.0387046,0.0387147,0.0387049,0.0387046,0.0387047,0.0387391,0.0387048,0.0387058,0.0387048,0.0387046,0.0427243,0.105206,0.0387048,0.0387046,0.0390672,0.0387046,0.038752,0.0387047,0.0387047,0.0387047,0.0387067,0.038809,0.038709,0.0387046
0.0392623,0.0390483,0.0390484,0.0390484,0.0390484,0.0390483,0.0390483,0.0390483,0.0390485,0.0390484,0.0390592,0.0390724,0.0390487,0.0390483,0.0390483,0.0390649,0.0390486,0.0390485,0.0390525,0.0390564,0.0390504,0.0390493,0.101606,0.0390488
0.105528,0.0388515,0.0388737,0.0389046,0.038852,0.0388515,0.0389773,0.0388515,0.038852,0.038852,0.0388517,0.0388515,0.0388571,0.0388516,0.0388515,0.0388522,0.0388516,0.0388534,0.0388516,0.0388517,0.0388629,0.0388541,0.0395129,0.0388517
0.0413823,0.0413825,0.0413827,0.0413823,0.0414479,0.0413823,0.0413945,0.0413825,0.0413825,0.0413823,0.041629,0.0413824,0.0424994,0.0413823,0.0413827,0.0413823,0.0413843,0.0413823,0.0464414,0.0413826,0.0413832,0.0416866,0.0413974,0.0413823
0.0388371,0.0388383,0.0388372,0.0388371,0.0388374,0.0388422,0.0388373,0.105558,0.0388376,0.0388411,0.0388936,0.0388371,0.0388373,0.0388804,0.0388372,0.0388371,0.0399069,0.0388412,0.0388394,0.0388372,0.0388372,0.0388384,0.0388371,0.0388371
0.0423036,0.0392265,0.0395019,0.03913,0.039119,0.0391186,0.0391186,0.0391186,0.0392358,0.0391218,0.0391186,0.0391779,0.0391186,0.0391221,0.0391186,0.0413814,0.0391192,0.0854933,0.0391188,0.0476296,0.0391554,0.0391621,0.0391509,0.039139
0.0388549,0.0388553,0.0395946,0.038855,0.10557,0.0388692,0.0388557,0.038855,0.038855,0.0388549,0.0388553,0.0388549,0.0388551,0.0388626,0.0388553,0.0388549,0.0388549,0.0388551,0.0388557,0.0388551,0.0388563,0.0388549,0.0388549,0.038855
0.0389001,0.0389004,0.0389002,0.0389082,0.0389001,0.105237,0.0389001,0.038916,0.0389001,0.0389002,0.0389001,0.0389017,0.0389002,0.0389177,0.0389002,0.0389074,0.0389001,0.0389001,0.0389004,0.0389001,0.0389076,0.0389012,0.0389001,0.0389001
0.0388652,0.0388655,0.0388653,0.0388664,0.0388652,0.105631,0.0388709,0.038896,0.0388675,0.0388877,0.0388652,0.038945,0.0388655,0.0388653,0.0388652,0.0391437,0.0388652,0.0388652,0.0388652,0.0388652,0.0388683,0.0389089,0.0388662,0.0388652
0.0381252,0.0381864,0.0381252,0.0382329,0.0381253,0.100762,0.0381253,0.0602428,0.0381253,0.0381252,0.0381252,0.0381257,0.0381252,0.0381254,0.0381254,0.038126,0.0381252,0.0381252,0.0381284,0.0381252,0.0381277,0.038189,0.0381253,0.0381252
0.0412817,0.0412818,0.0412817,0.0415102,0.0412818,0.0412817,0.0412817,0.0412817,0.0412817,0.0412833,0.0412817,0.0412843,0.0412817,0.0412817,0.0412817,0.0412838,0.0412817,0.0471043,0.0412817,0.0417729,0.0412817,0.041282,0.0412831,0.0439706
0.0388685,0.0388683,0.0388684,0.0388719,0.0388683,0.0389084,0.0388685,0.0388683,0.0391968,0.0388683,0.0388683,0.0388688,0.0388685,0.0388683,0.0388683,0.105652,0.0388687,0.0388688,0.0388683,0.0388684,0.0388698,0.0388689,0.0388688,0.0388683
0.0369922,0.0370513,0.0598218,0.0369925,0.0925907,0.0370651,0.0370364,0.0370125,0.0369922,0.0369922,0.036993,0.0370616,0.0369925,0.039577,0.0369922,0.0369922,0.0369922,0.0369922,0.0678924,0.0369963,0.0369929,0.0369922,0.0369922,0.0369943
0.038501,0.0385017,0.0385005,0.0385004,0.0385006,0.0385012,0.0385039,0.0385006,0.103808,0.0385004,0.0385004,0.0385039,0.0490009,0.0385004,0.0385004,0.0385028,0.0386298,0.0385004,0.0385004,0.0385005,0.0385321,0.0385009,0.0385088,0.0385004
0.0388743,0.0388905,0.0388946,0.0388777,0.0388745,0.10567,0.0388838,0.0390005,0.0388757,0.0388747,0.0388744,0.0388746,0.0388746,0.0388842,0.0388743,0.0388954,0.0388743,0.0388743,0.0388743,0.0388825,0.0388745,0.0388772,0.0388743,0.0388744
0.0388773,0.0388775,0.0388823,0.105675,0.0388773,0.0388794,0.0388772,0.0388884,0.0388772,0.0388909,0.0388772,0.0388777,0.0388772,0.0389091,0.0388772,0.0388778,0.0388772,0.0388779,0.0388964,0.0389018,0.0388772,0.0388774,0.0389156,0.0388772
0.0389645,0.0388715,0.0388843,0.0388714,0.0388715,0.0388714,0.0388717,0.0388714,0.0389733,0.0388716,0.0388714,0.0388764,0.0388715,0.0388714,0.0388827,0.0388726,0.0388801,0.0388714,0.0388999,0.0388714,0.105651,0.0388771,0.0389086,0.0388714
0.0389385,0.0389384,0.0389383,0.0389384,0.0389383,0.0389383,0.0389383,0.0389388,0.0389403,0.0389385,0.038966,0.0389395,0.0389383,0.0389383,0.0389646,0.0389386,0.104338,0.0389389,0.0389383,0.0389383,0.038959,0.0389385,0.0389384,0.0389385
0.0387443,0.0387446,0.0387442,0.0387446,0.0387446,0.0387442,0.0387442,0.0387446,0.0387442,0.0387658,0.0387451,0.0421047,0.0387442,0.0387479,0.0387443,0.0387442,0.0387442,0.0387581,0.0387451,0.0389279,0.0387443,0.0387467,0.038745,0.105293
0.0393079,0.0393086,0.040435,0.0393731,0.0393078,0.039336,0.039308,0.039308,0.039308,0.0393078,0.0393078,0.039308,0.0393081,0.0946909,0.0393078,0.0393104,0.03931,0.0393081,0.0393078,0.0393083,0.0393078,0.0393078,0.0393078,0.039309
0.0388629,0.0388633,0.0388629,0.0388629,0.0388629,0.0388638,0.0388661,0.0389202,0.0388629,0.0388629,0.0393378,0.0388642,0.038875,0.0388629,0.0388654,0.0388629,0.105572,0.038863,0.0388798,0.0388629,0.038863,0.0388742,0.0388634,0.0388629
0.0422877,0.0404078,0.0404049,0.0404187,0.0404054,0.0404049,0.0404049,0.0404049,0.0404087,0.0404061,0.0404504,0.0404115,0.0404049,0.0404049,0.0404049,0.0417891,0.0404158,0.0672746,0.0404049,0.0404431,0.0404049,0.040405,0.0404242,0.040408
0.0394157,0.093363,0.0394156,0.0394214,0.0394156,0.0394163,0.0394158,0.0394161,0.0394165,0.0394157,0.0394156,0.039416,0.0394156,0.0394182,0.0394156,0.0394699,0.0394156,0.0394159,0.0394156,0.0394246,0.0394156,0.0394157,0.0394156,0.0394189
0.0389205,0.0388929,0.0388929,0.0388928,0.038902,0.0388929,0.0388928,0.0388928,0.0397096,0.0388928,0.0388929,0.104554,0.0388929,0.038893,0.0388929,0.0388932,0.0388928,0.0388929,0.0389443,0.0388931,0.0388971,0.0388928,0.0388929,0.0388931
