0.0384315,0.0384306,0.0384313,0.0384303,0.0385483,0.0384328,0.0384303,0.03844,0.03926,0.0385392,0.0386311,0.0385063,0.0384303,0.0386727,0.102781,0.0384447,0.049769,0.038785,0.0384303,0.0384303,0.038431,0.0384303,0.0384365,0.0384467
0.0429412,0.0387979,0.0387788,0.0387726,0.0387918,0.0387733,0.0387957,0.0387725,0.0387769,0.0387754,0.0387942,0.0387725,0.0387788,0.0387725,0.0400911,0.0387743,0.0387766,0.0387827,0.0388191,0.0387727,0.102128,0.0388572,0.0391319,0.0387725
0.0385799,0.0385814,0.038582,0.0410402,0.0385841,0.038583,0.0385804,0.0385823,0.0385803,0.0385801,0.0385801,0.0385818,0.0385799,0.103923,0.0385799,0.0385839,0.0385799,0.0385831,0.0385812,0.0445388,0.03858,0.03858,0.038581,0.0388742
0.0406998,0.0406815,0.0406815,0.0406818,0.040683,0.0406818,0.040682,0.0406815,0.0638145,0.0406815,0.0406823,0.0406815,0.0407097,0.0406821,0.0406831,0.0407008,0.0407027,0.0406823,0.0407081,0.0406853,0.0406815,0.0407009,0.0410489,0.0406819
0.0380458,0.038045,0.0380676,0.0380434,0.0380434,0.0383769,0.0483022,0.0380433,0.0450021,0.0410733,0.0380432,0.0380438,0.0380515,0.0380519,0.0380436,0.103408,0.0380485,0.0380501,0.0380432,0.0380551,0.0380434,0.0389722,0.0380463,0.0380561
0.0382137,0.0381575,0.0380879,0.0523207,0.0380887,0.0380869,0.0380884,0.0380988,0.0380866,0.0380962,0.0385761,0.0380874,0.0380865,0.0380887,0.0380865,0.0391562,0.0380899,0.103221,0.0380981,0.0418459,0.0381082,0.0380939,0.0389946,0.0381413
0.0389112,0.0388878,0.0389039,0.0388877,0.0390046,0.0388881,0.0388878,0.0388877,0.0389006,0.0388877,0.0389325,0.0388895,0.105318,0.0388878,0.0388902,0.0388899,0.03889,0.0388877,0.038912,0.0388877,0.0388938,0.0388956,0.0388877,0.0388903
0.0387987,0.0387921,0.0390754,0.038791,0.038825,0.0388019,0.0387919,0.038791,0.038791,0.0387921,0.104616,0.0387954,0.0387911,0.0387912,0.0413579,0.038791,0.0388357,0.0387911,0.0387998,0.0387913,0.038791,0.038793,0.0390147,0.0387911
0.0388782,0.0388557,0.0388597,0.0388535,0.0388699,0.0392287,0.038852,0.0388782,0.0388553,0.0388647,0.0393248,0.104379,0.0388519,0.0389616,0.0395072,0.0388565,0.0388519,0.039069,0.0388519,0.0388525,0.0388528,0.0388904,0.0388931,0.0388613
0.0390832,0.038866,0.0388666,0.0388689,0.0388715,0.038866,0.0388725,0.0388683,0.0388659,0.0388704,0.0388848,0.0388693,0.0389009,0.0388659,0.0389319,0.0388661,0.0389758,0.0388718,0.105601,0.0388659,0.0388678,0.0388669,0.0388662,0.038866
0.0388977,0.0388978,0.0388973,0.0388972,0.0391093,0.0390014,0.0389078,0.0388972,0.0389534,0.0388971,0.0388973,0.0388973,0.038898,0.0388975,0.0388973,0.104893,0.0388971,0.038897,0.0389036,0.0389745,0.0388971,0.0388976,0.0388983,0.0388986
0.0400177,0.0387315,0.0387697,0.0387315,0.0387447,0.0387349,0.0387355,0.0387315,0.0387474,0.0387315,0.0387321,0.0387316,0.038917,0.0387315,0.0387319,0.0387322,0.0387316,0.0387318,0.0387806,0.0387319,0.103679,0.0425906,0.0387706,0.0387315
0.0388718,0.0388914,0.0388707,0.0388748,0.0389048,0.0388705,0.103926,0.0396642,0.0388779,0.0395059,0.0388712,0.0388705,0.0388843,0.038871,0.0388748,0.0389563,0.039306,0.0388706,0.0388709,0.0388705,0.0388707,0.0388773,0.0388765,0.0388712
0.0388338,0.038832,0.0408116,0.0388401,0.038831,0.0388459,0.038862,0.0388309,0.0388315,0.038831,0.0388628,0.0388309,0.0388371,0.0388413,0.0388345,0.038835,0.0388753,0.0388395,0.0388309,0.038831,0.0472056,0.0388372,0.0963555,0.0388337
0.0387273,0.0417381,0.0387282,0.0387277,0.0387311,0.0395189,0.0387401,0.105103,0.0387274,0.0388219,0.0387361,0.0387287,0.0387273,0.0387275,0.0387678,0.0387279,0.0387856,0.0387282,0.0387297,0.038865,0.0387292,0.0387283,0.0387274,0.0387277
0.0594353,0.0382114,0.0393446,0.0381966,0.0382067,0.0381971,0.0381978,0.0381966,0.0382093,0.0381972,0.0383598,0.0381966,0.0395015,0.0381966,0.0382205,0.0382208,0.0381968,0.0382055,0.0382272,0.0382038,0.0974485,0.038231,0.0382013,0.0381974
0.0424313,0.0383479,0.0383587,0.0383397,0.0383374,0.0383373,0.0385565,0.0383463,0.0383373,0.0383641,0.0387532,0.0383373,0.0424154,0.0383373,0.0414403,0.038526,0.0399928,0.0383426,0.104056,0.0383373,0.0386858,0.0383392,0.0383373,0.0383433
0.0387446,0.0387384,0.0388048,0.0387383,0.042283,0.0387402,0.10391,0.0387383,0.0387426,0.0387388,0.0387533,0.0387383,0.0387388,0.0387384,0.0387426,0.0387555,0.0387418,0.0387387,0.0387401,0.0387385,0.0388062,0.0387383,0.0401117,0.0387383
0.0381525,0.038713,0.0381525,0.0383002,0.0381544,0.0386615,0.0381528,0.103708,0.0381526,0.0461596,0.0381871,0.0381538,0.0381536,0.0381553,0.0398353,0.038153,0.0382929,0.0381548,0.0458145,0.0381529,0.0381588,0.0381726,0.0381527,0.0381554
0.0388738,0.0388729,0.0388739,0.0388777,0.0388731,0.0388731,0.0388852,0.0388728,0.0388729,0.0388788,0.0388991,0.0388728,0.0388736,0.0388728,0.0389774,0.038873,0.105343,0.0388788,0.0388885,0.0388728,0.0391916,0.0388731,0.0389566,0.0388731
0.038875,0.0385148,0.0385137,0.0455655,0.0385081,0.0385077,0.0394531,0.0385058,0.0386537,0.038506,0.0386853,0.0385058,0.0390481,0.03851,0.0385058,0.0388374,0.0385324,0.0385472,0.0385349,0.0385069,0.0385121,0.0385059,0.104659,0.0385058
0.0388172,0.0388173,0.0396776,0.0388173,0.0388461,0.0388471,0.0394659,0.0388178,0.105414,0.0388173,0.0388185,0.0388293,0.0388565,0.0388172,0.03893,0.0388183,0.0388244,0.0388172,0.0388333,0.0388173,0.0388488,0.0388175,0.0388172,0.0388172
0.077932,0.0336514,0.0336527,0.0339244,0.0336513,0.0336553,0.0549595,0.0336528,0.0336516,0.0341169,0.0350423,0.0336518,0.0430737,0.0336513,0.0336972,0.0681803,0.0488713,0.0413045,0.0913919,0.0336513,0.0336593,0.0336567,0.033668,0.0336528
0.0389017,0.0388855,0.0388868,0.0388847,0.0389823,0.0388855,0.0390289,0.0388847,0.0389504,0.0388847,0.0388848,0.0388852,0.105035,0.0388851,0.0389606,0.0388865,0.0390418,0.0388847,0.0389065,0.0388847,0.0388886,0.0389103,0.0388864,0.0388847
0.0383302,0.0383226,0.0383293,0.0383228,0.0383229,0.0420929,0.0384625,0.0383229,0.0383234,0.0383638,0.0383231,0.104143,0.0383225,0.0408535,0.0455019,0.0383282,0.0383225,0.0383609,0.0383225,0.0383226,0.0383704,0.0388897,0.038423,0.0383226
0.0388991,0.03883,0.0387828,0.0410282,0.0387763,0.0387764,0.03879,0.0390368,0.0387755,0.105388,0.0387755,0.0387757,0.0387755,0.0387843,0.0387767,0.038776,0.0387756,0.0388045,0.0387912,0.0387757,0.0387801,0.0387756,0.0387755,0.0387755
0.0383523,0.0383523,0.0394556,0.0383523,0.0447354,0.0444155,0.103992,0.0383524,0.0383827,0.0383523,0.0383525,0.0384775,0.0384891,0.0383526,0.0383645,0.038362,0.038367,0.0383523,0.0383579,0.0383568,0.0383542,0.038364,0.0383542,0.0383525
0.0388789,0.0388685,0.0388889,0.0391449,0.0388672,0.0388672,0.105652,0.0388687,0.0388672,0.0388785,0.0388672,0.0388672,0.0388946,0.0388672,0.0388676,0.0388863,0.038874,0.0388673,0.0388692,0.0388672,0.0388832,0.0388721,0.0388681,0.0388672
0.0388949,0.104286,0.0388952,0.0389044,0.0388946,0.0394165,0.0388952,0.0389462,0.0388953,0.0392332,0.0388946,0.0390458,0.0388945,0.0388946,0.0389019,0.0388982,0.0388946,0.0389279,0.0388946,0.0388976,0.0389082,0.038897,0.0388945,0.0388946
0.097636,0.0385059,0.0385125,0.0393256,0.0385052,0.0385053,0.0385052,0.0385052,0.0385132,0.0386231,0.0385118,0.0470547,0.0385053,0.0385055,0.0385286,0.0385054,0.0385059,0.0385053,0.0385061,0.0385054,0.0385283,0.038663,0.0455151,0.0385226
0.0387646,0.0387693,0.0387646,0.0387652,0.0387646,0.0398287,0.0387646,0.0387656,0.0387647,0.0388576,0.0387818,0.0394647,0.0387646,0.0396638,0.0387718,0.0388462,0.038766,0.0387649,0.0387655,0.0398975,0.0387673,0.0388168,0.0387652,0.104354
0.0388361,0.0387684,0.0414622,0.0387743,0.038774,0.0387704,0.0387683,0.0387689,0.0387694,0.038773,0.105113,0.0387682,0.038786,0.0387889,0.0389257,0.0387733,0.0387774,0.0387696,0.0387694,0.0387681,0.0387682,0.0387681,0.0389245,0.0388349
0.0387796,0.0387768,0.0387887,0.0388778,0.0391619,0.0387772,0.0387768,0.0387782,0.0387786,0.0387853,0.0387778,0.038777,0.0410415,0.0387779,0.0387896,0.0387769,0.038781,0.0387769,0.105325,0.0387768,0.0387769,0.0387769,0.0387879,0.0387771
0.0388122,0.0390551,0.0388129,0.0388291,0.0388125,0.0395783,0.0388152,0.105497,0.038813,0.0389137,0.0391797,0.0388238,0.038813,0.0388167,0.0389781,0.0388128,0.0388349,0.0388122,0.0388734,0.0388167,0.0388569,0.0388151,0.0388122,0.0388153
0.0368242,0.0368786,0.0368245,0.0369833,0.0368243,0.044168,0.0368244,0.0370523,0.0371157,0.0368242,0.0368242,0.0375563,0.0368242,0.0368422,0.0368242,0.0807273,0.0368242,0.0368249,0.036948,0.099667,0.0368242,0.0369061,0.0368339,0.0372539
0.0387871,0.0387885,0.0387864,0.0387847,0.0393786,0.0387847,0.0388079,0.0388005,0.0387847,0.0387848,0.103034,0.0387847,0.0387849,0.0387849,0.0409439,0.0387847,0.0388017,0.0387874,0.0408723,0.0387847,0.0387848,0.0387847,0.0387948,0.0387847
0.0376903,0.0376923,0.0379063,0.0756836,0.0376886,0.0378784,0.0376883,0.0376883,0.0377129,0.0376966,0.0376883,0.0379687,0.0376913,0.0936795,0.0376882,0.0384198,0.0376882,0.0376895,0.0376895,0.0376958,0.0376883,0.0376922,0.0377068,0.0376883
0.0381825,0.0381826,0.0381846,0.0381876,0.0382522,0.038416,0.0381884,0.0381821,0.0383165,0.0381835,0.0381856,0.0381846,0.0381819,0.0381826,0.0381821,0.103691,0.0381834,0.038183,0.0381822,0.0553744,0.038185,0.0381943,0.0382179,0.0385959
0.0388561,0.0388529,0.0388551,0.0388522,0.0388637,0.039011,0.0388578,0.0388528,0.038868,0.0388526,0.0388551,0.105235,0.0388521,0.0393142,0.0390511,0.0388984,0.0388521,0.0388614,0.0388522,0.0388524,0.0388522,0.0389612,0.0389877,0.0388523
0.0388611,0.0390239,0.0388623,0.0389358,0.0388601,0.0388603,0.0388749,0.0388606,0.0388598,0.0388659,0.0388796,0.038871,0.0388751,0.105452,0.0388594,0.0390205,0.0388594,0.038866,0.0388632,0.038875,0.0388595,0.038863,0.0388708,0.0391207
0.0386235,0.0426701,0.0386207,0.0386207,0.0403716,0.038621,0.0386328,0.038622,0.0386995,0.0396041,0.0386209,0.104214,0.0386207,0.0390387,0.0386419,0.0386752,0.0386207,0.0386245,0.0386207,0.0386207,0.0387344,0.0386246,0.0386209,0.0386367
0.0378952,0.0378961,0.0378953,0.0378952,0.0379042,0.0591801,0.0379016,0.0379247,0.0409035,0.0378974,0.0381137,0.102991,0.0378956,0.0378978,0.0379052,0.0378993,0.0379124,0.0378954,0.0378952,0.0379047,0.0378967,0.0379354,0.0386623,0.0379026
0.0387955,0.0387936,0.0387935,0.0388191,0.0387933,0.0388221,0.0388113,0.0387948,0.0387936,0.105447,0.0387933,0.0388588,0.0387933,0.038794,0.038818,0.040731,0.0387944,0.0387967,0.0387952,0.0387934,0.0388635,0.0389128,0.0387967,0.0387955
0.0387495,0.0387494,0.03875,0.0387494,0.0400519,0.0387495,0.0388604,0.0387798,0.0393551,0.0387495,0.0387757,0.0387671,0.0387511,0.0387494,0.105274,0.0387494,0.0401339,0.0387529,0.0387501,0.0387494,0.0387496,0.0387497,0.0387533,0.0387496
0.038546,0.0385298,0.0385432,0.0385298,0.045446,0.0385299,0.0385299,0.0385298,0.0385709,0.0385304,0.104217,0.0385302,0.0390843,0.0385305,0.0385301,0.0385309,0.0385428,0.0385298,0.0390688,0.0385299,0.0385298,0.0385298,0.0399905,0.0385704
0.0491637,0.0384693,0.0384739,0.0385657,0.0384718,0.0384692,0.0384749,0.0384692,0.0385565,0.0384756,0.0384692,0.0384703,0.03847,0.0384692,0.0384726,0.038475,0.0384738,0.0384976,0.0384699,0.0384692,0.103611,0.0385087,0.0390844,0.0384692
0.0388578,0.0389201,0.0388396,0.0388403,0.0388459,0.0388394,0.0388396,0.0388403,0.039295,0.0388478,0.0389454,0.0388399,0.0389843,0.0388395,0.0394684,0.0388551,0.105148,0.0388395,0.0388585,0.0388395,0.0388919,0.0388394,0.0388398,0.0388449
0.0388673,0.0388778,0.0388681,0.0388684,0.0391271,0.0388674,0.0388749,0.0388696,0.0390528,0.0388672,0.0388718,0.038868,0.10521,0.0388673,0.0388678,0.0388677,0.0391956,0.0388672,0.0388718,0.0388673,0.0389,0.03887,0.0388673,0.0388677
0.0390241,0.0390315,0.100915,0.0390493,0.0390265,0.03906,0.0390298,0.0390237,0.0394467,0.0390237,0.039024,0.0390236,0.0390259,0.0390236,0.0390249,0.0390241,0.0390291,0.0390241,0.0400384,0.0390321,0.0390276,0.0390248,0.0390237,0.0390236
0.0380822,0.0380969,0.038104,0.0380827,0.0380823,0.103508,0.0380843,0.0572831,0.0380822,0.0381275,0.038113,0.0380829,0.0380983,0.0382502,0.0380836,0.0380836,0.0380826,0.0380824,0.0380882,0.0380844,0.0380824,0.0391696,0.0380834,0.0380823
0.0388741,0.0388739,0.0389125,0.0388739,0.0396926,0.0388739,0.0389239,0.0388787,0.0389085,0.0388749,0.0390183,0.0388758,0.0388821,0.0388754,0.104772,0.0388754,0.0388935,0.0388749,0.0388739,0.0388739,0.0388756,0.038874,0.0388743,0.0388742
0.0373209,0.0372965,0.0372936,0.0372958,0.0372931,0.0373289,0.0372948,0.0372946,0.0372932,0.100853,0.0372931,0.0373525,0.0372932,0.0372981,0.0373268,0.0374568,0.037295,0.0373082,0.0372983,0.0372934,0.0773613,0.0382726,0.0372938,0.0372931
0.0388442,0.0392109,0.0388451,0.0388803,0.0388724,0.0388473,0.0388442,0.0388583,0.0388455,0.0388444,0.0388447,0.0389668,0.0388442,0.038854,0.0388442,0.0389007,0.0388443,0.0388461,0.0388442,0.0391879,0.0388443,0.0388535,0.0388442,0.105589
0.0386144,0.0434077,0.0388469,0.0419048,0.0386284,0.0386201,0.0386144,0.0386149,0.0386148,0.0386144,0.038616,0.0386501,0.0386144,0.0397726,0.0386144,0.0386401,0.0386144,0.0386155,0.0386286,0.102188,0.0386154,0.0386246,0.0386333,0.0386923
0.0387413,0.0387352,0.0387341,0.0387804,0.0387341,0.0394919,0.0387484,0.0387531,0.0387341,0.105259,0.0387347,0.0415496,0.0387341,0.0387346,0.0387448,0.038769,0.0387346,0.0387666,0.0387345,0.0387341,0.0387373,0.0388463,0.0387344,0.0387342
0.0388038,0.0388038,0.0389285,0.0388039,0.0392368,0.0401727,0.038805,0.038804,0.0388054,0.038807,0.0388057,0.0388183,0.0388038,0.0388038,0.105466,0.038804,0.0388233,0.0388286,0.0388049,0.0388038,0.0388508,0.0388047,0.0388068,0.0388041
0.0387967,0.038804,0.0388026,0.0387993,0.0387973,0.0388262,0.0388044,0.038808,0.039138,0.0387975,0.0388115,0.0387968,0.0387976,0.0387966,0.0401797,0.0388231,0.105362,0.0387998,0.0388079,0.0387966,0.0389663,0.0387995,0.0390919,0.0387966
0.0386417,0.0386656,0.0386444,0.0386419,0.0386435,0.0388309,0.0386436,0.104779,0.0386417,0.0386847,0.0420717,0.0386421,0.0386418,0.0386469,0.0386431,0.0386439,0.0412624,0.038671,0.0387156,0.0386418,0.0386442,0.0386748,0.0386417,0.0386417
0.0387132,0.0387114,0.0387117,0.0387123,0.0387762,0.0387123,0.0390421,0.0387115,0.0387165,0.0387114,0.0387113,0.0387115,0.0432435,0.0387113,0.0387125,0.0387126,0.0387375,0.0387115,0.104609,0.0387113,0.0387142,0.0387118,0.0387267,0.0387563
0.0388722,0.0388788,0.0388725,0.0388721,0.0388722,0.0389256,0.0388722,0.0388817,0.038901,0.0388727,0.0388722,0.038876,0.0388721,0.0388763,0.0388722,0.105584,0.0388791,0.0388895,0.038876,0.0390449,0.0388739,0.038907,0.0388761,0.038879
0.038884,0.0388727,0.0388728,0.0388729,0.0388728,0.0388794,0.0388766,0.0388777,0.0388745,0.0389867,0.0388729,0.0388924,0.0389158,0.0388785,0.0388824,0.0388754,0.0388779,0.0388955,0.0388728,0.0388728,0.0391702,0.105235,0.0390149,0.0388732
0.03987,0.0389336,0.0389336,0.0390039,0.0389366,0.0389336,0.0389351,0.0389376,0.0389337,0.0389438,0.0389336,0.0389338,0.0389346,0.0389341,0.0391345,0.0389538,0.0390032,0.0391043,0.0389345,0.0389336,0.0389341,0.102993,0.0389778,0.0389337
0.0388676,0.0388678,0.038881,0.0388711,0.105637,0.0388676,0.0388696,0.0388705,0.039161,0.0388676,0.0388684,0.0388678,0.0388677,0.0388743,0.0388795,0.0388679,0.038933,0.0388731,0.0388677,0.0388676,0.0388677,0.0388679,0.0388681,0.0388681
0.0389896,0.0389894,0.03899,0.0389894,0.0397698,0.0389935,0.0389978,0.0389894,0.0405264,0.0389893,0.0390012,0.0389909,0.100585,0.0389896,0.0389893,0.0389904,0.0390889,0.0389893,0.0391135,0.0389894,0.0389895,0.0390495,0.0390191,0.0389893
0.0386754,0.0426857,0.0386755,0.038676,0.0386754,0.0387307,0.0386768,0.0386754,0.0386752,0.0387462,0.0386764,0.0390243,0.0386754,0.0405035,0.0386755,0.0387109,0.038678,0.0386785,0.0386752,0.0386772,0.0386756,0.0386863,0.0386752,0.104095
0.038388,0.0383851,0.0383891,0.0383851,0.0383871,0.0392055,0.0383853,0.0383851,0.103736,0.0383851,0.0383851,0.0383862,0.0475003,0.0384063,0.0383867,0.040245,0.0384331,0.0383859,0.0383851,0.0383888,0.0383851,0.0384223,0.0398742,0.0383851
0.0391304,0.0388522,0.0388529,0.0388618,0.0388524,0.0388603,0.0388522,0.0388524,0.0388522,0.0391703,0.0388523,0.0388736,0.0389469,0.0388522,0.0388615,0.0388529,0.0388522,0.0388524,0.0388634,0.0388522,0.0388985,0.105563,0.0388523,0.03889
0.0386987,0.0409446,0.0387312,0.105013,0.0386983,0.038698,0.0386981,0.0387152,0.038698,0.0399139,0.0386982,0.0386982,0.038698,0.0388155,0.0386981,0.0386983,0.0388653,0.039809,0.0386991,0.038698,0.0386993,0.0386986,0.0386991,0.0387158
0.0502265,0.0382433,0.0381801,0.038173,0.0381728,0.0381685,0.0381721,0.038179,0.0381684,0.10375,0.0381688,0.0381684,0.0381684,0.0381696,0.044044,0.0381901,0.0381683,0.0384672,0.0381766,0.0381683,0.0381713,0.0381688,0.0381683,0.0381683
0.038361,0.0383045,0.0383052,0.0383043,0.0391439,0.0383153,0.0390564,0.0383043,0.103899,0.0383044,0.0383042,0.0383046,0.0495237,0.0383042,0.0385368,0.0397978,0.0384746,0.038307,0.038335,0.0383047,0.0383043,0.0383965,0.038504,0.0383044
0.0388658,0.0388823,0.105241,0.0389152,0.0390546,0.0388754,0.0393322,0.0388656,0.0388954,0.0388655,0.0389107,0.0388656,0.038871,0.0388655,0.0388659,0.0388656,0.0388679,0.0388655,0.0388992,0.0388661,0.0388656,0.0388655,0.0388671,0.0388657
0.0389309,0.104276,0.0390065,0.03894,0.0389377,0.0389549,0.0389309,0.0389341,0.0389363,0.0389366,0.0389308,0.0390139,0.0389306,0.0389589,0.0389517,0.0389343,0.0389306,0.0389312,0.0389307,0.038975,0.038935,0.0389319,0.0389306,0.038931
0.0388665,0.038841,0.0387821,0.0398942,0.0387811,0.0387814,0.0387831,0.0387855,0.0387812,0.105376,0.0387811,0.0387812,0.0387824,0.0387815,0.0387817,0.0394795,0.038786,0.0387933,0.0388308,0.0387812,0.0388141,0.0393686,0.038785,0.0387812
0.0388164,0.0388167,0.0388264,0.0388164,0.105441,0.0388184,0.0388202,0.0388251,0.0388167,0.0388164,0.0389928,0.0388243,0.0388246,0.0388206,0.0388165,0.0388164,0.0388202,0.0388164,0.0403524,0.0388203,0.0388166,0.0388314,0.038817,0.0388169
0.0378504,0.0378484,0.0378503,0.03785,0.03785,0.0378486,0.0378487,0.037849,0.0378484,0.0380026,0.0378501,0.0378536,0.0378489,0.0633908,0.0378492,0.0381804,0.0378491,0.037878,0.0378486,0.037856,0.0378484,0.0380188,0.0382864,0.102796
0.0389374,0.0389407,0.0986551,0.0389421,0.0446586,0.0389393,0.0389376,0.0389371,0.0389446,0.0389372,0.0389577,0.0389372,0.0389372,0.0389383,0.0389518,0.0389372,0.0389373,0.0389374,0.0389469,0.0389404,0.0389374,0.0389371,0.0389372,0.0389371
0.0388673,0.0389083,0.0389081,0.038867,0.039167,0.0388656,0.0388657,0.0388658,0.0388726,0.0388657,0.10337,0.0388687,0.0388659,0.0388657,0.0388659,0.038866,0.0388826,0.0388676,0.0410984,0.0388666,0.0388656,0.0388656,0.038931,0.0388675
0.0389374,0.0388087,0.038811,0.0390156,0.0388088,0.0388388,0.0388087,0.0388093,0.0388087,0.0389042,0.0388102,0.0389236,0.0388947,0.0388087,0.0388096,0.0388146,0.0388088,0.0388523,0.0388952,0.0388748,0.0398764,0.105451,0.0388094,0.0388196
0.039235,0.0394033,0.0392351,0.0392439,0.0394747,0.0393311,0.039243,0.0392651,0.0392355,0.0392351,0.0393387,0.039293,0.0392357,0.0668961,0.039235,0.0392412,0.039235,0.0392359,0.0392353,0.0676838,0.0392351,0.0392352,0.0392611,0.0407369
0.0386372,0.0392837,0.0386373,0.0386382,0.0386454,0.0396174,0.0386401,0.0428494,0.0387298,0.0386372,0.0386608,0.0386514,0.0386382,0.0386578,0.0386372,0.0386384,0.0386372,0.0386479,0.0386708,0.104948,0.0389839,0.038638,0.0386373,0.0386376
0.0385787,0.0385934,0.069223,0.0386103,0.0815531,0.0387544,0.0385787,0.0385789,0.0385822,0.0385789,0.0386153,0.0386051,0.0385849,0.0385788,0.0385787,0.038579,0.0385833,0.0385787,0.0387287,0.0385843,0.0385976,0.0385787,0.0385792,0.0385962
0.0382495,0.0389183,0.0382847,0.0526062,0.0382502,0.0382576,0.0383235,0.038258,0.0382496,0.0382499,0.0382499,0.0382501,0.0382496,0.102522,0.0382495,0.0382974,0.0382497,0.0382498,0.0382509,0.038259,0.0382496,0.0382516,0.0383126,0.0407105
0.0378849,0.0379021,0.0379268,0.0378855,0.0378891,0.0379047,0.0378848,0.0378851,0.0391241,0.0378857,0.0378897,0.0378853,0.0378848,0.0379887,0.0378848,0.101811,0.0378848,0.0379187,0.0378865,0.0630825,0.0378878,0.0378866,0.0379408,0.0379958
0.0389292,0.0388728,0.0388728,0.0388731,0.0390673,0.038874,0.038873,0.0388854,0.0388737,0.10555,0.0388731,0.0388823,0.0388729,0.0388931,0.0389229,0.0388781,0.0388729,0.0388885,0.0388729,0.0388728,0.0388754,0.0388755,0.0388739,0.0388743
0.0372272,0.0668064,0.0374173,0.0504458,0.0372271,0.037243,0.0372272,0.0372318,0.0372295,0.0372916,0.0372272,0.0372366,0.0372271,0.100662,0.0372272,0.0372334,0.0372272,0.0372303,0.0372281,0.0372355,0.0372272,0.0372272,0.0372273,0.0372372
0.0363541,0.0369792,0.0363545,0.0363559,0.0363888,0.0363566,0.0363877,0.0977658,0.0363541,0.0363542,0.0568581,0.0363554,0.0363546,0.0363552,0.0363637,0.0363543,0.0770704,0.0363774,0.0403903,0.0363572,0.0363541,0.0363557,0.0363542,0.0364484
0.0390713,0.0391191,0.0390705,0.0390815,0.039068,0.0390698,0.0390668,0.0390685,0.0390668,0.0395541,0.0396564,0.0390684,0.0390668,0.0390673,0.0390716,0.0390683,0.0390677,0.0972713,0.0390668,0.0390977,0.0391819,0.0392741,0.0390672,0.0417381
0.0389377,0.0386649,0.0387541,0.0387142,0.0386735,0.038665,0.0386674,0.0391553,0.0386649,0.1051,0.038665,0.0386651,0.0386648,0.0386792,0.0401851,0.0386699,0.0386649,0.0417973,0.0386666,0.0386649,0.0386856,0.038665,0.0386649,0.0386648
0.0378655,0.0378695,0.0379051,0.0894852,0.0378648,0.0378826,0.0378646,0.0378668,0.0378668,0.0381366,0.0378647,0.0379535,0.0378646,0.0761398,0.0378646,0.0378807,0.0378646,0.0385848,0.0379542,0.0379265,0.0378651,0.0378647,0.0378998,0.0378646
0.0380339,0.0380882,0.0384295,0.103282,0.0380328,0.0380343,0.0380331,0.0380333,0.0380345,0.0381326,0.0380328,0.0380331,0.0380328,0.0591562,0.0380328,0.038069,0.038033,0.0380387,0.0381661,0.0380737,0.038033,0.0380329,0.0380945,0.0380374
0.0388153,0.0388305,0.0388185,0.0388806,0.03882,0.0388157,0.0388153,0.0388159,0.0388153,0.0388154,0.0388194,0.0388269,0.0388165,0.104083,0.0388152,0.0388154,0.0388152,0.0388183,0.0388157,0.0391069,0.0388179,0.0388195,0.0388239,0.0415635
0.0388035,0.0387957,0.0387961,0.0390218,0.0402281,0.0387955,0.0387985,0.0388613,0.040997,0.0387955,0.0400547,0.0387955,0.068656,0.0387956,0.0387971,0.0387957,0.0397861,0.0387954,0.0716311,0.0387954,0.0388036,0.0387979,0.0388077,0.0387954
0.0367033,0.0367036,0.0367034,0.0369351,0.0367037,0.0367248,0.0963463,0.036714,0.0367035,0.0367192,0.0367133,0.036887,0.0367069,0.0367061,0.0367032,0.0367236,0.0367044,0.0367032,0.0372069,0.0367892,0.0367105,0.0367309,0.0950549,0.0367032
0.0392436,0.0392733,0.0392436,0.0392467,0.0392442,0.0967215,0.0393317,0.0392472,0.0392446,0.0392436,0.0392436,0.0395505,0.0392441,0.0392438,0.0392437,0.0393577,0.0392436,0.0392436,0.0392436,0.0392436,0.039339,0.0392589,0.0392585,0.039246
0.0387236,0.0379619,0.0378887,0.038294,0.038128,0.0378887,0.102635,0.0378887,0.0383105,0.0378894,0.0378895,0.0378931,0.0583462,0.0378921,0.0378887,0.0380665,0.0379901,0.0378887,0.0378967,0.0378887,0.0380489,0.0378891,0.0378898,0.0409233
0.0384984,0.0385066,0.0384993,0.0384982,0.0384991,0.0385694,0.0384984,0.0385025,0.0384982,0.0477209,0.038498,0.103785,0.038498,0.0393842,0.0388162,0.0385198,0.038498,0.0386396,0.0384981,0.038498,0.038553,0.0385241,0.0384982,0.0384985
0.0400112,0.0400116,0.0400112,0.0400304,0.0400166,0.0421723,0.0400189,0.0402633,0.0400113,0.0400173,0.0400133,0.0407415,0.0400126,0.040719,0.0400111,0.0400119,0.0400111,0.0400112,0.0401786,0.0728821,0.0400112,0.040043,0.0400111,0.0427784
0.0384905,0.0385066,0.0384925,0.0384906,0.04073,0.0385872,0.0928073,0.0434123,0.0384909,0.0384915,0.0384952,0.0429017,0.038533,0.038492,0.0384905,0.0384923,0.0384906,0.0384905,0.0386244,0.0484689,0.0384931,0.0385184,0.0385145,0.0384955
0.0382343,0.038331,0.0382383,0.0383134,0.038245,0.0383324,0.0382343,0.0382366,0.0413595,0.0382343,0.0382352,0.0388588,0.0382343,0.0416968,0.0382343,0.0499918,0.0382343,0.0382359,0.0382476,0.100406,0.0382343,0.0382352,0.0382481,0.0391485
0.0388833,0.038847,0.0388516,0.0388473,0.0388606,0.0388469,0.0388468,0.0388485,0.0392045,0.0388591,0.0401083,0.0388477,0.0388506,0.0388476,0.038865,0.0388502,0.0389555,0.0390689,0.0388468,0.0388469,0.0388557,0.0388544,0.10446,0.0388469
0.0387909,0.0388061,0.0387927,0.0387908,0.0387943,0.0387909,0.0393312,0.0387952,0.0388029,0.0387909,0.0388,0.0387921,0.0387923,0.0387908,0.0389623,0.0387921,0.104765,0.0387935,0.0387908,0.0387908,0.0410695,0.0387929,0.0387908,0.0387915
0.0388721,0.105658,0.0388723,0.038971,0.0388978,0.0388728,0.0388724,0.0388808,0.0389224,0.0388748,0.0388723,0.0388941,0.0388721,0.0388762,0.0388722,0.0388758,0.0388722,0.0388731,0.0388724,0.0389351,0.0388729,0.0388722,0.0388721,0.0388727
0.0381111,0.0381175,0.0381112,0.0381118,0.0381113,0.03821,0.0381123,0.0381431,0.038114,0.0388882,0.0381124,0.0381119,0.0381111,0.0381136,0.0381114,0.103397,0.0389257,0.0387571,0.0386545,0.0551721,0.0381259,0.0381195,0.0381215,0.0381357
0.037583,0.0375824,0.0375848,0.0375826,0.0375828,0.0380924,0.0375824,0.0375938,0.0375824,0.0376457,0.0375856,0.0378117,0.0375981,0.037618,0.0375832,0.0376153,0.0375824,0.0376307,0.0407421,0.0669751,0.0376162,0.102062,0.0375825,0.0375848
0.0384376,0.0384043,0.0384026,0.0384002,0.0384006,0.0384027,0.0384262,0.0430327,0.0384003,0.104376,0.0384049,0.0384002,0.0384002,0.0410056,0.0434219,0.0384384,0.0384008,0.038429,0.0384132,0.0384001,0.0384017,0.0384003,0.0384002,0.0384002
0.0389435,0.0389112,0.0389117,0.0389115,0.0389114,0.0390073,0.0390996,0.038917,0.0389112,0.0390789,0.0389112,0.0389478,0.0389117,0.0389472,0.0389128,0.0389117,0.038912,0.0389164,0.0389151,0.0389123,0.0390202,0.104354,0.0389119,0.0389125
0.0389839,0.0389011,0.0389103,0.0389013,0.0389019,0.0389077,0.0389077,0.038904,0.0389114,0.0389475,0.0391186,0.0389014,0.0389081,0.038902,0.0398246,0.0389042,0.039217,0.0389191,0.038901,0.038901,0.038938,0.0389092,0.103578,0.038901
0.0382532,0.0382407,0.0382411,0.0382412,0.038241,0.0382427,0.0399942,0.0382416,0.0382483,0.0382483,0.038241,0.0382407,0.038242,0.0382407,0.0530658,0.0382785,0.10341,0.0382436,0.0382755,0.0382407,0.0385368,0.038258,0.0382922,0.0382419
0.0388249,0.0388701,0.0388264,0.038827,0.0388289,0.0390792,0.0388267,0.0388296,0.0388492,0.0388249,0.056472,0.039192,0.0458907,0.0388254,0.0388249,0.0388778,0.0391683,0.0388248,0.0399735,0.0389137,0.0388664,0.0388365,0.0799186,0.0388286
0.0392437,0.0392791,0.0392437,0.0392439,0.0392772,0.0431961,0.0392444,0.0393997,0.0398512,0.0392438,0.0392677,0.0915862,0.0392497,0.0392437,0.0393572,0.0392745,0.0393583,0.0392437,0.0392445,0.0392481,0.0392437,0.039882,0.0392599,0.0393176
0.0387147,0.0394448,0.038715,0.0387147,0.039614,0.0387395,0.0387147,0.0387148,0.0387173,0.0387263,0.0387189,0.105157,0.0387148,0.0392482,0.0387168,0.0387148,0.0387147,0.0387152,0.0387147,0.0407621,0.0387815,0.0387201,0.0387152,0.0387897
0.0393746,0.0388182,0.0395264,0.0388176,0.0388189,0.0388194,0.0388182,0.0388176,0.0388195,0.0388241,0.038826,0.0388184,0.0388266,0.0388176,0.0388844,0.038819,0.0388189,0.0388427,0.0388178,0.0388205,0.105509,0.0390354,0.0388897,0.0388196
0.0380549,0.0592094,0.0380561,0.103428,0.0380561,0.0380544,0.0380553,0.0380653,0.0380544,0.0380594,0.0380542,0.0380565,0.0380542,0.0381269,0.0380542,0.0380551,0.0380546,0.0380738,0.0381006,0.0380578,0.0380551,0.0380543,0.0380545,0.0380554
0.0385281,0.0385437,0.0385255,0.0385626,0.0385318,0.0385255,0.038545,0.0385781,0.0385254,0.0402642,0.038528,0.0453911,0.0385254,0.0385888,0.0385277,0.0385471,0.0385259,0.10461,0.0385255,0.038533,0.0385497,0.0389619,0.0385281,0.0385282
0.0365058,0.0468124,0.0367176,0.039039,0.0365168,0.0365231,0.0365059,0.0365078,0.036506,0.0366794,0.0365061,0.0370837,0.0365052,0.096224,0.0365052,0.038007,0.0365052,0.0370975,0.0368313,0.0497586,0.0365238,0.0365056,0.0365058,0.0711272
0.0388786,0.0388597,0.0390212,0.0388566,0.0389456,0.0388978,0.0388563,0.0388553,0.038876,0.0388558,0.0390624,0.0388702,0.0389466,0.0388554,0.038931,0.0388554,0.105544,0.0388553,0.0388959,0.0388555,0.0388585,0.0388555,0.0388556,0.0388555
0.0388102,0.0389086,0.038835,0.0388102,0.0388345,0.105411,0.0391233,0.0388187,0.0388624,0.0388104,0.0388102,0.0391868,0.0388102,0.0388149,0.0391176,0.0395435,0.0388102,0.0388102,0.0388102,0.0388176,0.0388106,0.0388112,0.0388102,0.0388122
0.0388266,0.0388528,0.104796,0.0388272,0.0408188,0.0388399,0.0388269,0.0388266,0.0388268,0.0388266,0.0388292,0.0388285,0.0388266,0.0389772,0.0388271,0.0388266,0.0388266,0.0388269,0.038827,0.0388271,0.0388285,0.0388266,0.0388266,0.0388267
0.0382582,0.0382525,0.0382525,0.0382545,0.0382628,0.0382542,0.0382556,0.0382525,0.103132,0.0382525,0.0382525,0.0382558,0.0382987,0.0382525,0.0382526,0.046874,0.0382738,0.0382527,0.0454783,0.0388746,0.0382536,0.0383514,0.0386471,0.0382549
0.0394016,0.0394046,0.0394113,0.039396,0.0393935,0.0393933,0.0393933,0.0393933,0.0936406,0.0393933,0.0393932,0.0393933,0.0395041,0.0393933,0.0393973,0.039463,0.0394381,0.0394047,0.0394058,0.0394004,0.0393955,0.0393958,0.0394017,0.0393932
0.0369827,0.0369863,0.0369828,0.0369875,0.0369826,0.0369831,0.0369829,0.0369868,0.036983,0.0370183,0.0369893,0.0370079,0.0369826,0.09874,0.0369828,0.0372133,0.036983,0.0370291,0.0369826,0.0372432,0.0369826,0.0369848,0.0376601,0.0863425
0.0388506,0.0388507,0.039263,0.0388506,0.105601,0.0388519,0.0388524,0.0388519,0.0389549,0.0388506,0.0389344,0.0388535,0.0388532,0.0390555,0.0388549,0.0388506,0.0388508,0.0388507,0.0388584,0.0388533,0.0388549,0.0388507,0.0388507,0.0388511
0.0379837,0.0380372,0.0380102,0.038356,0.03799,0.0381587,0.0379838,0.0379973,0.0379839,0.0379857,0.0379849,0.0379999,0.0379837,0.0430804,0.0379837,0.0380574,0.0379837,0.0379846,0.0392947,0.0980285,0.0379856,0.0380198,0.0379933,0.0591331
0.0404917,0.0388452,0.0388391,0.0388389,0.0388463,0.0388392,0.0389945,0.0388389,0.0388406,0.0388395,0.0388426,0.038839,0.0390126,0.0388389,0.0394866,0.0388393,0.0388404,0.0388391,0.0388922,0.0388389,0.102815,0.0388986,0.0399632,0.0388394
0.0386907,0.0386875,0.0386876,0.0386876,0.0386909,0.0387599,0.038689,0.0386969,0.0388355,0.0386882,0.038691,0.105113,0.0386876,0.0426477,0.0389023,0.0386944,0.0386875,0.0389431,0.0386876,0.0387315,0.0388577,0.0388074,0.0387072,0.0387284
0.036885,0.036886,0.0368959,0.0368882,0.0368854,0.100229,0.0369208,0.0370206,0.0369502,0.0368859,0.036885,0.036889,0.036885,0.0369908,0.0368886,0.0878919,0.0368852,0.0368858,0.0368853,0.0369149,0.0368858,0.0368943,0.0368862,0.036885
0.0386649,0.0386651,0.0400454,0.0386649,0.0386761,0.105049,0.0386681,0.041385,0.038984,0.0386687,0.0386649,0.0387368,0.03867,0.0388188,0.0387108,0.0391286,0.0386661,0.0386649,0.0386649,0.038665,0.0386649,0.0391421,0.0386649,0.0386661
0.0453484,0.0385605,0.0385592,0.0395935,0.038559,0.0385583,0.0385583,0.0385594,0.0385583,0.104072,0.0385586,0.0385711,0.0385583,0.0385594,0.0385717,0.03859,0.0385646,0.0395161,0.0385587,0.0385583,0.0385857,0.0385981,0.0385585,0.0387242
0.0376087,0.0377863,0.0376425,0.03761,0.0376097,0.0376084,0.0376187,0.0377321,0.0376139,0.0376077,0.0376213,0.0376093,0.0376279,0.0376077,0.0376077,0.0376109,0.0376078,0.0697787,0.0376114,0.102008,0.0380362,0.0376163,0.0376078,0.0376112
0.0391292,0.0387271,0.105014,0.0387575,0.0393001,0.0387295,0.0387271,0.0387271,0.0389601,0.0387271,0.0387365,0.0387271,0.0398794,0.0394075,0.0387271,0.0387602,0.0387273,0.0387292,0.0389417,0.0387277,0.0388497,0.0387353,0.0395244,0.038728
0.0392583,0.0388815,0.0388999,0.03902,0.0388815,0.0390785,0.0388975,0.0388813,0.0388817,0.0392434,0.0388817,0.0399746,0.0388815,0.0388822,0.0388813,0.0389427,0.0388895,0.039046,0.0388817,0.0388835,0.0402619,0.101702,0.0389788,0.0389886
0.0388729,0.0388684,0.0388738,0.0390022,0.038869,0.0388841,0.0388684,0.0389062,0.0388684,0.0388924,0.0388684,0.0388699,0.0389483,0.0388684,0.0388855,0.0388734,0.0388684,0.0388839,0.0388769,0.0388711,0.0390184,0.105524,0.0388685,0.038869
0.039021,0.0390138,0.0390149,0.0390138,0.039951,0.0390634,0.0999962,0.0390141,0.0390138,0.0390143,0.0390149,0.0390141,0.0390976,0.0390143,0.0390378,0.0403151,0.0390139,0.039014,0.0390164,0.0390139,0.0390138,0.0390156,0.0392461,0.039056
0.0388683,0.0388741,0.0389213,0.0388673,0.0388644,0.0388643,0.0388664,0.0388635,0.105634,0.0388635,0.0388637,0.0388751,0.0388799,0.0388635,0.0388654,0.0388986,0.0388969,0.0388637,0.0388637,0.0388635,0.0391881,0.0388635,0.0388639,0.0388635
0.0385839,0.0385491,0.0385488,0.0385648,0.038561,0.038549,0.038735,0.0385489,0.038551,0.0385487,0.0385488,0.0385487,0.101153,0.0385489,0.0385494,0.0385499,0.0389346,0.0385487,0.0501011,0.0385487,0.0385661,0.0385542,0.0385507,0.0385569
0.0377335,0.0377446,0.0377341,0.0377357,0.0377505,0.0385596,0.0377335,0.0377431,0.0377338,0.0377354,0.0377437,0.0380336,0.0377335,0.0378061,0.0377339,0.0377399,0.0377335,0.0377336,0.0377442,0.0655567,0.0377337,0.0384266,0.0377339,0.102343
0.0391839,0.0391962,0.0391865,0.0392408,0.0391896,0.0391845,0.0391839,0.039269,0.039184,0.0391847,0.0391903,0.0391947,0.0391839,0.0938966,0.0391839,0.0391877,0.039184,0.0391842,0.0391928,0.039276,0.0391839,0.0391842,0.0392868,0.043668
0.038912,0.0388701,0.0392859,0.0388728,0.0388687,0.0388662,0.0388654,0.0388652,0.0388654,0.0388659,0.0388959,0.0388652,0.0389778,0.0388652,0.0388851,0.0388653,0.0389288,0.0388705,0.105281,0.0388667,0.0389419,0.0388862,0.0388673,0.0388653
0.0381802,0.037999,0.0381609,0.0379992,0.0383078,0.0380155,0.0380111,0.0379989,0.0380619,0.0380092,0.037999,0.0380044,0.103109,0.0379989,0.0380086,0.0379992,0.0380005,0.0379989,0.0600509,0.0379989,0.038091,0.0379993,0.0379989,0.037999
0.0388466,0.0388329,0.0389033,0.0391526,0.0388323,0.0388416,0.0390711,0.0388517,0.0388327,0.0388327,0.0388353,0.0388323,0.0388478,0.0388323,0.0389,0.0388495,0.105527,0.0388545,0.0389893,0.0388323,0.0388387,0.0391683,0.038862,0.0388329
0.0387664,0.0387697,0.0387672,0.0387704,0.0390265,0.0387733,0.038858,0.0410642,0.0387664,0.0387664,0.0389356,0.0387698,0.0389685,0.0387664,0.0387695,0.0387684,0.105074,0.0387664,0.0388393,0.0387664,0.0387664,0.0387822,0.0387712,0.0389271
0.0387854,0.03918,0.0387854,0.0387858,0.03883,0.0387927,0.0387875,0.039223,0.0387937,0.0387859,0.0388059,0.0388255,0.0387854,0.0388161,0.0387854,0.038814,0.0387854,0.0391491,0.0387956,0.105429,0.0387972,0.0387858,0.0387855,0.0398909
0.038902,0.0388728,0.0388734,0.0388731,0.0388731,0.0388733,0.0388734,0.0388737,0.0388734,0.0388798,0.0388728,0.0389113,0.0388858,0.038873,0.0388816,0.0388814,0.0388737,0.0389353,0.0388736,0.0388731,0.0388998,0.105482,0.0391154,0.0388728
0.0391211,0.0385751,0.0385755,0.0385874,0.038575,0.0385901,0.0388068,0.0385906,0.0385751,0.104741,0.038575,0.0385828,0.038575,0.0385754,0.0387029,0.0396388,0.0385768,0.0388155,0.0385755,0.0385753,0.0385898,0.0395628,0.0385752,0.043341
0.0385981,0.0384992,0.0385314,0.0385461,0.0385,0.0385016,0.038624,0.0384989,0.0385368,0.0385077,0.0384994,0.0385082,0.038499,0.0384989,0.0385011,0.0385015,0.0385138,0.0385223,0.038499,0.0384994,0.104512,0.038513,0.0480898,0.0384989
0.0376846,0.0376902,0.0376847,0.0376846,0.0376862,0.0462396,0.0376917,0.0377977,0.0378595,0.0376847,0.0580712,0.102386,0.0376871,0.0376852,0.0378109,0.0376847,0.0377069,0.0376847,0.0376851,0.0376901,0.0376857,0.0378445,0.0389584,0.0377157
0.0390603,0.0388565,0.0388569,0.0389068,0.0388588,0.0388568,0.0388563,0.0388563,0.0388615,0.0388573,0.0390418,0.0389586,0.0388821,0.0388614,0.0388566,0.03886,0.038955,0.0388565,0.0393287,0.0389006,0.0388608,0.0388729,0.105074,0.0388638
0.101156,0.0380861,0.038092,0.0574415,0.0380958,0.0380861,0.0380878,0.038086,0.0383581,0.0380862,0.0380861,0.038086,0.0383273,0.0380862,0.0380878,0.0382438,0.0380959,0.0381007,0.0380903,0.0380862,0.0381154,0.0381348,0.0407978,0.0380862
0.0401914,0.0402025,0.0401954,0.0401912,0.0402834,0.0402134,0.0401951,0.0401951,0.0401915,0.0401908,0.040551,0.0401979,0.072998,0.0401908,0.0401919,0.0401909,0.0403051,0.0401908,0.0410507,0.0402025,0.0402468,0.0411616,0.0402801,0.0401922
0.0386138,0.0386229,0.0386142,0.038615,0.0386142,0.0386633,0.038614,0.104924,0.038614,0.0386237,0.0420505,0.0386139,0.0386138,0.0386145,0.0386157,0.0386257,0.0418056,0.0387203,0.0387315,0.038614,0.0386141,0.0386332,0.0386139,0.0386138
0.0450479,0.0385706,0.0385238,0.0386359,0.0385195,0.0385134,0.0385129,0.0385129,0.0386634,0.038548,0.0386216,0.0385277,0.0385129,0.0385175,0.038513,0.0387449,0.0385428,0.104319,0.0391033,0.0399484,0.0385426,0.0385143,0.0385592,0.0389843
0.0397736,0.0397736,0.041289,0.0397735,0.0835228,0.0397838,0.0397875,0.0397736,0.0398812,0.0397736,0.0397764,0.0397742,0.0397736,0.0397739,0.0397738,0.0397931,0.0397739,0.0397736,0.039784,0.0397763,0.039774,0.0397736,0.0397735,0.0397738
0.0401242,0.0401264,0.0401244,0.0401323,0.0401548,0.0766948,0.0401394,0.0402005,0.0401261,0.0401258,0.0401242,0.0401547,0.0401984,0.0402152,0.0401248,0.0402165,0.0401244,0.0401245,0.0401242,0.0401243,0.0401244,0.040134,0.0401242,0.0401375
0.0386906,0.0386968,0.0386937,0.0386907,0.0386914,0.105157,0.0387968,0.0396317,0.0386911,0.0386907,0.0386906,0.0409365,0.0386918,0.0387014,0.0386942,0.0387337,0.038691,0.0386906,0.0386906,0.0386906,0.0386918,0.0401136,0.0388609,0.0386929
0.038768,0.038804,0.038769,0.0388826,0.0387702,0.104386,0.0387699,0.0419132,0.038768,0.0387681,0.0387682,0.0387689,0.038774,0.0387702,0.0387681,0.0387841,0.0387699,0.0387681,0.0387687,0.0387682,0.0387689,0.0393823,0.0387684,0.0387731
0.0409471,0.0409851,0.0409354,0.0409413,0.040937,0.0409543,0.0409355,0.0409382,0.0409353,0.0413075,0.0409361,0.0409416,0.0409354,0.0409359,0.0409378,0.041422,0.0409359,0.0571142,0.0409428,0.0409977,0.0409444,0.0409771,0.0409457,0.0412169
0.0388574,0.038853,0.0388537,0.038853,0.0388553,0.0390443,0.038857,0.038853,0.039324,0.0388554,0.0388529,0.0388712,0.0388529,0.0388978,0.0388531,0.105566,0.0388533,0.0388553,0.0388539,0.0388549,0.0388537,0.0388656,0.0389013,0.0388621
0.0408062,0.04119,0.0423332,0.040811,0.0528462,0.0413486,0.0418968,0.040807,0.0408082,0.0408063,0.0408823,0.0410085,0.0408335,0.040811,0.0408062,0.0408065,0.0408159,0.0408063,0.0420567,0.0442595,0.0408386,0.0408064,0.0408085,0.0408064
0.0371264,0.0370401,0.0370325,0.0370318,0.0370621,0.0370477,0.0374707,0.0370316,0.0996761,0.0370317,0.037032,0.0370727,0.0759322,0.0370316,0.0370356,0.0456038,0.0372706,0.0370318,0.037032,0.0370334,0.0372677,0.0370321,0.0370402,0.0370335
0.0386593,0.0386597,0.0431654,0.0386731,0.0386596,0.105082,0.038749,0.0391256,0.0386619,0.03866,0.0386594,0.0386611,0.0386599,0.0386597,0.0386595,0.0392716,0.0386602,0.0386596,0.0386594,0.038663,0.0386594,0.0387131,0.0386593,0.0386594
0.0388199,0.0388311,0.0388687,0.105393,0.0388193,0.0388195,0.0388193,0.0388191,0.0388191,0.038826,0.0388191,0.0388223,0.0388191,0.0403272,0.0388191,0.0388192,0.0388191,0.0388198,0.0388211,0.0388248,0.0388191,0.0388192,0.0389958,0.0388198
0.0396654,0.0389259,0.0389412,0.0389298,0.038926,0.0389259,0.0389304,0.0389258,0.0389483,0.0389793,0.038926,0.038926,0.0389259,0.0389258,0.0389446,0.0389285,0.0389334,0.0389317,0.0389287,0.0389258,0.103455,0.0389363,0.0392883,0.0389258
0.038871,0.0388604,0.0388592,0.0389238,0.0388788,0.0388591,0.0388592,0.0388601,0.0388648,0.0388609,0.0390288,0.0388591,0.0388593,0.0388591,0.0394692,0.0388612,0.105307,0.0388615,0.0388596,0.0388591,0.0388724,0.0388593,0.0388624,0.0388852
0.038714,0.0387219,0.0387138,0.0387139,0.0387416,0.0387139,0.0387138,0.0387635,0.0387144,0.0387159,0.0387245,0.0429147,0.0387139,0.0391124,0.0387159,0.0387168,0.0387139,0.0387176,0.0387182,0.0413441,0.038714,0.0388001,0.0387155,0.102152
0.0385872,0.0386117,0.0453635,0.0391158,0.0385858,0.0386364,0.0385854,0.0385881,0.0385855,0.0385869,0.0385885,0.0386087,0.0385854,0.103778,0.0386238,0.0387416,0.0385858,0.038631,0.0385854,0.038699,0.0385867,0.0385892,0.0385914,0.0395595
0.0383746,0.0383811,0.0383758,0.0383756,0.0384076,0.0384036,0.0383803,0.0395215,0.0383975,0.0383746,0.04129,0.0383861,0.0453383,0.0383746,0.0384045,0.038376,0.104231,0.0383748,0.0402642,0.0383747,0.0383749,0.0384021,0.038431,0.0383853
0.0408354,0.0399113,0.0396363,0.0408644,0.0396381,0.0396346,0.0396345,0.0396345,0.03979,0.0396424,0.0399451,0.0396517,0.0396345,0.0396447,0.0396345,0.0397992,0.0396621,0.0834879,0.0398587,0.0401113,0.0396397,0.0396354,0.0397005,0.0403731
0.0390713,0.0976976,0.0390666,0.0420478,0.0390666,0.0390665,0.0391075,0.0390727,0.0391154,0.0390748,0.0390663,0.0390892,0.0390663,0.0390842,0.0390663,0.0396016,0.0390663,0.039068,0.0390663,0.0391341,0.0390724,0.0390703,0.0390676,0.0390941
