0.0388337,0.0388337,0.0388375,0.0388337,0.0402452,0.0388337,0.0388337,0.0388338,0.0388377,0.0388372,0.0388418,0.0388477,0.0388337,0.0388337,0.105358,0.03884,0.0388393,0.0388428,0.0388337,0.0388337,0.0388338,0.0388337,0.0388344,0.0388339
0.0388813,0.0388813,0.0388814,0.0388813,0.0388821,0.0388813,0.0388813,0.0388813,0.0388813,0.0388813,0.0388813,0.0388813,0.0388813,0.0388813,0.0389316,0.0388814,0.0388814,0.0388813,0.0388889,0.0388813,0.105671,0.0388817,0.0388814,0.0388813
0.0387692,0.0387702,0.0387694,0.0406809,0.0387692,0.0387914,0.0387692,0.0387694,0.0387696,0.0387692,0.0387692,0.0387698,0.0387692,0.105208,0.0387692,0.0387696,0.0387692,0.0387706,0.0387692,0.0399244,0.0387692,0.0387692,0.0387692,0.0387764
0.0397383,0.0397383,0.0397383,0.0397383,0.0397386,0.0397383,0.0397383,0.0397383,0.0858894,0.0397384,0.0397383,0.0397384,0.0397385,0.0397383,0.0397385,0.0397639,0.0397383,0.0397384,0.0397461,0.0397383,0.0397383,0.0397384,0.039834,0.0397383
0.0364578,0.0364577,0.0364585,0.0364577,0.0364577,0.0364589,0.0980606,0.0364577,0.0365202,0.036501,0.0364577,0.0364577,0.0364577,0.0364577,0.0364578,0.0990933,0.0364577,0.0364704,0.0364577,0.0371025,0.0364577,0.0364684,0.0364579,0.0364579
0.0372913,0.0373009,0.0372914,0.0761842,0.0372914,0.0372913,0.0372913,0.0372913,0.0372913,0.0372917,0.0373107,0.0372913,0.0372913,0.0372916,0.0372913,0.0382824,0.0372913,0.101317,0.0372913,0.0376913,0.0372913,0.0372922,0.0379591,0.0372918
0.0388037,0.0388037,0.0388094,0.0388036,0.0393836,0.0388036,0.0388037,0.0388036,0.0388052,0.0388036,0.0402599,0.0388039,0.105468,0.0388036,0.0388037,0.0388036,0.0388037,0.0388036,0.0388085,0.0388036,0.0388037,0.0388037,0.0388037,0.0388036
0.0389003,0.0389008,0.0389791,0.0389003,0.0389332,0.038902,0.0389023,0.0389005,0.0389006,0.0389003,0.103275,0.0389004,0.0389003,0.0389003,0.0407881,0.0389003,0.0389107,0.0389003,0.0389004,0.0389003,0.0389003,0.0389024,0.0389016,0.0389003
0.0388421,0.0388422,0.0388476,0.038854,0.0388421,0.0389076,0.0388421,0.0388451,0.0388431,0.0388421,0.0389407,0.10557,0.0388421,0.0388434,0.0388426,0.0388421,0.0388421,0.0396735,0.0388421,0.0388422,0.0388421,0.0388427,0.0388422,0.0388835
0.0388715,0.0388715,0.038875,0.0388725,0.0388715,0.0388715,0.0391093,0.0388715,0.0388715,0.0388715,0.0388717,0.0388735,0.0389371,0.0388715,0.0388859,0.0388715,0.0389713,0.0388715,0.105531,0.0388715,0.038872,0.0388718,0.0388715,0.0388715
0.0388843,0.0388844,0.0388844,0.0388843,0.0388859,0.0388908,0.0389028,0.0388843,0.0388967,0.0388843,0.0388843,0.0388844,0.0388843,0.0388843,0.0388844,0.105613,0.0388843,0.0388843,0.0388864,0.0388896,0.0388843,0.0388845,0.0388847,0.0388844
0.0388755,0.0388754,0.0389234,0.0388754,0.0388755,0.0388755,0.0388755,0.0388754,0.0388756,0.0388755,0.0388754,0.0388754,0.0391893,0.0388754,0.0388754,0.0388754,0.0388754,0.0388755,0.0389015,0.0388755,0.105371,0.0389814,0.0388755,0.0388754
0.0388783,0.0388783,0.0388783,0.0388784,0.0388783,0.0388783,0.104778,0.0396733,0.0388783,0.0388784,0.0388785,0.0388783,0.0388905,0.0388783,0.0388783,0.0388783,0.0390851,0.0388783,0.0388783,0.0388783,0.0388783,0.0388842,0.038879,0.0388783
0.0389169,0.0389169,0.0408517,0.0389172,0.038917,0.0389169,0.0389193,0.0389169,0.0389202,0.0389171,0.0389371,0.0389169,0.0389174,0.0389169,0.0389252,0.0389184,0.0391462,0.0389271,0.0389169,0.0389169,0.0408697,0.038917,0.100747,0.0389169
0.0386985,0.0432665,0.0386966,0.0386962,0.0386963,0.0388223,0.0386991,0.105151,0.0386961,0.0387371,0.0386973,0.0386961,0.038696,0.038696,0.0387049,0.038698,0.0387044,0.0386961,0.038698,0.0387683,0.0386962,0.0386963,0.0386961,0.0386963
0.0388685,0.0388685,0.0389106,0.0388685,0.0388685,0.0388685,0.0388685,0.0388685,0.0388695,0.0388697,0.0396911,0.0388685,0.038881,0.0388685,0.0388687,0.0388685,0.0388685,0.0388705,0.038871,0.0388685,0.105138,0.0388707,0.0388688,0.0388685
0.0387949,0.0387948,0.0387949,0.0387948,0.0387948,0.0387948,0.038795,0.0387952,0.0387948,0.0387948,0.0387961,0.0387948,0.0406203,0.0387948,0.0387949,0.0388149,0.0390179,0.0387948,0.105455,0.0387948,0.0389875,0.0387959,0.0387949,0.0387948
0.0385745,0.0385745,0.0385758,0.0385745,0.0466622,0.0386348,0.104556,0.0385745,0.0385759,0.0385745,0.0386058,0.0385745,0.0385745,0.0385745,0.038575,0.0386048,0.0385745,0.0385745,0.0385745,0.0385745,0.0385888,0.0385745,0.0385782,0.0385745
0.0388786,0.0388786,0.0388786,0.0388789,0.0388786,0.0388937,0.0388786,0.105634,0.0388786,0.0390115,0.0388786,0.0388786,0.0388786,0.0388786,0.0388786,0.0388786,0.0388786,0.0388786,0.0388841,0.0388786,0.0388786,0.0388834,0.0388786,0.0388786
0.0388826,0.0388827,0.0388826,0.0388827,0.038883,0.0388826,0.0388827,0.0388826,0.0388828,0.0388828,0.038883,0.0388826,0.0388826,0.0388826,0.038888,0.0388827,0.10569,0.0388829,0.0388827,0.0388826,0.0388841,0.0388829,0.0388838,0.0388826
0.038847,0.0388471,0.038847,0.0388727,0.0388482,0.0388471,0.0394781,0.038847,0.0388548,0.038847,0.039102,0.038847,0.0388525,0.0388471,0.038847,0.0388472,0.038847,0.0388478,0.0388647,0.038847,0.0388481,0.038847,0.105573,0.038847
0.0388784,0.0388774,0.0390019,0.0388774,0.0388795,0.0388775,0.0388814,0.0388774,0.105656,0.0388774,0.0388774,0.0388994,0.03888,0.0388774,0.038885,0.0388774,0.0388777,0.0388774,0.0388775,0.0388774,0.0388775,0.0388774,0.0388774,0.0388774
0.0389401,0.0389399,0.0389399,0.0389399,0.0389399,0.03894,0.0391844,0.0389399,0.0389402,0.0389424,0.0390367,0.0389399,0.0393424,0.0389399,0.03894,0.0393609,0.0394504,0.040071,0.101571,0.0389399,0.0389399,0.03894,0.0389411,0.0389399
0.0388768,0.0388768,0.038877,0.0388768,0.0389158,0.0388768,0.0388777,0.0388768,0.0388769,0.0388768,0.038877,0.0388768,0.105554,0.0388768,0.038902,0.0388768,0.0390893,0.0388768,0.0388771,0.0388768,0.0388769,0.0388768,0.0388773,0.0388768
0.0385705,0.0385705,0.0386358,0.0385705,0.0385705,0.0385729,0.0385715,0.0385705,0.0385706,0.0385707,0.0385705,0.104627,0.0385705,0.0385981,0.0391409,0.0385707,0.0385705,0.0386343,0.0385705,0.0385705,0.0385839,0.0460776,0.0385705,0.0385706
0.0387866,0.0387869,0.0387866,0.041213,0.0387866,0.0387933,0.0387867,0.038829,0.0387866,0.105433,0.0387866,0.0387866,0.0387866,0.0387866,0.0387866,0.0387866,0.0387866,0.0387867,0.0387866,0.0387866,0.0387866,0.0387866,0.0387866,0.0387866
0.0374567,0.0374567,0.0374637,0.0374567,0.0465159,0.0646009,0.101782,0.0374567,0.0374616,0.0374567,0.0374567,0.0374586,0.0379517,0.0374567,0.0374575,0.0374567,0.037458,0.0374567,0.0374567,0.0374567,0.0374567,0.0374567,0.0374567,0.0374567
0.0388916,0.0388824,0.0388824,0.0388832,0.0388824,0.0388824,0.105693,0.0388824,0.0388824,0.0388838,0.0388824,0.0388824,0.0388824,0.0388824,0.0388824,0.0388824,0.038883,0.0388824,0.0388824,0.0388824,0.0388825,0.0388824,0.0388824,0.0388824
0.038873,0.105624,0.038873,0.0388751,0.038873,0.0388799,0.038873,0.038873,0.038873,0.0391526,0.038873,0.038873,0.038873,0.038873,0.0388731,0.0388788,0.038873,0.0388733,0.038873,0.0388748,0.038873,0.038873,0.038873,0.0388736
0.0415502,0.0415502,0.0415508,0.0416039,0.0415502,0.0415502,0.0415502,0.0415502,0.0415504,0.0415743,0.0415504,0.0432809,0.0415502,0.0415504,0.0415503,0.0415502,0.0415502,0.0415502,0.0415503,0.0415519,0.0415524,0.0415529,0.0425263,0.0415529
0.0385438,0.0385439,0.0385439,0.0385439,0.0385438,0.0385463,0.0385438,0.0385439,0.0385438,0.0385465,0.0385438,0.0393423,0.0385438,0.0402077,0.0385438,0.0385557,0.0385438,0.0385438,0.038544,0.0446831,0.0385439,0.038706,0.0385438,0.10471
0.038871,0.038871,0.0391233,0.0388711,0.038871,0.038871,0.038871,0.038871,0.038871,0.0388711,0.105652,0.038871,0.0388711,0.038871,0.038912,0.038871,0.038871,0.0388798,0.0388802,0.038871,0.038871,0.038871,0.0388746,0.0388711
0.0388782,0.0388782,0.0388783,0.0388782,0.0389351,0.0388782,0.0388782,0.0388782,0.0388906,0.0388786,0.0388784,0.0388782,0.0388814,0.0388782,0.0389218,0.0388824,0.0388793,0.0388782,0.10568,0.0388782,0.0388782,0.0388782,0.0388782,0.0388782
0.0388819,0.038883,0.0388817,0.0388821,0.0388817,0.0389041,0.0388817,0.105683,0.0388817,0.038882,0.0388887,0.0388831,0.0388817,0.0388817,0.0388818,0.0388817,0.0388855,0.0388817,0.0388828,0.0388817,0.0388818,0.0388822,0.0388817,0.0388817
0.0378242,0.0378291,0.0378248,0.0378249,0.0378237,0.0413445,0.0378237,0.0378246,0.0378253,0.0378237,0.0378237,0.0378248,0.0378237,0.0378279,0.0378237,0.0615243,0.0378237,0.0378237,0.0378415,0.102768,0.0378237,0.0378355,0.0378237,0.0378435
0.037695,0.037695,0.037695,0.037695,0.037731,0.037695,0.0377005,0.0376959,0.0376951,0.037695,0.102177,0.037695,0.0376951,0.037695,0.0676047,0.037695,0.0377007,0.0376951,0.0385746,0.037695,0.037695,0.037695,0.0376951,0.037695
0.0383955,0.0383955,0.038398,0.0520785,0.0383955,0.0384537,0.0383955,0.0383955,0.038398,0.0383956,0.0383955,0.0383958,0.0383955,0.103155,0.0383955,0.0383967,0.0383955,0.0383955,0.0383956,0.0383957,0.0383955,0.0383955,0.0383955,0.0383955
0.0388399,0.0388401,0.0388402,0.0388402,0.0388403,0.0388712,0.0388399,0.0388399,0.0388493,0.03884,0.0388399,0.0388403,0.0388399,0.03884,0.03884,0.10557,0.0388399,0.0388401,0.0388399,0.039888,0.0388403,0.0388474,0.0388405,0.0388529
0.0388901,0.0388901,0.0388916,0.0388901,0.0388907,0.0388958,0.0388901,0.0388901,0.0388906,0.0388901,0.0388901,0.105433,0.0388901,0.0389471,0.0388926,0.0389041,0.0388901,0.0388918,0.0388901,0.0388901,0.0388901,0.0389006,0.0388906,0.0388906
0.038889,0.038984,0.0388913,0.0388916,0.038889,0.0388893,0.0388894,0.038889,0.0388891,0.0388919,0.038889,0.038905,0.0388891,0.105388,0.038889,0.0388897,0.038889,0.0388897,0.038889,0.0388915,0.038889,0.03889,0.038889,0.0389286
0.0388369,0.038841,0.0388368,0.0388368,0.0388369,0.0388368,0.0388368,0.0388368,0.0388623,0.039775,0.0388368,0.105435,0.0388368,0.039184,0.0388368,0.0388368,0.0388368,0.0388368,0.0388368,0.0388368,0.0388368,0.0388368,0.0388368,0.0388398
0.0388237,0.0388227,0.0388227,0.0388227,0.0388227,0.0396305,0.0388234,0.0388227,0.0395516,0.0388228,0.0388256,0.105526,0.0388268,0.0388232,0.0388234,0.0388227,0.0388267,0.0388227,0.0388227,0.0388242,0.0388227,0.0388227,0.0388228,0.0388227
0.0388561,0.0388561,0.0388561,0.0388563,0.0388561,0.0388565,0.0388562,0.0388564,0.0388561,0.105622,0.0388561,0.0388562,0.0388561,0.0388561,0.0388561,0.0395412,0.0388561,0.0388561,0.0388563,0.0388562,0.0388562,0.0388567,0.0388563,0.0388563
0.0383321,0.0383267,0.0383267,0.0383267,0.0384114,0.0383267,0.0383302,0.0383272,0.0385185,0.0383267,0.0383292,0.0383282,0.0383329,0.0383267,0.104174,0.0383267,0.0523428,0.0383267,0.0383267,0.0383267,0.0383267,0.0383267,0.0383267,0.0383267
0.0372091,0.0372091,0.0372294,0.0372091,0.0376726,0.0372091,0.0372091,0.0372091,0.0372808,0.0372091,0.101014,0.0372091,0.0372212,0.0372091,0.0372091,0.0372129,0.0372091,0.0372091,0.0797418,0.0372091,0.0372091,0.0372091,0.0372813,0.0372091
0.0386857,0.0386857,0.0386865,0.0387202,0.0386858,0.0386857,0.0386857,0.0386857,0.0386876,0.0386857,0.0386857,0.0386857,0.0386857,0.0386857,0.0386857,0.0387495,0.0386857,0.0386857,0.038686,0.0386857,0.10451,0.0386865,0.0443027,0.0386857
0.0388497,0.0388498,0.0388497,0.0388497,0.0388499,0.0388497,0.0388497,0.0388497,0.0397529,0.0388497,0.0388589,0.0388497,0.0388503,0.0388497,0.0388502,0.0388885,0.105498,0.0388497,0.03885,0.0388497,0.0388561,0.0388497,0.0388498,0.0388497
0.0388741,0.0388741,0.0388742,0.0388741,0.0388885,0.0388741,0.0388743,0.0388741,0.0388823,0.0388741,0.0388749,0.0388741,0.105617,0.0388741,0.0388741,0.0388741,0.0391261,0.0388741,0.0388741,0.0388741,0.0388772,0.0388741,0.0388741,0.0388741
0.0388722,0.0388722,0.105661,0.0388722,0.0388723,0.0388723,0.0388722,0.0388722,0.0388739,0.0388722,0.0388734,0.0388722,0.0388744,0.0388722,0.0388723,0.0388722,0.0389865,0.0388722,0.0390286,0.0388722,0.0388745,0.0388722,0.0388722,0.0388722
0.0388044,0.0388861,0.0388031,0.0388024,0.0388024,0.105445,0.0388024,0.0407456,0.0388024,0.0388026,0.0388024,0.0388024,0.0388102,0.0388083,0.0388025,0.0388024,0.0388024,0.0388024,0.0388029,0.0388024,0.0388024,0.0388588,0.0388024,0.0388024
0.0390235,0.0390235,0.0390291,0.0390235,0.0397538,0.0390235,0.0390259,0.0390257,0.0390402,0.0390235,0.0391375,0.039024,0.0390945,0.0390235,0.10151,0.0390236,0.0390296,0.0390236,0.0390236,0.0390235,0.0390238,0.0390235,0.0390235,0.0390237
0.0388526,0.0388527,0.0388525,0.0388526,0.0388525,0.0388533,0.0388531,0.0388526,0.0388525,0.105345,0.0388525,0.0388529,0.0388525,0.0388526,0.0388525,0.0390632,0.0388534,0.0388526,0.0388542,0.0388531,0.0393714,0.0391641,0.0388525,0.0388526
0.0388762,0.0389517,0.0388769,0.0388784,0.0388762,0.0388794,0.0388761,0.0388787,0.0388761,0.0388761,0.0388761,0.0389332,0.0388761,0.0388761,0.0388761,0.0388762,0.0388761,0.0388761,0.0388761,0.0389086,0.0388761,0.0388765,0.0388761,0.105675
0.038889,0.0399703,0.0388909,0.0427628,0.038889,0.0388926,0.038889,0.0388891,0.038889,0.0388894,0.038889,0.0388904,0.038889,0.0401595,0.038889,0.0388899,0.038889,0.038889,0.0388891,0.0991804,0.038889,0.0388978,0.0388904,0.039017
0.0388386,0.0388371,0.0388371,0.0388442,0.0388371,0.0388374,0.0388371,0.0389284,0.0388372,0.105546,0.0388371,0.0399297,0.0388371,0.0388371,0.0388371,0.0388384,0.0388371,0.0388371,0.0388372,0.0388371,0.0388371,0.0388427,0.0388371,0.0388371
0.038889,0.0388801,0.0389014,0.0388801,0.0388818,0.0388801,0.0388801,0.0388801,0.0388801,0.0388802,0.0388802,0.0388803,0.0388801,0.0388801,0.105681,0.0388817,0.0388952,0.0388801,0.0388804,0.0388801,0.0389073,0.0388804,0.0388803,0.0388801
0.0374465,0.0374465,0.0374466,0.0374466,0.037447,0.0374468,0.0374484,0.0374466,0.0374509,0.0374465,0.0374539,0.0374465,0.0374466,0.0374465,0.0740558,0.0374882,0.101751,0.0374465,0.0374475,0.0374465,0.0374486,0.0374466,0.0377568,0.0374465
0.0388522,0.0388525,0.0388529,0.0388522,0.0388522,0.0388551,0.0388522,0.10561,0.0388522,0.0388524,0.0389845,0.0388522,0.0388522,0.0388522,0.0388522,0.0388522,0.0388633,0.0388523,0.038928,0.0388522,0.038853,0.0394179,0.0388522,0.0388522
0.038842,0.0388417,0.0388435,0.0388417,0.0388424,0.0388417,0.038879,0.0388417,0.0388419,0.0388417,0.0388419,0.0388417,0.0400332,0.0388417,0.0388417,0.0388417,0.038864,0.0388417,0.105385,0.0388417,0.0388419,0.0388419,0.0388437,0.0388417
0.0388816,0.0388817,0.0388816,0.0388816,0.0388816,0.0388826,0.0388816,0.0388816,0.0388942,0.0388817,0.0388816,0.0388816,0.0388816,0.038902,0.0388816,0.105527,0.0388819,0.038912,0.0388816,0.0389947,0.0388834,0.0388983,0.0388818,0.0388817
0.0388469,0.0388469,0.0388469,0.0388469,0.0388469,0.038847,0.0388472,0.0388469,0.0388488,0.04,0.0388469,0.0388496,0.0388527,0.0388471,0.0388473,0.038847,0.0388469,0.0388469,0.0388469,0.0388469,0.0388473,0.105354,0.0388489,0.0388472
0.0388879,0.0388879,0.038888,0.0388971,0.038888,0.0388879,0.0388879,0.0388879,0.0388879,0.038888,0.0388879,0.0388896,0.0388885,0.0388879,0.0388984,0.0388897,0.0388882,0.0389051,0.0388879,0.0388879,0.0388879,0.105535,0.0388899,0.0388879
0.0388642,0.0388669,0.038883,0.0389096,0.105642,0.0388642,0.0388642,0.0388642,0.0391348,0.0388642,0.0388668,0.0388645,0.0388678,0.0388646,0.0388642,0.0388642,0.0390011,0.0388643,0.0388642,0.0388642,0.0388642,0.0388642,0.0388646,0.0388642
0.0381333,0.0381333,0.0381335,0.0381333,0.0575599,0.0381352,0.0381519,0.0381333,0.0381462,0.0381333,0.0382584,0.0381337,0.103329,0.0381333,0.0381334,0.0381333,0.0381383,0.0381333,0.0381438,0.0381334,0.0381335,0.0381336,0.0381359,0.0381333
0.038668,0.0388985,0.038668,0.038668,0.038668,0.0386681,0.038668,0.038668,0.038668,0.0386763,0.0386681,0.0386735,0.038668,0.0439804,0.038668,0.0386713,0.038668,0.0386681,0.038668,0.0386711,0.038668,0.0386681,0.038668,0.105073
0.0388982,0.0388982,0.0388982,0.0388982,0.0388982,0.0388982,0.0388982,0.0388982,0.105313,0.0388982,0.0388982,0.0388982,0.0389172,0.0388982,0.0388982,0.0389022,0.0388982,0.0388982,0.0388982,0.0388982,0.0388982,0.0388982,0.0389032,0.0388982
0.0388813,0.0388811,0.0388812,0.0389001,0.0388811,0.0388813,0.0388811,0.0388811,0.0388811,0.0388981,0.0388811,0.038882,0.0388814,0.0388811,0.0388811,0.0388811,0.0388811,0.0388811,0.0388811,0.0388811,0.0388817,0.105684,0.0388811,0.0388928
0.0388637,0.0390403,0.0388677,0.105642,0.0388637,0.0388637,0.0388637,0.0388712,0.0388637,0.0389,0.038864,0.0388637,0.0388637,0.03887,0.0388637,0.0388637,0.0388908,0.0390949,0.0388638,0.0388637,0.0388637,0.0388642,0.0388638,0.0388662
0.0388751,0.0388762,0.0388754,0.0388762,0.0388751,0.0388751,0.0388751,0.0388761,0.0388751,0.105674,0.0388751,0.0388751,0.0388751,0.0388751,0.0390671,0.0388752,0.0388751,0.0388783,0.0388752,0.0388751,0.0388751,0.0388751,0.0388751,0.0388751
0.0388812,0.0388812,0.0388812,0.0388812,0.0388835,0.0388812,0.0388812,0.0388812,0.105576,0.0388812,0.0388812,0.0388812,0.0389135,0.0388812,0.0389721,0.038883,0.0388885,0.0388812,0.0389015,0.0388812,0.0388812,0.0388812,0.0388826,0.0388812
0.0388891,0.0388891,0.105443,0.0388891,0.0388943,0.0388891,0.0388894,0.0388891,0.0388949,0.0388891,0.0389711,0.0388891,0.0388892,0.0388891,0.0388891,0.0388891,0.0388891,0.0388891,0.0388917,0.0388891,0.0388891,0.0388891,0.0389008,0.0388891
0.0388846,0.105645,0.0388846,0.0388845,0.0388845,0.0388856,0.0388845,0.0388859,0.0388855,0.0388846,0.0388845,0.0388892,0.0388845,0.0388847,0.0388863,0.0388845,0.0388845,0.0388845,0.0388846,0.0388852,0.0388845,0.0388847,0.0388845,0.0388846
0.0383291,0.0383382,0.0383291,0.0525704,0.0383291,0.0383292,0.0383291,0.0383293,0.0383291,0.104141,0.0383291,0.0383291,0.0383291,0.0383291,0.0383291,0.0383356,0.0383291,0.0383292,0.0383293,0.0383291,0.0383291,0.0383607,0.0383293,0.0383291
0.0388723,0.0388723,0.0388737,0.0388723,0.10564,0.0388738,0.0388726,0.0388724,0.0388723,0.0388723,0.0389846,0.0388724,0.0389917,0.0388723,0.0388723,0.0388723,0.0388725,0.0388723,0.0389142,0.0388725,0.0388725,0.0388922,0.0388726,0.0388723
0.0387294,0.0387294,0.0387302,0.0387309,0.0387294,0.0387294,0.0387294,0.0387294,0.0387294,0.038784,0.0387294,0.038859,0.0387294,0.0424398,0.0387294,0.0387296,0.0387294,0.0387317,0.0387294,0.0387304,0.0387294,0.0387478,0.0387644,0.10527
0.0387697,0.0387698,0.105372,0.0387697,0.0416596,0.0387699,0.0387697,0.0387697,0.0387709,0.0387697,0.0387944,0.0387697,0.0387708,0.0387697,0.0387705,0.0387697,0.0387698,0.0387698,0.0387754,0.0387698,0.0387697,0.0387697,0.0387698,0.0387697
0.0388225,0.0388226,0.0388357,0.0388225,0.0389742,0.0388225,0.0388225,0.0388225,0.0388261,0.0388227,0.105429,0.0388227,0.0388225,0.0388225,0.0388225,0.0388227,0.0388226,0.0388225,0.0394642,0.0388225,0.0388225,0.0388225,0.0396647,0.0388225
0.038879,0.038879,0.0388822,0.0388802,0.038879,0.0388791,0.038879,0.038879,0.038879,0.0388796,0.038879,0.0388921,0.0388802,0.038879,0.038879,0.038879,0.038879,0.0389304,0.038879,0.0388796,0.0388827,0.105679,0.038879,0.0389083
0.0382714,0.0470461,0.0382746,0.0382721,0.0383774,0.0391009,0.0382789,0.0382714,0.0382719,0.0382714,0.038273,0.0383792,0.0382714,0.0565695,0.0382713,0.0382924,0.0382713,0.0382714,0.0382717,0.090097,0.0382713,0.0382714,0.0382902,0.0397626
0.0371313,0.0814039,0.0372978,0.0371319,0.0371587,0.0375449,0.0371653,0.0371356,0.0371342,0.0371313,0.0371313,0.037132,0.0371333,0.0372117,0.0371313,0.0371319,0.0371313,0.0371313,0.0371455,0.100923,0.0371684,0.0371319,0.0371314,0.0371313
0.0399754,0.0399779,0.0528284,0.0399753,0.0630631,0.0402806,0.0399753,0.0399753,0.0399755,0.0399753,0.0399757,0.0399833,0.0399759,0.0399753,0.0399753,0.0399753,0.0399754,0.0399753,0.0443092,0.0399754,0.0399754,0.0399753,0.0399754,0.0399755
0.0386634,0.0426435,0.0386637,0.0405091,0.0386634,0.0386637,0.0386634,0.0386634,0.0386637,0.0386634,0.0386634,0.0386634,0.0386634,0.104868,0.0386634,0.0386656,0.0386634,0.0386634,0.0386634,0.0386655,0.0386634,0.0386636,0.0386734,0.0386964
0.0388988,0.0389031,0.0389028,0.0388988,0.0389043,0.0389,0.0388988,0.0388988,0.0389069,0.0389008,0.0388988,0.0388988,0.0388988,0.0389326,0.0388988,0.102433,0.0388988,0.0389131,0.0388991,0.0416825,0.0389085,0.0388996,0.0389041,0.0389208
0.0388826,0.0388826,0.0388826,0.0388897,0.0388826,0.0388827,0.0388826,0.0388841,0.0388827,0.105684,0.0388826,0.038883,0.0388826,0.0388827,0.0388864,0.0388831,0.0388826,0.0388836,0.0388826,0.0388826,0.0388826,0.038884,0.0388826,0.0388829
0.0384744,0.0479799,0.0384778,0.0394867,0.0384744,0.0384747,0.0384744,0.0384744,0.0384744,0.0384937,0.0384744,0.0384751,0.0384744,0.104535,0.0384744,0.0384746,0.0384744,0.0384745,0.0384744,0.0384763,0.0384744,0.0384744,0.0384744,0.0384849
0.0370814,0.0370952,0.0370805,0.0370803,0.0370849,0.0370804,0.0370836,0.0999413,0.0370803,0.0370803,0.0701813,0.0370803,0.0370807,0.0370803,0.0371022,0.0370803,0.0501356,0.0370819,0.0380868,0.0370805,0.0370803,0.0370804,0.0370804,0.0370808
0.0388649,0.0388696,0.0388656,0.0389923,0.038865,0.038865,0.0388649,0.0388649,0.0388649,0.0389341,0.0388657,0.038865,0.0388649,0.0388651,0.0388649,0.0388651,0.0388649,0.104285,0.0388649,0.0388655,0.0388665,0.0388751,0.038865,0.0404713
0.0387757,0.0387757,0.038777,0.0413808,0.0387757,0.0387757,0.0387758,0.0388927,0.0387757,0.105403,0.0387757,0.0387757,0.0387757,0.0387759,0.0387783,0.0387758,0.0387757,0.0388043,0.0387758,0.0387757,0.0387757,0.0387758,0.0387757,0.0387757
0.0382982,0.0382986,0.0383044,0.0993235,0.0382982,0.0382983,0.0382982,0.0382983,0.0382983,0.0383395,0.0382982,0.0383014,0.0382982,0.0574697,0.0382982,0.0382983,0.0382982,0.038299,0.0383025,0.038887,0.0382983,0.0382983,0.0382987,0.0382982
0.0372211,0.0372228,0.0372378,0.100969,0.0372211,0.0372211,0.0372211,0.0372213,0.0372211,0.0373019,0.0372211,0.0372211,0.0372211,0.0800562,0.0372211,0.0372212,0.0372211,0.0372235,0.0372261,0.0372247,0.0372211,0.0372212,0.0372214,0.0372212
0.0386907,0.0387139,0.038691,0.0387107,0.0386914,0.0386907,0.0386907,0.0386907,0.0386907,0.0386907,0.0386907,0.0386921,0.0386907,0.104876,0.0386907,0.0386907,0.0386907,0.0386908,0.0386907,0.0394345,0.0386908,0.038691,0.0386909,0.0431386
0.0387807,0.0387807,0.0387807,0.0387833,0.0390424,0.0387809,0.0387807,0.0387816,0.0388207,0.0387807,0.042079,0.0387822,0.03947,0.0387807,0.0387807,0.0387807,0.0388016,0.0387807,0.103709,0.0387807,0.0387967,0.0387811,0.0387838,0.0387807
0.0387384,0.0387384,0.0387384,0.0387694,0.0387384,0.0388066,0.105052,0.0387508,0.0387384,0.0387518,0.0387384,0.039463,0.0387385,0.0387387,0.0387384,0.0387862,0.0387384,0.0387384,0.0389211,0.0390537,0.0387397,0.0389503,0.0410947,0.0387384
0.0399379,0.0399631,0.039938,0.039938,0.039943,0.0812819,0.0399612,0.0399378,0.0399381,0.0399378,0.0399378,0.0399838,0.0399379,0.0399378,0.039938,0.0399634,0.0399378,0.0399378,0.0399378,0.0399378,0.0399408,0.0399382,0.0399379,0.0399562
0.0384229,0.0384227,0.0384227,0.0384227,0.0384227,0.0384227,0.104443,0.0384227,0.0384784,0.0384227,0.0384227,0.0384227,0.0491207,0.0384227,0.0384227,0.0384235,0.0384227,0.0384228,0.0384227,0.0384227,0.0386103,0.0384227,0.0384233,0.0393149
0.038526,0.0385273,0.038526,0.038526,0.038526,0.038527,0.038526,0.0385262,0.0385263,0.0534796,0.038526,0.0984709,0.038526,0.0389056,0.0385375,0.038529,0.038526,0.0385289,0.038526,0.038526,0.0385273,0.0386025,0.038526,0.0385262
0.0388729,0.038875,0.0388773,0.0388753,0.0388729,0.0434377,0.0388768,0.0388865,0.0388729,0.0388732,0.0388729,0.0394605,0.0388729,0.0390303,0.0388729,0.0388729,0.0388729,0.0388729,0.0388737,0.100295,0.0388729,0.0388737,0.0388729,0.0391633
0.0388486,0.038848,0.0388482,0.0388478,0.0388733,0.0388808,0.103827,0.0391139,0.0388479,0.0388479,0.0388478,0.0399422,0.0388498,0.0388478,0.0388478,0.0388478,0.0388479,0.0388478,0.0388816,0.0400597,0.0388478,0.0388526,0.0388478,0.038848
0.0386367,0.038712,0.0386372,0.0386384,0.0386367,0.0387395,0.0386367,0.0386367,0.0386672,0.0386367,0.0386367,0.038648,0.0386367,0.0424051,0.0386367,0.0412132,0.0386367,0.0386367,0.0386369,0.104707,0.0386367,0.0386369,0.0386381,0.0387168
0.0390498,0.03905,0.0390499,0.0390498,0.0390521,0.0390498,0.0390498,0.0390498,0.0394577,0.039051,0.039361,0.0390499,0.0390498,0.0390498,0.0390656,0.0390499,0.0390518,0.0391204,0.0390498,0.0390498,0.0394728,0.0390498,0.10062,0.0390498
0.0388723,0.0388727,0.0388726,0.0388723,0.0388729,0.0388723,0.0391316,0.0388728,0.0388726,0.0388723,0.0388751,0.0388723,0.0388725,0.0388723,0.0388741,0.0388723,0.105641,0.0388723,0.0388723,0.0388723,0.0389024,0.0388723,0.0388723,0.0388723
0.0388818,0.105691,0.0388817,0.0388825,0.0388822,0.0388851,0.0388817,0.0388819,0.0388947,0.0388844,0.0388817,0.0388817,0.0388817,0.0388817,0.0388817,0.0388821,0.0388817,0.0388817,0.0388817,0.0388904,0.0388817,0.0388817,0.0388817,0.0388817
0.0377154,0.0377156,0.0377154,0.0377166,0.0377154,0.0377162,0.0377154,0.0377154,0.0377156,0.0412625,0.0377154,0.0377154,0.0377154,0.0377209,0.0377154,0.102439,0.0380266,0.037731,0.0377866,0.0638302,0.0377309,0.0377385,0.0377159,0.0377156
0.0388026,0.0387969,0.038797,0.0387969,0.0387969,0.0387975,0.0387969,0.0387969,0.0387969,0.0387995,0.0387969,0.0388094,0.0387969,0.0387969,0.0387969,0.0387993,0.0387969,0.038797,0.0389664,0.0408109,0.0387995,0.10546,0.0387969,0.0387973
0.0374266,0.0374997,0.0374268,0.0374266,0.0374266,0.0374275,0.0374266,0.0437583,0.0374274,0.101732,0.0374266,0.0374266,0.0374266,0.0684456,0.0374566,0.0374271,0.0374266,0.0374267,0.0374266,0.0374266,0.0374266,0.0374266,0.0374266,0.0374266
0.0388839,0.0388839,0.0388839,0.0388839,0.0388839,0.0388849,0.0388883,0.0388839,0.0388839,0.0388973,0.0388839,0.038884,0.0388842,0.0388839,0.0388839,0.0388839,0.0388839,0.0388839,0.0388839,0.038884,0.038888,0.10564,0.0388839,0.0388916
0.038995,0.0389968,0.0390019,0.0389948,0.0389949,0.0389948,0.0389949,0.0389949,0.0395246,0.0390702,0.03903,0.0389949,0.0389964,0.0389948,0.0390948,0.0389948,0.0390003,0.0389953,0.0389948,0.0389948,0.0394005,0.0390066,0.101944,0.0389948
0.0372861,0.0372835,0.0372835,0.0372835,0.0372835,0.0372835,0.0381443,0.0372835,0.0372835,0.037295,0.0372835,0.0372835,0.0372836,0.0372835,0.0724817,0.0437959,0.0998673,0.0372835,0.0373044,0.0372835,0.0372849,0.0372839,0.0372873,0.0372835
0.0410808,0.0410808,0.0410808,0.0410807,0.0410809,0.0411414,0.0410808,0.0410808,0.0410834,0.0410807,0.0413527,0.0412495,0.0448195,0.0410807,0.0410812,0.0410809,0.0411747,0.0410807,0.0487061,0.0410873,0.0410815,0.0410813,0.043172,0.0410808
0.0388963,0.0388766,0.0388767,0.0388766,0.0388774,0.0391035,0.0388769,0.0388993,0.0391888,0.0388766,0.038877,0.105112,0.0388776,0.0388766,0.0388874,0.0388767,0.038979,0.0388766,0.0388788,0.0388769,0.0388766,0.0388988,0.0388767,0.0388801
0.0388024,0.0402581,0.0388023,0.0388023,0.0388024,0.0388027,0.0388023,0.0388023,0.0388097,0.0388031,0.0388023,0.105474,0.0388023,0.0393284,0.0388023,0.0388023,0.0388023,0.0388023,0.0388023,0.0388475,0.0388023,0.0388025,0.0388023,0.0388393
0.0388803,0.0388803,0.0389125,0.0388803,0.0388804,0.0388803,0.0388803,0.0388803,0.0388803,0.0389092,0.0388806,0.0388803,0.0388818,0.0388803,0.0388807,0.0388804,0.0388803,0.0388803,0.0388806,0.0388803,0.105687,0.038881,0.0388813,0.0388803
0.0385928,0.0460274,0.038593,0.104903,0.0385929,0.0385929,0.0385928,0.038593,0.0385929,0.0386008,0.0385928,0.0385929,0.0385928,0.0385989,0.0385928,0.038593,0.0385929,0.0385989,0.0385939,0.038598,0.0385929,0.0385928,0.0385929,0.038593
0.0388765,0.0388765,0.0388765,0.0388768,0.0388766,0.0388765,0.0388766,0.0388766,0.0388765,0.0388898,0.0388773,0.0388986,0.0388765,0.0388765,0.0388765,0.0388766,0.0388765,0.105677,0.0388765,0.0388908,0.0388767,0.0389886,0.0388766,0.0388766
0.036977,0.0465864,0.0369773,0.0370351,0.0369798,0.0369784,0.036977,0.036977,0.0369771,0.0369787,0.036977,0.036986,0.036977,0.0891372,0.036977,0.0369802,0.036977,0.03698,0.0369773,0.0409432,0.0369781,0.036977,0.036977,0.0837123
0.038831,0.0388311,0.0388316,0.038831,0.0400964,0.0388336,0.0388352,0.038831,0.0388325,0.038831,0.0388351,0.0388312,0.0388966,0.0388311,0.0388322,0.0388323,0.105538,0.038831,0.0388312,0.038831,0.038831,0.0388313,0.0388321,0.038831
0.0389359,0.0389498,0.0388642,0.038864,0.0388643,0.105643,0.0388651,0.0388642,0.0388641,0.0388641,0.038864,0.0388698,0.0388641,0.0388805,0.0388643,0.0391657,0.0388641,0.038864,0.0388643,0.0388641,0.038864,0.0388641,0.038864,0.0388641
0.0385723,0.0430037,0.104841,0.0385722,0.0420984,0.0385983,0.0385722,0.0385722,0.0385725,0.0385722,0.0385734,0.0385727,0.0385722,0.0385765,0.0385723,0.0385722,0.0385722,0.0385722,0.0385758,0.0385722,0.0385757,0.0385722,0.0385731,0.0385725
0.0365529,0.0365529,0.0365529,0.0365529,0.0365611,0.0365529,0.0365529,0.0365529,0.0982528,0.0365529,0.0365529,0.0365529,0.0365529,0.0365529,0.0365529,0.037828,0.0365529,0.0365529,0.0963,0.0365529,0.0365529,0.0365529,0.0365529,0.0365529
0.0389159,0.038916,0.0389169,0.0389159,0.0389162,0.0389159,0.0389159,0.0389159,0.104841,0.0389159,0.038916,0.0389159,0.0389166,0.0389159,0.0389189,0.0389165,0.0389869,0.038924,0.038923,0.0389159,0.0389162,0.0389159,0.0389165,0.0389159
0.0368257,0.0368259,0.0368265,0.0368425,0.0368257,0.0368257,0.0368257,0.0368257,0.0368257,0.036826,0.0368257,0.0368338,0.0368257,0.0984337,0.0368257,0.0368259,0.0368257,0.0368258,0.0368257,0.0368724,0.0368257,0.0368268,0.0368439,0.0913081
0.0388766,0.0388782,0.0389497,0.0388766,0.105677,0.0388965,0.0388766,0.0388766,0.038882,0.0388766,0.0389319,0.0388768,0.0388766,0.0388808,0.0388773,0.0388766,0.0388766,0.0388766,0.0388766,0.0388768,0.0388774,0.0388766,0.0388766,0.0388766
0.0389419,0.0389423,0.0389443,0.0390648,0.0389419,0.038958,0.0389419,0.0389423,0.0389419,0.038942,0.0389419,0.0389446,0.0389419,0.0395897,0.0389419,0.0389488,0.0389419,0.0389424,0.0389632,0.103275,0.0389437,0.0389648,0.0389421,0.0391563
0.0388811,0.0388811,0.0388811,0.0388811,0.0388811,0.0388811,0.0388811,0.0388811,0.0388813,0.0388826,0.0388812,0.0388811,0.0388965,0.0388811,0.0388979,0.0388811,0.0388811,0.0388811,0.0388816,0.0388811,0.105672,0.0388835,0.0389065,0.0388811
0.0388759,0.0388759,0.038886,0.0388759,0.038876,0.0388759,0.0388763,0.0388759,0.0388767,0.0388759,0.0388759,0.10565,0.0388759,0.0388926,0.0388925,0.0388792,0.0388759,0.0388775,0.0388759,0.0388965,0.038893,0.0389856,0.0388759,0.0388841
0.0367935,0.0367928,0.0367929,0.0367935,0.0367928,0.100012,0.0367928,0.036793,0.0367928,0.0367928,0.0367928,0.0367928,0.0367928,0.0367932,0.0367958,0.0905085,0.036793,0.0367928,0.0367936,0.0367948,0.0367928,0.0368229,0.0367928,0.0367928
0.0370215,0.0370388,0.0842387,0.0370215,0.0370215,0.100634,0.0370215,0.0370403,0.0375803,0.0370215,0.0370215,0.0370231,0.0370755,0.0370215,0.0370215,0.0370215,0.0370218,0.0370215,0.0370215,0.0370215,0.0370215,0.0370249,0.0370215,0.0370215
0.0384428,0.0384428,0.038443,0.0496423,0.0384428,0.0384428,0.0384428,0.0384429,0.0384428,0.104046,0.0384428,0.0384444,0.0384428,0.0384428,0.0384429,0.0384437,0.0384429,0.038854,0.0384429,0.0384428,0.0384445,0.0384538,0.0384429,0.038586
0.0396883,0.0396884,0.0396912,0.0396885,0.0396884,0.0396883,0.0397185,0.0396883,0.0396883,0.0396883,0.0396885,0.0396883,0.0399495,0.0396883,0.0396883,0.0396891,0.0396883,0.0401254,0.0396883,0.0864189,0.0397054,0.0396883,0.0396883,0.0396885
0.0388798,0.0388798,0.105293,0.0388818,0.0390471,0.0388833,0.0388798,0.0388798,0.038887,0.0388798,0.0388798,0.0388798,0.0388805,0.0389193,0.0388798,0.0388798,0.0388798,0.0388798,0.0388812,0.0388798,0.0391027,0.03888,0.0389065,0.03888
0.0399726,0.0399726,0.0399743,0.0399781,0.0399726,0.0399782,0.0399727,0.0399726,0.0399726,0.0399736,0.0399732,0.0399782,0.0399726,0.039973,0.0399726,0.0401557,0.0399727,0.0400355,0.0399726,0.0400452,0.0399785,0.0796247,0.0406122,0.0399936
0.0388679,0.0388678,0.0388681,0.0392167,0.0388678,0.0388695,0.0388678,0.0388754,0.0388678,0.038868,0.0388678,0.0388678,0.038868,0.0388678,0.0388678,0.0388678,0.0388678,0.0388685,0.0388678,0.038868,0.0388737,0.105647,0.0388678,0.0388956
0.0388935,0.0388935,0.0388935,0.0388935,0.0389655,0.0389271,0.105264,0.0388935,0.0388935,0.038894,0.0388935,0.0388935,0.0389419,0.0388935,0.0388935,0.0389226,0.0388935,0.0388935,0.0388938,0.0388935,0.0388935,0.0388935,0.038895,0.0388935
0.0388824,0.0388825,0.0388869,0.0388824,0.0388844,0.0388824,0.0388824,0.0388824,0.105693,0.0388824,0.0388824,0.0388824,0.0388825,0.0388824,0.0388825,0.0388828,0.0388842,0.0388824,0.0388824,0.0388824,0.0388857,0.0388824,0.0388824,0.0388824
0.0387855,0.0387855,0.0387868,0.0387856,0.0387955,0.0387857,0.0387928,0.0387855,0.0387857,0.0387855,0.0387855,0.0387855,0.10502,0.0387855,0.038786,0.0387855,0.0390722,0.0387855,0.0413656,0.0387855,0.0388114,0.0387857,0.0387863,0.0387856
0.0386368,0.0386369,0.0386371,0.0386371,0.0386368,0.0386382,0.0386368,0.0386368,0.0386368,0.038637,0.0386368,0.0394049,0.0386368,0.0386868,0.0386368,0.0386369,0.0386368,0.0386368,0.0386368,0.0440486,0.0386368,0.0387642,0.0386368,0.104994
0.0390295,0.0391271,0.03903,0.0390438,0.0390339,0.0390302,0.0390295,0.0390302,0.0390299,0.0390299,0.0390295,0.0390313,0.0390295,0.101535,0.0390295,0.0390297,0.0390295,0.0390295,0.0390359,0.0390501,0.0390295,0.0390295,0.0390344,0.0396633
0.0389346,0.0389346,0.0391047,0.0389346,0.0389406,0.0389346,0.0389346,0.0389346,0.0389346,0.0389346,0.0389378,0.0389346,0.0389348,0.0389346,0.0389348,0.0389346,0.0389384,0.0389346,0.104279,0.0389346,0.0389746,0.0389365,0.0389348,0.0389346
0.0384095,0.0384091,0.038514,0.0384092,0.038438,0.0384091,0.0384096,0.0384091,0.0384099,0.0384091,0.0384094,0.0384091,0.104383,0.0384091,0.0384091,0.0384091,0.0384092,0.0384091,0.050477,0.0384091,0.0384127,0.0384091,0.0384091,0.0384091
0.0385489,0.0385489,0.0388069,0.0468083,0.0385489,0.0385489,0.0385501,0.038549,0.038549,0.038549,0.038549,0.0385489,0.0385506,0.0385489,0.0385532,0.038549,0.104776,0.0385589,0.0385704,0.0385489,0.0385489,0.0385498,0.0385908,0.0385489
0.0388938,0.0388938,0.038894,0.0388938,0.0389877,0.0388947,0.039156,0.0389825,0.0388938,0.0388938,0.0389505,0.0388958,0.038905,0.0388938,0.0388979,0.0388938,0.104894,0.0388938,0.0389001,0.0388938,0.0388938,0.0388947,0.0389147,0.0388939
0.0388827,0.0388868,0.0388805,0.0388806,0.0388807,0.038881,0.0388812,0.0388861,0.0388807,0.0388821,0.0388806,0.0388809,0.0388805,0.0388807,0.0388805,0.0388939,0.0388805,0.0388828,0.0388809,0.105688,0.0388806,0.0388805,0.0388805,0.0389063
0.0388674,0.0388674,0.0388675,0.0388674,0.0388674,0.0388674,0.0388674,0.0388674,0.0388674,0.0388695,0.0388674,0.0389247,0.0388688,0.0388674,0.0388674,0.0388675,0.0388674,0.0392086,0.0388676,0.0388674,0.0389011,0.105552,0.0389286,0.0388674
0.0385893,0.0385893,0.0385894,0.0385923,0.0385893,0.0385893,0.0385893,0.0385909,0.0385893,0.104893,0.0385893,0.0385893,0.0385893,0.0385896,0.0385893,0.0390906,0.0385893,0.0405738,0.0385893,0.0385894,0.0385893,0.0386182,0.0385893,0.0436218
0.0388478,0.0388478,0.0388546,0.0388691,0.0388479,0.0388479,0.038848,0.0388478,0.0388481,0.0388479,0.0388478,0.0388479,0.0388478,0.0388478,0.0388479,0.038866,0.0388478,0.0388478,0.0388479,0.0388479,0.105443,0.0388483,0.0398574,0.0388478
0.0387224,0.0387215,0.0387215,0.0387215,0.0387215,0.0387279,0.0387234,0.0387228,0.0387421,0.0387215,0.0428561,0.105169,0.0387217,0.0387215,0.0387717,0.0387215,0.038738,0.0387215,0.0387217,0.0387215,0.0387215,0.0387229,0.0387229,0.038722
0.0388579,0.0388579,0.0388595,0.0388639,0.0388585,0.0388588,0.0388579,0.0388579,0.0388641,0.0388583,0.038868,0.0388704,0.0388584,0.0388703,0.0388579,0.0388813,0.0388594,0.038858,0.0394143,0.0388891,0.038862,0.0388613,0.105597,0.0388582
0.0415722,0.0415722,0.0415725,0.0428678,0.0415722,0.0415722,0.0415723,0.0415722,0.0415749,0.0415722,0.0415722,0.0415722,0.0415723,0.0415722,0.0415722,0.0415731,0.0415722,0.0415724,0.0415722,0.0415722,0.041585,0.0415727,0.0425263,0.0415722
0.0401146,0.0401148,0.040115,0.0401146,0.0401199,0.0401174,0.0401146,0.0401146,0.0401146,0.0401146,0.0401181,0.0401584,0.0754258,0.0401146,0.0401155,0.0401146,0.0408695,0.0401146,0.0405153,0.0401298,0.0401221,0.0403992,0.0405329,0.0401149
0.0388647,0.0388649,0.0388648,0.0388648,0.0388647,0.0388662,0.0388647,0.105644,0.0388647,0.0388648,0.0388865,0.0388647,0.0388647,0.0388647,0.0388647,0.0388654,0.0390701,0.0388672,0.0390645,0.0388647,0.0388647,0.0389004,0.0388647,0.0388647
0.0388769,0.038878,0.0388769,0.0388932,0.0388774,0.0388769,0.0388769,0.0388769,0.0388772,0.0388776,0.0388829,0.0388771,0.0388769,0.0388769,0.0388773,0.038976,0.0388771,0.10562,0.0389082,0.0389077,0.038877,0.038884,0.0388771,0.0388935
0.0392064,0.0392065,0.0399617,0.0392064,0.0958096,0.0400499,0.0392084,0.0392064,0.040025,0.0392064,0.0392089,0.0392064,0.0392064,0.0392064,0.0392064,0.0392104,0.0392064,0.0392064,0.0392234,0.0392064,0.0392064,0.0392064,0.0392064,0.0392065
0.0389097,0.0389101,0.0389095,0.0389104,0.0389096,0.10481,0.0389101,0.039173,0.0389095,0.0389094,0.0389094,0.0389117,0.0389094,0.0389139,0.0389094,0.0389095,0.0389095,0.0389094,0.0389094,0.0389094,0.0389094,0.0389094,0.0389094,0.0389095
0.0382629,0.0382635,0.0382647,0.0382629,0.0382634,0.103989,0.0384051,0.0382639,0.0382659,0.0382629,0.0382629,0.0539001,0.0382687,0.0382642,0.038263,0.038263,0.0382629,0.0382629,0.0382629,0.0382629,0.0382629,0.0384323,0.038263,0.0382645
0.0390066,0.0389419,0.0389258,0.038958,0.0389258,0.104421,0.0389258,0.0390073,0.0389258,0.0389258,0.0389258,0.0389275,0.0389293,0.0389258,0.0389258,0.0389258,0.0389258,0.0389258,0.0389258,0.0389258,0.0389258,0.0389964,0.0389258,0.0389258
0.041132,0.0411331,0.041132,0.0411335,0.041132,0.0411327,0.041132,0.041132,0.041132,0.041216,0.041132,0.041132,0.041132,0.0411323,0.0411322,0.042971,0.041132,0.0519742,0.0411322,0.0411333,0.0411321,0.0411331,0.0411324,0.0411919
0.0388501,0.0388501,0.0388501,0.0388504,0.0388502,0.0389276,0.0388514,0.0388501,0.0395711,0.0388514,0.0388501,0.0388503,0.0388501,0.0388582,0.0388522,0.105604,0.0388501,0.0388503,0.0388503,0.0388506,0.0388504,0.0388515,0.03886,0.038869
0.0408986,0.0408994,0.0495697,0.0408985,0.0423254,0.041184,0.0409135,0.0408985,0.0408988,0.0408985,0.0409006,0.0408999,0.0409012,0.0408985,0.0408985,0.0408985,0.0409003,0.0408985,0.04834,0.0414849,0.0408985,0.0408985,0.0408988,0.0408985
0.0388995,0.0388995,0.0388995,0.0388995,0.0388996,0.0388996,0.0389766,0.0388995,0.103143,0.0388995,0.0388995,0.0388995,0.0395743,0.0388995,0.0389002,0.0402808,0.0389238,0.0388995,0.0388995,0.0388995,0.0389098,0.0388995,0.0388995,0.0388995
0.038783,0.0387831,0.0413395,0.038783,0.0387831,0.105423,0.038788,0.0387831,0.0387832,0.038783,0.038783,0.038783,0.0387831,0.038783,0.038783,0.0387834,0.038783,0.0387851,0.038783,0.038783,0.038783,0.0387866,0.038783,0.038783
0.0388795,0.03888,0.0388841,0.105685,0.0388795,0.03888,0.0388795,0.0388796,0.0388796,0.03888,0.0388795,0.0388822,0.0388795,0.0388962,0.0388795,0.0388795,0.0388796,0.0388796,0.0388797,0.038881,0.0388795,0.0388795,0.0389374,0.0388801
0.0388796,0.0388797,0.0388816,0.0390268,0.0388798,0.0388796,0.0388797,0.0388796,0.0388904,0.0388862,0.0388796,0.0388796,0.0388796,0.0388796,0.0388803,0.0388809,0.0388798,0.0388796,0.0388855,0.0388796,0.10557,0.0388797,0.0389039,0.0388796
0.0388864,0.0388865,0.0388864,0.0388958,0.0388883,0.0388864,0.0388864,0.0388864,0.0388875,0.0388864,0.0388976,0.0388864,0.0388864,0.0388864,0.0388921,0.0388866,0.105582,0.0388864,0.0388864,0.0388864,0.0388866,0.0388864,0.0388866,0.0388871
0.0386425,0.0386417,0.0386408,0.0386418,0.0386417,0.0386408,0.0386408,0.0386416,0.0386411,0.0386607,0.0386409,0.0407673,0.0386408,0.0408771,0.0386408,0.0386412,0.0386408,0.0386416,0.0386423,0.0412271,0.0386413,0.0386907,0.0386422,0.104232
0.0388713,0.0389202,0.038905,0.0388925,0.0388713,0.0389389,0.0388713,0.0388713,0.0388713,0.0388713,0.0388713,0.0388986,0.0388713,0.105643,0.0388724,0.0388718,0.0388714,0.0388718,0.0388713,0.0388728,0.038872,0.0388733,0.0388806,0.0389738
0.0389225,0.0389222,0.0389222,0.0389222,0.038923,0.0389223,0.0389328,0.0389573,0.0389224,0.0389222,0.0390018,0.0389275,0.0389595,0.0389222,0.0389458,0.0389222,0.104041,0.0389222,0.0394722,0.0389222,0.0389222,0.0389222,0.0389279,0.0389222
0.0389894,0.0389899,0.0389895,0.0389982,0.0389914,0.0389894,0.0389894,0.0389894,0.0389896,0.0389912,0.0397141,0.0389919,0.0389895,0.0389897,0.0389894,0.039002,0.0389899,0.101894,0.0389968,0.0390402,0.0389939,0.0390287,0.0389896,0.0394827
0.0388737,0.105603,0.0388738,0.0390795,0.0388735,0.0388742,0.0388736,0.0388736,0.0388739,0.0388761,0.0388735,0.0388735,0.0388735,0.0388736,0.0388735,0.0388933,0.0388735,0.0388735,0.0388735,0.0389456,0.0388735,0.0388736,0.0388735,0.0388777
