0.0388058,0.0388033,0.0388023,0.0388011,0.0388014,0.0388012,0.0388016,0.0389809,0.0388365,0.0443083,0.0401141,0.0389021,0.0388005,0.0388005,0.100215,0.0388005,0.0388662,0.0388157,0.0388006,0.0388005,0.0389008,0.0388309,0.0388091,0.0388005
0.0393767,0.0387334,0.0389925,0.0387544,0.0388694,0.038733,0.038733,0.038733,0.0388988,0.0387371,0.0388163,0.038734,0.0388076,0.038733,0.0388568,0.038733,0.0387443,0.0387331,0.038989,0.038733,0.104807,0.0388956,0.0411225,0.038733
0.0355699,0.0370902,0.0360052,0.0827182,0.03557,0.0356201,0.0355699,0.0355722,0.0355706,0.0355704,0.0355699,0.0355711,0.0355699,0.0953566,0.0355699,0.0355745,0.0355699,0.0355876,0.0355711,0.0720641,0.0355713,0.03557,0.03557,0.0364276
0.0395734,0.0394886,0.0394899,0.0394895,0.0395022,0.0394885,0.0403171,0.0394886,0.0860877,0.0394888,0.0394887,0.0394889,0.0395097,0.0394886,0.03949,0.040075,0.0395241,0.0394917,0.0394888,0.039489,0.0410997,0.039489,0.041974,0.0394885
0.037612,0.0375813,0.037582,0.0375813,0.0375814,0.0375988,0.0574497,0.0375814,0.0377339,0.0375879,0.0375813,0.0375882,0.0375836,0.0375832,0.0375814,0.102096,0.0375814,0.0378367,0.0375813,0.0505584,0.0375813,0.0375864,0.0375902,0.0377803
0.0384107,0.0383259,0.038296,0.0444949,0.0382957,0.0382957,0.0382958,0.0383053,0.0382976,0.0383138,0.0383945,0.0382957,0.0382958,0.0383017,0.0382957,0.0385633,0.0383349,0.1038,0.0382959,0.0391437,0.0382959,0.0383042,0.0460094,0.0383381
0.0383715,0.0383652,0.0385652,0.0383652,0.0413831,0.0383655,0.0385274,0.0383652,0.0383678,0.0383652,0.0390129,0.0383747,0.104184,0.0383652,0.0383656,0.0383654,0.0383764,0.0383652,0.047618,0.0383653,0.0383799,0.0383982,0.0384224,0.0383653
0.0375488,0.0375284,0.0375987,0.0375282,0.037535,0.0375285,0.037531,0.0375617,0.0375291,0.0376997,0.101634,0.0375318,0.0375289,0.0375282,0.0722463,0.0375282,0.0375974,0.0375696,0.0375502,0.0375282,0.0375285,0.0375367,0.0375744,0.0375282
0.0403016,0.0403556,0.0403207,0.0403074,0.0403014,0.0410421,0.0403014,0.0404476,0.0403025,0.0421159,0.0403391,0.0662161,0.0403014,0.0403161,0.0406779,0.0403087,0.0403014,0.0429772,0.0403014,0.0403057,0.0403022,0.0410053,0.0403014,0.0405497
0.0382336,0.0382188,0.0555638,0.0382784,0.0382193,0.038219,0.0382222,0.0382337,0.0382188,0.0382193,0.0382914,0.038219,0.0389552,0.038219,0.0382523,0.0382188,0.0385597,0.0382194,0.10168,0.0382188,0.0382216,0.0387651,0.038334,0.0382188
0.0385992,0.03859,0.038602,0.0385899,0.0386051,0.0386727,0.0517719,0.03859,0.0389281,0.0385904,0.0385899,0.0385979,0.038604,0.0385909,0.0385899,0.0976363,0.0385899,0.0386,0.03859,0.0397027,0.03859,0.0385928,0.0385932,0.0385931
0.0386726,0.0385543,0.0428107,0.0385985,0.0385582,0.0385549,0.0385546,0.0385543,0.03858,0.0385545,0.0385557,0.038587,0.0388823,0.0385555,0.0385561,0.0385545,0.0385548,0.0385544,0.0386902,0.0385543,0.104414,0.0419256,0.0390686,0.0385543
0.0390739,0.0390727,0.0390726,0.0390727,0.039078,0.0390727,0.0949865,0.0423954,0.039079,0.0390792,0.0392379,0.0390726,0.0391052,0.0390726,0.0391306,0.0390785,0.041357,0.0390939,0.039391,0.0390726,0.0390726,0.0390728,0.039187,0.0390726
0.0564538,0.0368237,0.0384843,0.0376737,0.0368237,0.0368237,0.0368239,0.0368237,0.0370014,0.0368251,0.0368245,0.0368238,0.0368251,0.0368253,0.0368238,0.0368635,0.0368303,0.0369438,0.0368242,0.0368238,0.0701674,0.0368725,0.0971712,0.0368237
0.0381373,0.0554083,0.0381373,0.0381399,0.0381457,0.0389896,0.0381426,0.103448,0.0381378,0.0383963,0.0381414,0.0381779,0.0381373,0.0381382,0.0389598,0.0381373,0.0382006,0.0381801,0.038139,0.0381394,0.0381373,0.0381375,0.0381373,0.0381546
0.0475382,0.0374511,0.0397011,0.0374911,0.0374516,0.0374511,0.0374511,0.0374511,0.0375298,0.0374533,0.0374792,0.037452,0.0374779,0.0374516,0.0374515,0.0374522,0.0374517,0.0374524,0.0374597,0.0374511,0.0998142,0.0377473,0.0634388,0.0374511
0.0376516,0.0376391,0.0376514,0.0376958,0.0376416,0.0376391,0.0376401,0.0376817,0.0376391,0.0376402,0.0383943,0.0376391,0.0420385,0.0376391,0.0376415,0.0376391,0.0641198,0.0376398,0.10219,0.0376391,0.0376393,0.0376607,0.0379614,0.0376391
0.038185,0.0381729,0.038454,0.0381729,0.0433972,0.038203,0.102162,0.038173,0.0521946,0.038173,0.0381773,0.0381733,0.038213,0.0381729,0.0382739,0.0382957,0.0381731,0.0381731,0.0381747,0.0381737,0.0381734,0.0381729,0.0381925,0.0381729
0.0387621,0.0387982,0.0387624,0.0390617,0.0387621,0.0388224,0.0387641,0.105162,0.0387621,0.0407454,0.0387634,0.0387624,0.0387621,0.0387761,0.0388019,0.0387621,0.0388824,0.0387854,0.0394823,0.0387622,0.0387621,0.0387645,0.0387621,0.0387681
0.0385689,0.0385419,0.0385419,0.0385562,0.0385444,0.0385417,0.0385448,0.0385553,0.0386143,0.0385444,0.0394092,0.0385417,0.0385683,0.0385417,0.0396117,0.0385418,0.104545,0.0385621,0.0390603,0.0385417,0.0386977,0.0385424,0.0447405,0.0385417
0.0800689,0.0371637,0.0371947,0.0372595,0.0371637,0.0371637,0.0372185,0.0371637,0.0372765,0.0371654,0.0372276,0.0371637,0.0372392,0.037164,0.0371637,0.0373779,0.0371968,0.0380029,0.0371673,0.0371643,0.0371734,0.0371649,0.100792,0.0371637
0.0366142,0.036636,0.0366598,0.0366142,0.0923673,0.0366318,0.0370339,0.0366143,0.0959533,0.0366142,0.0366191,0.036966,0.0366178,0.0366142,0.041031,0.0366148,0.0366231,0.0366142,0.0366144,0.0366144,0.0374892,0.0366142,0.0366142,0.0366142
0.0438872,0.0385312,0.0385891,0.0386189,0.0385312,0.0385312,0.0385505,0.0385892,0.0385312,0.0387921,0.0411849,0.0385312,0.0385621,0.0385312,0.0385429,0.0385315,0.0417429,0.0388794,0.0589985,0.0385312,0.0385312,0.0386046,0.0811455,0.0385312
0.0381074,0.0381068,0.0381168,0.0381068,0.0515528,0.038107,0.0382068,0.038107,0.0381125,0.0381068,0.0384068,0.0381211,0.102824,0.0381068,0.0381162,0.038107,0.0389034,0.0381068,0.0441189,0.0381069,0.0381179,0.0381142,0.0381119,0.0381069
0.0383315,0.0383305,0.0386283,0.038334,0.0383304,0.0395456,0.0383319,0.0383305,0.0383543,0.0383561,0.0383302,0.1008,0.0383301,0.0383453,0.0389073,0.0383473,0.0383301,0.0383347,0.0383301,0.0383303,0.0417992,0.0502807,0.0383304,0.038331
0.0377501,0.0377786,0.0377328,0.0641724,0.0377282,0.0377302,0.0377282,0.0389052,0.0377282,0.102369,0.0377334,0.0377282,0.0377282,0.0388718,0.0377307,0.0377284,0.0377285,0.038514,0.0377698,0.0377282,0.0377282,0.0377454,0.0377314,0.0379107
0.0385358,0.0385357,0.0387961,0.0385357,0.0452203,0.0396876,0.103089,0.0385358,0.0395854,0.0385357,0.0385359,0.0389717,0.0393728,0.0385357,0.0386088,0.0386251,0.0385358,0.0385357,0.0385367,0.0385413,0.0385362,0.038536,0.0385358,0.0385357
0.0388862,0.0388689,0.0388696,0.0388691,0.038869,0.038869,0.104094,0.0389547,0.0388921,0.0388694,0.0388696,0.0388689,0.0388957,0.038869,0.0388693,0.0395467,0.0391937,0.0389908,0.0388857,0.0388712,0.038869,0.0388693,0.0394895,0.038869
0.0387539,0.104878,0.0387539,0.0387647,0.0388093,0.0403259,0.038754,0.0396997,0.0388199,0.0392464,0.0387561,0.0389453,0.0387539,0.0387669,0.0388164,0.038758,0.0387541,0.0388674,0.0387539,0.0389385,0.038755,0.0387541,0.0387539,0.0388205
0.0959795,0.0362986,0.0363445,0.0364809,0.0362986,0.0362986,0.0362986,0.0362986,0.036299,0.0369047,0.0365801,0.0363042,0.0363,0.0363002,0.0363013,0.0363213,0.0363056,0.0369709,0.0362988,0.0362986,0.0364114,0.0482999,0.0915038,0.0363023
0.0381879,0.0381921,0.0381883,0.0382629,0.0381879,0.0383313,0.0381879,0.0382068,0.0381879,0.0382708,0.0381879,0.039147,0.0381883,0.0392373,0.0381879,0.038282,0.0381879,0.0382368,0.0381881,0.039187,0.038188,0.0526883,0.0381879,0.103702
0.0391462,0.0386833,0.0387649,0.038684,0.0386835,0.0386832,0.0386856,0.0387278,0.0386833,0.0387338,0.104688,0.0386832,0.0387076,0.0386833,0.0387174,0.0386832,0.0386996,0.0387528,0.0391428,0.0386832,0.0386833,0.0386908,0.0430262,0.0386833
0.0386494,0.0386342,0.0427957,0.038744,0.0390665,0.0386343,0.0386352,0.0386352,0.0386342,0.0386349,0.0386692,0.0386342,0.0401691,0.0386354,0.0386364,0.0386342,0.0387535,0.0386342,0.10488,0.0386342,0.038644,0.038637,0.0387414,0.0386342
0.0387759,0.039017,0.0387771,0.0388625,0.0387763,0.0404775,0.0387777,0.105287,0.0387759,0.0388272,0.0387773,0.0387846,0.0387759,0.0388054,0.0388062,0.0387759,0.0387968,0.038779,0.0394485,0.038776,0.0387759,0.0387776,0.0387759,0.0387911
0.0362021,0.0362028,0.0362125,0.0362054,0.0362021,0.0365119,0.0362091,0.0362018,0.0362076,0.0362019,0.0362018,0.0370362,0.0362047,0.0365016,0.0362018,0.0897004,0.0362018,0.0362175,0.0362018,0.0959516,0.036202,0.0362307,0.036202,0.052589
0.0372598,0.0372596,0.0372607,0.0372593,0.0372988,0.0372592,0.0372895,0.0390586,0.0372592,0.0372911,0.0991861,0.0372592,0.0372654,0.0372591,0.059082,0.0372591,0.0474161,0.0372755,0.0471991,0.0372591,0.0372592,0.03726,0.037265,0.0372591
0.0365419,0.0365405,0.0483336,0.09611,0.0365139,0.036519,0.0365138,0.0365139,0.0365156,0.0365212,0.0365138,0.0365145,0.0365139,0.0884158,0.0365138,0.0365469,0.0365138,0.0365366,0.0365154,0.0366399,0.0365834,0.0365156,0.0365319,0.0365213
0.0376632,0.0376299,0.0376305,0.0376298,0.0376304,0.0376413,0.0378346,0.0376298,0.0382702,0.0376308,0.0376298,0.0378642,0.0376336,0.0376303,0.0376298,0.102039,0.0376298,0.0377385,0.0376298,0.0683143,0.03763,0.0376414,0.037639,0.0381602
0.0383853,0.0383868,0.0390045,0.0383853,0.0384341,0.0495473,0.0384047,0.0383852,0.0386058,0.0383854,0.0383851,0.103618,0.0383853,0.0383987,0.0384104,0.0388035,0.0383851,0.0383859,0.0383851,0.0384243,0.0387566,0.0389637,0.0383852,0.0383884
0.0376091,0.0376378,0.0376338,0.0420044,0.0376079,0.0376246,0.0376082,0.0376128,0.0376079,0.0376128,0.0376079,0.037609,0.037609,0.0939623,0.0376079,0.0377167,0.0376079,0.0377562,0.0376096,0.0476763,0.0376079,0.0376161,0.0376091,0.063845
0.0379573,0.0418587,0.0379577,0.0379571,0.0380127,0.0380235,0.0379576,0.0379571,0.0707078,0.038003,0.037958,0.0876106,0.037957,0.0379572,0.0391562,0.0381434,0.0379571,0.0379581,0.037957,0.0379644,0.0391155,0.0379583,0.037957,0.0379577
0.0388018,0.0388071,0.0388019,0.0388018,0.0389268,0.0392383,0.038901,0.0388208,0.039238,0.0388018,0.0388181,0.104947,0.0388064,0.0388018,0.0401425,0.0388145,0.0388108,0.0388021,0.0388018,0.0388666,0.038806,0.0388277,0.0388018,0.0388133
0.0388397,0.0387956,0.0387956,0.0388287,0.0387954,0.0388224,0.0387973,0.0388898,0.0387954,0.105335,0.0387954,0.0387959,0.0387954,0.038805,0.0395072,0.0391467,0.0387957,0.0388921,0.0387956,0.0387954,0.0387954,0.0397507,0.0387966,0.0388381
0.0372223,0.0372225,0.0372225,0.0372223,0.0381026,0.0372228,0.0376788,0.0376364,0.037337,0.0372313,0.0456503,0.037269,0.0372232,0.0372223,0.101065,0.0372223,0.0696844,0.0372241,0.0372278,0.0372223,0.0372226,0.0372227,0.037223,0.0372223
0.038233,0.0379441,0.038026,0.0379441,0.0382987,0.0379441,0.0379574,0.0379444,0.0379459,0.0379443,0.101586,0.0379441,0.0511932,0.0379441,0.0379471,0.0379441,0.0379757,0.037946,0.0418056,0.0379441,0.0379448,0.0379445,0.0457546,0.0379441
0.0766459,0.0351714,0.0352981,0.0353884,0.0351714,0.0351714,0.0351714,0.0351714,0.0356229,0.0351984,0.0351721,0.0351721,0.0351754,0.0351718,0.0351744,0.0352144,0.0351823,0.0351767,0.0351726,0.0351714,0.0934002,0.0358528,0.0897818,0.0351714
0.0382472,0.0382427,0.0382393,0.0382395,0.0382856,0.0382393,0.0382407,0.0382504,0.038471,0.0382403,0.0522319,0.0382393,0.03829,0.0382393,0.0402927,0.0382395,0.103504,0.0382568,0.0382588,0.0382393,0.0382608,0.0382396,0.0387732,0.0382393
0.0384488,0.0384488,0.0384488,0.0384485,0.0456629,0.0384485,0.0384849,0.0384487,0.0385554,0.0384485,0.0389018,0.0384949,0.103515,0.0384485,0.0384502,0.0384489,0.0425125,0.0384486,0.0385726,0.0384489,0.0385547,0.0384513,0.0384594,0.0384486
0.0388475,0.0388015,0.10533,0.0388124,0.0391701,0.0388116,0.0388105,0.0388014,0.0390462,0.0388015,0.0388027,0.0388018,0.0388107,0.0388029,0.0388026,0.0388015,0.0388015,0.0388015,0.0395585,0.0388017,0.0395228,0.0388015,0.0388565,0.0388014
0.0368034,0.0368707,0.036823,0.0368112,0.0368058,0.0975034,0.0368187,0.0916953,0.0368034,0.0371044,0.0368038,0.036849,0.0368034,0.0368193,0.0372716,0.0368034,0.0368035,0.0368037,0.036961,0.0368035,0.0368034,0.0368092,0.0368034,0.0368223
0.0382686,0.0382681,0.038275,0.038268,0.0395017,0.0382795,0.0396246,0.0383076,0.0383381,0.0383027,0.0529411,0.0383483,0.0382698,0.038268,0.102268,0.038268,0.0383225,0.0382683,0.0382708,0.038268,0.0382682,0.0382687,0.0382686,0.038268
0.0381315,0.0381165,0.0381164,0.0381641,0.0381162,0.0381285,0.0381164,0.0381232,0.0381163,0.0847409,0.0381163,0.0382614,0.0381162,0.0381186,0.038721,0.0383047,0.0381169,0.0381332,0.0381164,0.0381162,0.0382321,0.0755284,0.0381186,0.0381299
0.0369846,0.0370355,0.0369889,0.0371662,0.0369847,0.0370637,0.0369846,0.0369909,0.0369846,0.0369866,0.0369846,0.0372035,0.0369853,0.0429612,0.0369846,0.0370602,0.0369847,0.0370217,0.0369849,0.0791988,0.0369847,0.0371079,0.0369846,0.100383
0.0372192,0.0412599,0.037307,0.0458562,0.0372202,0.0372419,0.0372192,0.0372204,0.0372195,0.0372192,0.0372192,0.037237,0.0372195,0.06763,0.0372192,0.0372297,0.0372192,0.0372484,0.0372208,0.0936622,0.0372208,0.0372205,0.0372192,0.0442516
0.0386122,0.0385862,0.0385856,0.0386154,0.0385856,0.0385922,0.0385857,0.0390842,0.0385856,0.104782,0.0385892,0.0385877,0.0385856,0.038586,0.0433881,0.0386335,0.0385885,0.0389979,0.0385857,0.0385856,0.0385858,0.040483,0.038587,0.0386021
0.03881,0.0388103,0.0388324,0.0388098,0.0388511,0.0389,0.0388297,0.0388501,0.0388241,0.0391236,0.038891,0.0400017,0.0388098,0.0388098,0.105127,0.0388098,0.0388807,0.03881,0.0388134,0.0388098,0.0390841,0.0388921,0.0388099,0.0388098
0.036629,0.0366254,0.0366254,0.0366254,0.0366274,0.0366254,0.0368478,0.0367671,0.0368607,0.0366392,0.038812,0.0366258,0.0366281,0.0366254,0.0929748,0.0366258,0.0979706,0.0366546,0.0366277,0.0366254,0.0366365,0.0366281,0.0370671,0.0366254
0.0387777,0.0388064,0.0387848,0.038795,0.0387778,0.0388235,0.0387883,0.105123,0.0387777,0.0393066,0.0392352,0.0387784,0.0387777,0.0387791,0.0390347,0.0387777,0.0388051,0.0388763,0.0402783,0.0387777,0.0387777,0.0387859,0.0387777,0.0387783
0.0379254,0.03792,0.0394231,0.0379241,0.0380048,0.0379202,0.0380174,0.037922,0.0379201,0.03792,0.0379235,0.03792,0.0622081,0.0379201,0.0379204,0.0379201,0.0383008,0.0379201,0.1014,0.03792,0.0379212,0.0379291,0.0379795,0.03792
0.0385915,0.0385183,0.0385184,0.0385186,0.0385183,0.0385186,0.0385407,0.0385182,0.0390829,0.0385291,0.0385183,0.0385778,0.0385188,0.0385185,0.0385183,0.104301,0.0385186,0.0448304,0.0385182,0.0409508,0.0385219,0.0386282,0.0386228,0.0386021
0.0391371,0.0387314,0.0387321,0.0387426,0.0387314,0.0387315,0.0387325,0.0387316,0.0387316,0.0388569,0.0387321,0.039044,0.0387365,0.038732,0.0387373,0.0393955,0.0387365,0.0387603,0.0387318,0.0387314,0.0408459,0.104429,0.0397917,0.0387372
0.0392155,0.0387772,0.0387842,0.038871,0.0387772,0.0387774,0.0387774,0.0387787,0.0387772,0.0408278,0.03878,0.0388253,0.0387785,0.0387789,0.0387987,0.0388073,0.0387846,0.0388293,0.0387961,0.0387772,0.0389218,0.104792,0.039181,0.0387852
0.0384451,0.04096,0.038472,0.0384453,0.104215,0.0384467,0.0384506,0.0384468,0.0471317,0.0384451,0.0384601,0.0384526,0.0384686,0.0384452,0.0384631,0.0384451,0.0384695,0.0384452,0.0385504,0.0384456,0.0385609,0.0384451,0.0384452,0.0384451
0.038574,0.0385719,0.038576,0.0385719,0.0454276,0.0385721,0.0407903,0.0385719,0.0391558,0.0385719,0.0389923,0.0385853,0.102556,0.0385719,0.0385736,0.0385785,0.0386313,0.038572,0.038614,0.0385728,0.0385897,0.0385741,0.0386334,0.0385719
0.0381993,0.0382408,0.0382,0.0382161,0.0381993,0.0395332,0.0381999,0.0382722,0.0381993,0.0382675,0.0381993,0.0386346,0.0381997,0.0444354,0.0381993,0.0384373,0.0381993,0.0382392,0.0381994,0.0474118,0.0381993,0.0383678,0.0381993,0.103551
0.0383019,0.0373351,0.0374355,0.0373364,0.037336,0.0373352,0.037739,0.0373351,0.0968607,0.0373352,0.0373351,0.0373522,0.0373522,0.0373353,0.0373352,0.0703581,0.0373355,0.0373403,0.0373351,0.037377,0.0412629,0.0373369,0.0432589,0.0373351
0.0388884,0.0388078,0.0388578,0.0388463,0.0388078,0.0388101,0.0388078,0.0388092,0.0388078,0.0399071,0.0388155,0.0390695,0.0388101,0.0388093,0.0388224,0.0388099,0.0388102,0.0388094,0.0390459,0.0388078,0.0389948,0.105329,0.0388311,0.0388848
0.0379159,0.0434328,0.0379372,0.101874,0.0379109,0.037911,0.0379109,0.0384672,0.0379109,0.0529455,0.0379173,0.0379109,0.0379109,0.0392022,0.0379111,0.0379109,0.0379151,0.0415293,0.0379853,0.037911,0.0379317,0.0379154,0.037918,0.0379143
0.0389941,0.038761,0.0387934,0.0408612,0.0387505,0.0387552,0.0387507,0.0388935,0.0387506,0.105254,0.038755,0.0387506,0.0387505,0.0392077,0.0387986,0.0387518,0.0387506,0.0391292,0.038755,0.0387505,0.0387506,0.0387593,0.0387696,0.0387562
0.0380793,0.0380718,0.0380728,0.0380718,0.0388491,0.0380718,0.0561772,0.0380718,0.103051,0.0380718,0.0380719,0.0380737,0.0383031,0.0380718,0.0380918,0.0395451,0.0382354,0.038072,0.0380719,0.0380735,0.0384604,0.0380718,0.0381971,0.0380718
0.0389639,0.038822,0.105384,0.0388305,0.0390337,0.0388245,0.0388492,0.038822,0.038854,0.038822,0.038841,0.038822,0.0388641,0.0388272,0.038822,0.0388221,0.038822,0.0388227,0.039799,0.0388259,0.0388325,0.038822,0.0390497,0.038822
0.0383014,0.103379,0.0383148,0.0383375,0.0389563,0.0515547,0.0383014,0.0383383,0.0383182,0.0383644,0.0383021,0.0396715,0.0383014,0.038403,0.0383264,0.0383015,0.0383014,0.0383018,0.0383021,0.0383125,0.038389,0.0383016,0.0383014,0.0383181
0.0394827,0.0384884,0.0384916,0.0447804,0.0384875,0.0384876,0.0384875,0.0385086,0.0384875,0.103997,0.03849,0.0384875,0.0384875,0.0385174,0.0384915,0.0385301,0.0384884,0.0410093,0.0385078,0.0384875,0.0384881,0.0390936,0.0387213,0.0385015
0.0383161,0.0383292,0.03888,0.0383162,0.0990853,0.0383365,0.0383225,0.0383195,0.0383172,0.0383161,0.0394096,0.0383374,0.0398574,0.0383161,0.0383343,0.0383161,0.0383202,0.0383161,0.0546628,0.0383161,0.0383258,0.0383172,0.0383161,0.0383161
0.0379381,0.0379376,0.0379428,0.0385848,0.0379367,0.0379482,0.0379367,0.0379511,0.0379367,0.0380048,0.0379368,0.0379546,0.0379389,0.0571767,0.0379367,0.0380362,0.0379367,0.0380346,0.0379498,0.0394022,0.0379367,0.0408036,0.0379375,0.102902
0.0382919,0.0383128,0.103856,0.038312,0.0525685,0.0384167,0.0382914,0.0382907,0.0383623,0.0382906,0.0382958,0.0382922,0.0382914,0.0383024,0.038291,0.0382906,0.0382906,0.0382907,0.0389699,0.0382915,0.0385285,0.0382906,0.0382913,0.0382906
0.038958,0.038001,0.03803,0.0380051,0.0380021,0.0380004,0.0380005,0.0380063,0.0380005,0.0380132,0.102833,0.0380004,0.0380614,0.0380004,0.0380039,0.0380004,0.0381339,0.0388871,0.0392932,0.0380004,0.0380007,0.0380054,0.0577623,0.0380004
0.0391652,0.0388323,0.0389139,0.0389467,0.0388323,0.0388327,0.0388323,0.038833,0.0388323,0.0389975,0.0388481,0.0389173,0.0388375,0.0388342,0.0388332,0.0388413,0.0388341,0.038865,0.0389306,0.0388323,0.0390017,0.10542,0.0390681,0.0389186
0.038016,0.0423823,0.0380195,0.0380254,0.0380315,0.0408745,0.038024,0.0381611,0.0380168,0.0380163,0.0380161,0.0380389,0.0380167,0.0430736,0.038016,0.0380697,0.038016,0.0380219,0.038017,0.0971536,0.038016,0.0380161,0.038016,0.0539452
0.0377934,0.0626849,0.0378088,0.0380193,0.0378847,0.0379759,0.0377951,0.0378906,0.037811,0.0377934,0.0377935,0.0378036,0.0377943,0.0419364,0.0377934,0.0377987,0.0377935,0.0378195,0.0378006,0.100959,0.0377937,0.0377935,0.0377934,0.0378694
0.0385675,0.038791,0.0738478,0.0386017,0.0646573,0.0386443,0.0385674,0.0385677,0.0385683,0.0385674,0.0385733,0.0386434,0.0386063,0.0385803,0.0385676,0.0385674,0.0385675,0.0385674,0.0506895,0.038568,0.0389858,0.0385678,0.0385675,0.0385675
0.0365298,0.0372581,0.0366999,0.0758898,0.0365298,0.0365592,0.0365297,0.0365333,0.0365297,0.0365309,0.0365297,0.0365303,0.0365299,0.0987303,0.0365297,0.0365372,0.0365297,0.0365461,0.0365416,0.0487932,0.03653,0.036531,0.0365299,0.045021
0.0374502,0.0373984,0.0374042,0.037399,0.0373948,0.0373966,0.0373956,0.0373939,0.0379904,0.0373949,0.0373939,0.0374574,0.0373956,0.0374357,0.0373939,0.0985856,0.0373939,0.03797,0.0373939,0.0770654,0.0374023,0.0374045,0.037418,0.0376718
0.039482,0.0387974,0.0387969,0.0389951,0.0387965,0.0387973,0.0387965,0.0388267,0.0387965,0.105383,0.0388064,0.0387966,0.0387965,0.0388142,0.0388831,0.0388181,0.0387967,0.0391564,0.0387971,0.0387965,0.0387969,0.0395851,0.0388524,0.038836
0.0361626,0.0393265,0.0363397,0.0961383,0.0361621,0.0361741,0.0361621,0.0361657,0.0361622,0.0363176,0.0361621,0.0361623,0.0361621,0.0979046,0.0361621,0.0361694,0.0361621,0.0362583,0.0361636,0.0386926,0.0361628,0.0361626,0.0361625,0.0404019
0.0382381,0.0383426,0.0382384,0.0382416,0.0382451,0.0382445,0.0382445,0.103426,0.0382381,0.0382414,0.0419327,0.0382385,0.0382397,0.0382383,0.0382944,0.0382381,0.0397602,0.038256,0.0499003,0.0382382,0.0382381,0.0382387,0.0382381,0.0382489
0.0386218,0.0398605,0.0386164,0.0431778,0.0386163,0.0386163,0.0386163,0.0387852,0.0386163,0.0487297,0.0393065,0.0386165,0.0386163,0.038646,0.0386165,0.0386175,0.0386179,0.0904312,0.0386164,0.0386196,0.0386167,0.0388651,0.0386215,0.0429357
0.0386487,0.0385116,0.0385316,0.0458397,0.0384961,0.0384967,0.0384962,0.0388867,0.0384962,0.104349,0.0385135,0.0384961,0.0384961,0.0389397,0.0385064,0.0384964,0.0384962,0.0402643,0.0385015,0.0384961,0.0384962,0.0385016,0.0385451,0.0384986
0.0365753,0.0365811,0.0378034,0.0982893,0.0365153,0.0365159,0.0365153,0.0365163,0.0365154,0.0371736,0.0365153,0.0365153,0.0365153,0.0951062,0.0365153,0.0365228,0.0365153,0.0375476,0.0365186,0.0365699,0.0365177,0.036517,0.0365734,0.0365496
0.036409,0.036493,0.0380709,0.098758,0.0364047,0.0364052,0.0364047,0.0364063,0.0364047,0.0364582,0.0364047,0.0364047,0.0364047,0.0982204,0.0364047,0.0364063,0.0364047,0.0365099,0.0364437,0.0364757,0.0364144,0.0364068,0.0364209,0.0364638
0.0364827,0.0376591,0.0365202,0.0412054,0.0364831,0.0365344,0.0364827,0.0364864,0.0364828,0.036483,0.0364827,0.0365398,0.0364836,0.0944905,0.0364827,0.036487,0.0364827,0.0364888,0.0364843,0.0604629,0.0364833,0.0364889,0.0364828,0.0728402
0.0382188,0.038165,0.0381725,0.0381654,0.0384674,0.038165,0.0381677,0.0381653,0.0381671,0.0381651,0.0542711,0.0381651,0.072919,0.038165,0.0381945,0.038165,0.0394886,0.0381651,0.0677892,0.038165,0.0383245,0.038186,0.0398176,0.038165
0.0374673,0.0374654,0.0374755,0.0374655,0.0374656,0.0375423,0.0915852,0.0374664,0.0374738,0.0374654,0.0374654,0.0375177,0.0375454,0.0374663,0.0374655,0.0836273,0.0374656,0.03747,0.0374658,0.0376529,0.0374656,0.03758,0.037472,0.0374681
0.0376235,0.0378557,0.0376247,0.0376236,0.0376769,0.0937799,0.037861,0.0376431,0.0376469,0.0376244,0.0376236,0.0774447,0.0376238,0.0376294,0.0376358,0.0379877,0.0376235,0.0376237,0.0376236,0.0376734,0.0376324,0.0376559,0.0376235,0.0376394
0.0369673,0.0369571,0.0369573,0.0369571,0.0369726,0.0369571,0.0916689,0.0369572,0.0381542,0.0369571,0.0369575,0.0369578,0.091053,0.0369571,0.0369571,0.0392616,0.0370494,0.0369576,0.0369644,0.0370449,0.0369582,0.0369577,0.0374605,0.0369572
0.0394755,0.0397094,0.0394841,0.0394887,0.0394768,0.0648591,0.0394757,0.0394974,0.0394792,0.0413776,0.0394755,0.063595,0.0394755,0.0396778,0.0396747,0.0394891,0.0394755,0.0394766,0.0394755,0.0394757,0.0395444,0.0398707,0.0394755,0.039495
0.0361466,0.0362762,0.0361562,0.0361629,0.036147,0.0523001,0.0361472,0.0361836,0.0361466,0.0361483,0.0361466,0.0369908,0.0361478,0.0602965,0.0361466,0.0361931,0.0361466,0.0361481,0.0361471,0.0676616,0.0361466,0.0361675,0.0361466,0.0956998
0.0388088,0.038809,0.0388428,0.0388088,0.0394101,0.0529286,0.0841034,0.0388966,0.0388112,0.0388088,0.0388088,0.0413976,0.0388883,0.0388093,0.038809,0.0391346,0.0388089,0.0388089,0.0388324,0.0442018,0.0388088,0.038811,0.0388088,0.0388436
0.038577,0.0390138,0.0386001,0.0386982,0.0385862,0.0386255,0.0385771,0.0385771,0.0387292,0.038577,0.038577,0.0388311,0.0385772,0.0406237,0.038577,0.043391,0.038577,0.038602,0.038577,0.103833,0.0385793,0.0385772,0.0385771,0.039539
0.0633002,0.0375872,0.0375879,0.0376155,0.0375872,0.0375872,0.0375885,0.0375874,0.0378738,0.0376153,0.0388737,0.0375872,0.0376019,0.0375872,0.0376089,0.0375925,0.0414929,0.0379045,0.0375883,0.0375872,0.0397536,0.0376244,0.10168,0.0375872
0.0370885,0.0370883,0.0370882,0.0370882,0.0371183,0.0370882,0.0374453,0.0373592,0.037276,0.0370894,0.0393851,0.0370908,0.0371032,0.0370882,0.0812659,0.0370884,0.0995995,0.0370945,0.0370919,0.0370882,0.0370906,0.0370894,0.0371061,0.0370882
0.0387672,0.105281,0.0387673,0.0388009,0.039268,0.0388848,0.0387672,0.0388879,0.040689,0.0388032,0.0387688,0.0388091,0.0387672,0.0387855,0.0387746,0.0387681,0.0387674,0.0387823,0.0387672,0.0390127,0.0387772,0.0387672,0.0387672,0.0387693
0.0384712,0.038459,0.0384585,0.0384718,0.0384585,0.0384586,0.038467,0.0384586,0.0386854,0.0384666,0.0384584,0.0384607,0.0384587,0.0384602,0.0384585,0.103671,0.0384614,0.0438306,0.0384584,0.044363,0.0384618,0.0384722,0.038538,0.0385919
0.0386847,0.0386728,0.0388084,0.0387798,0.0386728,0.038708,0.0386728,0.0386747,0.0386728,0.0390668,0.0386738,0.0390449,0.0386741,0.0386903,0.0386731,0.0386837,0.0386731,0.0386802,0.03894,0.0386729,0.0387041,0.104868,0.0386747,0.0429337
0.0387867,0.038774,0.0387791,0.0388362,0.038769,0.0387974,0.038772,0.0411314,0.038769,0.105127,0.0387779,0.038769,0.038769,0.0388103,0.0391696,0.03877,0.0387691,0.0389953,0.0387713,0.038769,0.038769,0.0387746,0.0387707,0.038773
0.0386123,0.0385551,0.0385763,0.0385819,0.0385551,0.0385825,0.0385554,0.0385574,0.0385551,0.0392729,0.0385553,0.0388358,0.0385613,0.03861,0.0385554,0.0387396,0.0385552,0.0385619,0.0386309,0.0385552,0.0385605,0.104621,0.0385627,0.0456914
0.0578568,0.0377685,0.0377696,0.0377687,0.0377686,0.0377685,0.0379927,0.037769,0.0379446,0.0379756,0.0453494,0.0377686,0.0377872,0.0377685,0.0406128,0.0377787,0.0381886,0.0378312,0.0377691,0.0377685,0.0378332,0.0378614,0.0995314,0.0377685
0.0381308,0.0381147,0.0381147,0.0381148,0.0381149,0.0381147,0.0392925,0.0381735,0.0381177,0.0381239,0.0382855,0.0381147,0.038278,0.0381147,0.0539111,0.0381154,0.102804,0.0381199,0.0384573,0.0381147,0.038117,0.0381686,0.0408719,0.0381147
0.0379161,0.0378711,0.037876,0.0378711,0.0378807,0.0378711,0.0378732,0.0378712,0.0378721,0.0378711,0.0695767,0.0378845,0.0931072,0.0378711,0.0378806,0.0378711,0.0395926,0.0378717,0.0381912,0.0378711,0.0378968,0.0380727,0.0396681,0.0378712
0.0388807,0.0388815,0.0388808,0.0388807,0.0389279,0.0389303,0.0389342,0.0388961,0.0391009,0.0388807,0.0388934,0.10326,0.0388924,0.0388807,0.0406918,0.0389086,0.0390333,0.038881,0.0388807,0.0388954,0.0388848,0.0389357,0.0388807,0.0388872
0.0381927,0.0488554,0.0381935,0.038193,0.0382806,0.0438383,0.0381927,0.0381965,0.0382165,0.0381937,0.038193,0.102224,0.0381929,0.0382092,0.038205,0.0382039,0.0381927,0.038193,0.0381927,0.0385642,0.0382603,0.0382285,0.0381927,0.0405943
0.0486102,0.0379678,0.0391922,0.0379983,0.0379693,0.0379678,0.0379678,0.0379678,0.0380169,0.0379767,0.037973,0.0379754,0.0380017,0.0379683,0.0379715,0.0379696,0.0379683,0.0379679,0.0379818,0.0379678,0.102736,0.0409176,0.0469983,0.0379678
0.0361096,0.086437,0.0361137,0.0968515,0.0361094,0.0361098,0.0361094,0.0361428,0.0361119,0.0361908,0.0361094,0.0361095,0.0361094,0.0577697,0.0361094,0.0361096,0.0361096,0.0365303,0.0361106,0.036183,0.0361215,0.0361095,0.0361098,0.0361229
0.0386817,0.0387024,0.0386663,0.038852,0.0386662,0.0386662,0.0386663,0.0389052,0.0386664,0.0413046,0.03904,0.0386673,0.0386662,0.0386681,0.038667,0.0389429,0.0387559,0.104588,0.0386663,0.0387508,0.0386663,0.03914,0.038742,0.0402621
0.0347797,0.042682,0.035456,0.0356633,0.0347845,0.0355793,0.0347797,0.0347803,0.0347799,0.0347814,0.0347797,0.0348341,0.0347798,0.092723,0.0347797,0.0347939,0.0347797,0.034783,0.0347803,0.0874299,0.0347799,0.03478,0.0347797,0.0791312
0.0384247,0.0384235,0.0384241,0.0384235,0.0386008,0.0384235,0.0384736,0.0384282,0.0384485,0.0384235,0.0406215,0.0384263,0.0463867,0.0384235,0.0408381,0.0384236,0.103053,0.038424,0.0387293,0.0384235,0.0384279,0.0384258,0.0384791,0.0384235
0.0383002,0.0388315,0.0384826,0.0383002,0.0386603,0.103991,0.0384905,0.0383425,0.0383298,0.038304,0.0383002,0.0518182,0.0383002,0.0383501,0.038325,0.0383384,0.0383002,0.0383002,0.0383003,0.0384255,0.0383005,0.0383005,0.0383002,0.0383078
0.0384642,0.0385266,0.104398,0.038545,0.0421216,0.0423164,0.0384638,0.0384642,0.0384643,0.0384652,0.0384678,0.0384717,0.038464,0.0387674,0.0384642,0.0384638,0.0384638,0.0384638,0.0413582,0.038464,0.0385302,0.0384639,0.0384639,0.0384638
0.0384763,0.0382092,0.0382258,0.0382112,0.0382192,0.0382092,0.0387379,0.0382092,0.0937769,0.0382092,0.0382092,0.0382139,0.0390047,0.0382093,0.0382092,0.0568077,0.03821,0.0382098,0.0382092,0.0382648,0.041984,0.0382105,0.0415645,0.0382092
0.0387765,0.0384962,0.0385038,0.0385128,0.0385005,0.038496,0.0385092,0.038496,0.0933799,0.0384961,0.0384964,0.0384961,0.0385072,0.0384961,0.0384963,0.0387119,0.038644,0.0385136,0.0384962,0.0384975,0.0431137,0.0384961,0.0543719,0.038496
0.0371883,0.0371927,0.0371929,0.0390259,0.0371875,0.0371938,0.0371876,0.0372097,0.0371875,0.0373422,0.0371876,0.0371923,0.0371876,0.0724246,0.0371875,0.0373513,0.0371876,0.0381318,0.037188,0.044022,0.0371875,0.0372977,0.0371888,0.0993574
0.0387656,0.0395782,0.0391205,0.0387656,0.105208,0.0400572,0.0387839,0.0387747,0.038806,0.0387656,0.0387772,0.0388407,0.0387836,0.0387664,0.0387709,0.0387656,0.0387657,0.0387656,0.0393049,0.0387667,0.0387711,0.0387656,0.0387656,0.0387656
0.0360953,0.0362073,0.0361684,0.0690902,0.0360952,0.0361014,0.0360952,0.0360962,0.0360952,0.0360955,0.0360952,0.0361013,0.0360958,0.0799908,0.0360952,0.0361149,0.0360952,0.0361425,0.0361078,0.0646951,0.0360987,0.0361445,0.0360955,0.0639877
0.0395082,0.0386548,0.0388213,0.0386895,0.0386751,0.0386547,0.0386547,0.0386547,0.0387266,0.0386559,0.0386829,0.0386569,0.038981,0.0386548,0.0386645,0.0386548,0.0386619,0.0386547,0.038789,0.0386547,0.104774,0.0393168,0.0425037,0.0386547
0.0387175,0.0387182,0.0387382,0.0387182,0.0387175,0.0388148,0.0387194,0.0387173,0.0389848,0.0387175,0.0387172,0.104916,0.0387173,0.0387254,0.0387347,0.0390269,0.0387173,0.0387259,0.0387172,0.03886,0.0394436,0.0416779,0.0387175,0.0387401
0.038396,0.0384117,0.0384708,0.0383978,0.0384007,0.103058,0.0386495,0.0384294,0.0384318,0.0383992,0.038396,0.0510936,0.0383961,0.0385737,0.038403,0.0387638,0.038396,0.0383961,0.0383961,0.0385489,0.0383972,0.0383976,0.038396,0.0384007
0.0386468,0.0386565,0.039878,0.0386468,0.0386594,0.103778,0.038901,0.0386908,0.038651,0.0387248,0.038647,0.043977,0.0386468,0.038662,0.038693,0.0388647,0.0386468,0.0386501,0.0386468,0.038706,0.0386468,0.0386503,0.0386468,0.0386823
0.0378092,0.0376051,0.0376026,0.0690539,0.0375984,0.0375985,0.0375984,0.0376256,0.0375984,0.100974,0.0376128,0.0375985,0.0375984,0.0378361,0.0376017,0.0375987,0.0376021,0.0382621,0.0376162,0.0375984,0.0376067,0.0389695,0.0376984,0.0377365
0.0388895,0.0388961,0.0388894,0.0388892,0.0388901,0.0388883,0.0390099,0.038889,0.0395093,0.0388883,0.0388905,0.0388932,0.03907,0.0388887,0.0388883,0.0436735,0.0389043,0.0418268,0.0388883,0.0968175,0.0388886,0.0388886,0.0389304,0.0389122
0.039082,0.0384015,0.104016,0.0385616,0.0384385,0.038405,0.0384016,0.0384015,0.0384021,0.0384017,0.038402,0.0384021,0.0385196,0.0384601,0.0384015,0.0384017,0.0384015,0.0384015,0.0458248,0.0384015,0.0423774,0.0384103,0.0386836,0.0384015
0.0469468,0.0381281,0.0381295,0.0381399,0.0381281,0.0381281,0.0381284,0.0381281,0.0381281,0.0390177,0.0381305,0.0381846,0.0381305,0.0381294,0.0381292,0.0436006,0.0381291,0.0386507,0.0381282,0.0381282,0.0382244,0.101701,0.0434562,0.0382748
0.0388545,0.0388484,0.0388736,0.0389213,0.0388484,0.0388529,0.0388484,0.0388637,0.0388484,0.0393211,0.0388516,0.039106,0.0388492,0.0388494,0.0388523,0.0388507,0.0388545,0.038854,0.0389724,0.0388484,0.0389119,0.105224,0.0388531,0.0390422
0.0387997,0.0387995,0.0388189,0.0387995,0.0392249,0.0392523,0.105289,0.0388097,0.0388227,0.0387995,0.0387999,0.0388121,0.0394639,0.0387996,0.0388034,0.0394731,0.0387997,0.0387998,0.0388201,0.0388116,0.0387995,0.0388018,0.0387998,0.0387997
0.037969,0.0379652,0.0380053,0.0379488,0.0414237,0.0379489,0.0381193,0.0379487,0.103117,0.0379488,0.0379495,0.0379609,0.0379501,0.0379487,0.0379792,0.0380326,0.03795,0.0379492,0.0379487,0.0379507,0.0580879,0.0379487,0.0380002,0.0379487
0.0366873,0.0366701,0.0367069,0.0366704,0.0367547,0.0366701,0.0367688,0.0366707,0.0366702,0.0366701,0.036822,0.0366704,0.0990161,0.0366701,0.0366709,0.0366701,0.0377301,0.0366701,0.0924199,0.0366701,0.0366753,0.0367514,0.0369539,0.0366702
0.0381454,0.0384096,0.0381473,0.0382353,0.0381455,0.0383808,0.0381454,0.0381546,0.0381454,0.0381562,0.0381455,0.0403396,0.0381457,0.0427031,0.0381454,0.0381612,0.0381455,0.0381545,0.0381457,0.0494078,0.0381456,0.0386644,0.0381454,0.103485
0.0375495,0.0411647,0.0377249,0.0507312,0.0375499,0.0376668,0.0375495,0.0376118,0.0375495,0.0375536,0.0375495,0.0375513,0.0375495,0.100313,0.0375495,0.0375497,0.0375495,0.0375603,0.0375701,0.0424328,0.0375496,0.0375501,0.0375495,0.0515244
0.0385475,0.0384657,0.0471605,0.0388702,0.0384896,0.0384656,0.0384656,0.0384658,0.0384656,0.0384702,0.0402056,0.0384656,0.0386317,0.0384659,0.0384687,0.0384656,0.0385366,0.0384664,0.102741,0.0384656,0.0388561,0.0385428,0.0393565,0.0384656
0.0357997,0.0357303,0.0610014,0.0357313,0.0371299,0.035731,0.0357507,0.0357303,0.0357305,0.0357303,0.0357785,0.0357304,0.0921299,0.0357304,0.0357306,0.0357303,0.0357329,0.0357303,0.0948415,0.0357303,0.0357809,0.0357367,0.0358219,0.0357303
0.0374112,0.0373958,0.0373986,0.0374441,0.0373959,0.0373958,0.0374071,0.0376179,0.0373958,0.0373981,0.0376677,0.0373958,0.0375583,0.0373958,0.0374566,0.0373958,0.09996,0.0374419,0.0728858,0.0373958,0.0373961,0.0374168,0.0409774,0.0373958
0.0383677,0.0383678,0.0383678,0.0383678,0.0383901,0.0383679,0.0384216,0.0430945,0.0383677,0.0383678,0.0412299,0.0383754,0.0396753,0.0383677,0.039169,0.0383677,0.0962394,0.0383687,0.0498509,0.0383677,0.0383678,0.0384037,0.0383681,0.038368
0.0378834,0.0415929,0.0378834,0.0378848,0.0378906,0.0379955,0.0379049,0.0380891,0.0379109,0.0378835,0.0378834,0.0379273,0.0378837,0.0379752,0.0378834,0.0416487,0.0378835,0.0379908,0.0378834,0.102846,0.0378834,0.0378834,0.0378834,0.0556252
0.0397149,0.0387376,0.0387424,0.0387437,0.0387376,0.0387378,0.0387383,0.0387379,0.0387376,0.0389097,0.0387403,0.0392386,0.0387506,0.0387381,0.0387447,0.0390771,0.0387404,0.0388095,0.0387395,0.0387376,0.039271,0.105105,0.0400127,0.0387571
0.038613,0.0386015,0.0386017,0.0388172,0.0386012,0.0386307,0.0386015,0.0396667,0.0386012,0.104652,0.0386014,0.0386016,0.0386012,0.0386939,0.0386376,0.0386942,0.0386023,0.039575,0.0386021,0.0386013,0.0386012,0.039692,0.0386023,0.0425074
0.0397207,0.0380963,0.0382831,0.0381141,0.0380976,0.0380959,0.0380966,0.0380959,0.0536689,0.0381035,0.0380962,0.0381353,0.0380964,0.0380962,0.0381139,0.038167,0.0380971,0.0380977,0.038096,0.0380959,0.10287,0.038187,0.0413823,0.0380959
0.0385041,0.0385045,0.0385048,0.0385041,0.0385309,0.0386922,0.0385274,0.0385855,0.0385067,0.0385042,0.0390987,0.103378,0.0385196,0.0385041,0.0472711,0.0385042,0.0385612,0.0385042,0.0385043,0.0385044,0.038511,0.0397583,0.0385041,0.0385122
0.0760656,0.0373897,0.0374148,0.0375132,0.0373897,0.0373897,0.0373898,0.0373897,0.0373907,0.0373933,0.0375525,0.0373898,0.0375573,0.0373899,0.0373898,0.0374009,0.0374616,0.0375003,0.0374115,0.0373897,0.037453,0.0376698,0.100318,0.0373898
0.0978282,0.0364182,0.0364633,0.037145,0.0364182,0.0364182,0.0364193,0.0364182,0.0365703,0.036432,0.0364234,0.0364182,0.0364507,0.0364191,0.0364183,0.0367826,0.0364409,0.0366552,0.0364196,0.0364183,0.0368291,0.0364348,0.0989408,0.0364182
0.0384004,0.0383996,0.0384055,0.0383997,0.0385167,0.0383997,0.0384024,0.0384003,0.0383998,0.0383996,0.046279,0.0385644,0.100768,0.0383996,0.0384143,0.0383996,0.0405532,0.0383996,0.0435515,0.0383996,0.0384581,0.0388662,0.038423,0.0384
0.0387856,0.0388261,0.0387859,0.0387914,0.0387858,0.038792,0.0388121,0.105255,0.0387856,0.0389919,0.04014,0.0387859,0.0387856,0.0387858,0.0389831,0.0387856,0.0390001,0.0392402,0.0389507,0.0387856,0.0387856,0.0387885,0.0387857,0.0387862
0.0486974,0.0372137,0.0372134,0.0382536,0.0372129,0.0372129,0.0372129,0.0372132,0.0372135,0.0378574,0.0373277,0.037213,0.0372131,0.0372147,0.037213,0.0383911,0.0372546,0.100036,0.037213,0.0372322,0.0372135,0.0374671,0.0664277,0.0372823
0.0386994,0.0387248,0.0416705,0.0386994,0.104238,0.0394389,0.0392549,0.0386999,0.0399106,0.0386995,0.0387004,0.0387101,0.0387033,0.0386995,0.0387177,0.0387001,0.0386995,0.0386994,0.0388322,0.0387031,0.0387006,0.0386994,0.0386994,0.0386994
0.0387484,0.0389524,0.0387676,0.0387489,0.0388395,0.104629,0.0387962,0.0402185,0.0387493,0.0387555,0.0387484,0.0409702,0.0387484,0.0387834,0.0387675,0.0387501,0.0387484,0.0387484,0.038751,0.0387597,0.0387484,0.038749,0.0387484,0.0387737
0.0377886,0.0378001,0.0378005,0.0377886,0.0378162,0.102422,0.0380763,0.0382001,0.0377888,0.0377931,0.0377886,0.0650822,0.0377887,0.0378118,0.0378131,0.037809,0.0377886,0.0377887,0.0377889,0.0377974,0.0377887,0.0379303,0.0377886,0.0379611
0.0382437,0.0396393,0.0382469,0.0382505,0.0383074,0.102805,0.0382474,0.0509622,0.0382437,0.0382451,0.0382437,0.0415019,0.0382437,0.0382652,0.038258,0.0382438,0.0382437,0.0382437,0.0382651,0.0382478,0.0382438,0.038251,0.0382437,0.0383139
0.0398926,0.0406241,0.0398917,0.0415564,0.0398917,0.0398942,0.0398917,0.03999,0.0398917,0.0522373,0.0398923,0.0398926,0.0398916,0.0400936,0.0398918,0.039955,0.0398922,0.0542276,0.0398917,0.0399595,0.0398919,0.0399994,0.0398926,0.0528667
0.0390682,0.0388039,0.0388086,0.0388046,0.038804,0.038807,0.039494,0.0388039,0.0391158,0.0388088,0.0388039,0.0388165,0.0388064,0.038807,0.0388039,0.105073,0.0388039,0.0390195,0.0388039,0.0395188,0.038805,0.0388332,0.038965,0.0388212
0.039414,0.0394204,0.081515,0.0394225,0.0451527,0.0394305,0.0394333,0.0394146,0.03942,0.039414,0.0394151,0.0394158,0.0395581,0.0394314,0.039414,0.039414,0.0394142,0.0394141,0.045329,0.0394978,0.0394174,0.039414,0.0394142,0.039414
0.0381449,0.0380919,0.0380919,0.0380918,0.0381104,0.0380918,0.0401947,0.0380918,0.102271,0.0380918,0.0380973,0.038102,0.0389635,0.0380918,0.0380932,0.0554766,0.0381686,0.0380995,0.0380918,0.0381815,0.0382396,0.038092,0.0389389,0.0380918
0.0388024,0.0390097,0.039115,0.0388025,0.0388451,0.105,0.0392427,0.0390109,0.0388057,0.0388465,0.0388025,0.0393511,0.0388024,0.0388772,0.0388089,0.0389422,0.0388024,0.0388055,0.0388026,0.0392813,0.0388024,0.0388029,0.0388024,0.0388353
0.0367397,0.0370083,0.037801,0.0997836,0.036737,0.0367375,0.036737,0.0367374,0.0367371,0.0367446,0.036737,0.0367371,0.036737,0.0904475,0.036737,0.0367374,0.036737,0.0367808,0.0367448,0.0368035,0.0367716,0.0367386,0.0367474,0.0367803
0.0397993,0.0386868,0.0387381,0.0387142,0.0386911,0.0386861,0.0386863,0.0386861,0.0400473,0.0387457,0.0386889,0.0386905,0.0386864,0.0386862,0.0392604,0.0386865,0.0386948,0.0386866,0.0386889,0.038686,0.10446,0.0388302,0.0410874,0.038686
0.0386113,0.0386016,0.0386012,0.0386128,0.0386016,0.0386012,0.0386026,0.0387435,0.0386259,0.0386639,0.039782,0.0386013,0.0386024,0.0386012,0.0453559,0.0386013,0.102611,0.0386256,0.0386286,0.0386012,0.0387103,0.0386064,0.0398061,0.0386012
0.0384156,0.0384794,0.0384157,0.0384215,0.0384158,0.0385238,0.0384156,0.0384714,0.0384156,0.0384236,0.0384157,0.0425948,0.0384164,0.0386586,0.0384156,0.0384922,0.0384156,0.038443,0.0384157,0.0463859,0.0384156,0.0390576,0.0384156,0.10306
0.0364869,0.0387918,0.0371557,0.0780256,0.0364869,0.0366058,0.0364868,0.0364906,0.0364869,0.036492,0.0364868,0.0364976,0.0364869,0.0986561,0.0364868,0.0364873,0.0364868,0.0364925,0.0364926,0.0397935,0.0364887,0.0364905,0.0364869,0.050658
0.0377489,0.0377489,0.037749,0.037749,0.0377672,0.0377489,0.0377754,0.0391862,0.037749,0.0377489,0.0461863,0.0377495,0.0408527,0.0377489,0.0387477,0.0377489,0.102166,0.0377505,0.0533153,0.0377489,0.037749,0.0377593,0.0377566,0.0377489
0.0439152,0.0382014,0.0382025,0.0392753,0.0382005,0.0382005,0.0382005,0.0382006,0.0382006,0.0384321,0.0383616,0.0382006,0.0382008,0.0382107,0.0382005,0.0387197,0.038202,0.099175,0.0382007,0.0382752,0.0382012,0.0390846,0.0514637,0.0384745
0.0388298,0.09727,0.038865,0.0426012,0.0388921,0.0389559,0.0388298,0.0388305,0.0395303,0.0388322,0.0388298,0.0388407,0.0388298,0.039847,0.0388298,0.0388495,0.0388298,0.0388361,0.0388298,0.0426863,0.0388634,0.0388298,0.0388298,0.0388318
0.0391095,0.0391099,0.0391584,0.0391093,0.0391857,0.0391596,0.0391138,0.0391095,0.0393879,0.0391093,0.0391109,0.0998255,0.0391194,0.0391093,0.0391589,0.0391433,0.0391108,0.0391095,0.0391093,0.0391611,0.0391277,0.0391369,0.0391094,0.0391149
