0.0389251,0.0389251,0.0389251,0.038925,0.0396689,0.0389251,0.038925,0.0389251,0.0389808,0.038938,0.0391713,0.0390113,0.038925,0.038925,0.103472,0.0389267,0.039023,0.0389305,0.0389251,0.038925,0.0389251,0.0389251,0.0389261,0.0389251
0.038956,0.0388725,0.0388725,0.0388725,0.0388995,0.0388725,0.0388725,0.0388725,0.0388725,0.0388725,0.0388725,0.0388725,0.0388768,0.0388725,0.0390623,0.0388725,0.0388725,0.0388725,0.0388758,0.0388725,0.105608,0.0388895,0.0388725,0.0388725
0.0383474,0.0383481,0.0383491,0.0414994,0.0383474,0.038382,0.0383474,0.0383474,0.0383474,0.0383474,0.0383474,0.0383477,0.0383474,0.104174,0.0383474,0.0383477,0.0383474,0.0383474,0.0383474,0.048909,0.0383476,0.0383474,0.0383474,0.038432
0.040208,0.0402024,0.0402024,0.0402024,0.0402024,0.0402024,0.0402032,0.0402024,0.0752689,0.0402024,0.0402024,0.0402024,0.0402025,0.0402024,0.0402026,0.0402167,0.0402024,0.0402024,0.0402025,0.0402024,0.0402025,0.0402024,0.0402567,0.0402024
0.0374118,0.0374117,0.037412,0.0374117,0.0374117,0.0374123,0.0735353,0.0374117,0.0389367,0.0375426,0.0374117,0.0374119,0.0374117,0.0374117,0.037412,0.101691,0.0374117,0.0374118,0.0374117,0.0374338,0.0374117,0.0374131,0.0374117,0.0374478
0.0378474,0.0378567,0.0378341,0.0588801,0.0378341,0.0378341,0.0378341,0.0378342,0.0378341,0.0378343,0.0378999,0.0378342,0.0378341,0.0378341,0.0378341,0.039272,0.0378341,0.102816,0.0378341,0.0385268,0.0378342,0.0378343,0.0415501,0.0378387
0.0388811,0.0388812,0.038891,0.0388809,0.038915,0.0388809,0.0388814,0.0388809,0.0389068,0.0388809,0.0388846,0.0388809,0.105664,0.0388809,0.0388809,0.0388809,0.0388812,0.0388809,0.0388809,0.0388809,0.0388809,0.038881,0.0388809,0.0388809
0.0389602,0.0389602,0.03914,0.0389602,0.0389762,0.0389767,0.0389645,0.0389602,0.0389602,0.0389602,0.103239,0.0389609,0.0389603,0.0389602,0.0394139,0.0389602,0.0389614,0.0389602,0.0389602,0.0389602,0.0389606,0.0389604,0.0389642,0.0389602
0.03877,0.0387421,0.0390101,0.0387417,0.0387417,0.0387451,0.0387417,0.0387444,0.0387425,0.0387417,0.0387427,0.105202,0.0387417,0.0387434,0.0387473,0.0387421,0.0387417,0.0421668,0.0387417,0.0387424,0.0387417,0.0387418,0.0387417,0.038742
0.0388819,0.0388806,0.0389041,0.0388854,0.0388816,0.0388806,0.0388809,0.0388817,0.0388806,0.0388806,0.0388827,0.0388806,0.0388852,0.0388806,0.0388857,0.0388806,0.0388996,0.0388807,0.105683,0.0388806,0.038881,0.0388808,0.0388806,0.0388806
0.0388869,0.0388869,0.0388876,0.0388869,0.0388929,0.0388959,0.0388928,0.0388869,0.0388943,0.0388869,0.0388869,0.0388869,0.0388869,0.0388869,0.038887,0.105562,0.0388869,0.0388869,0.0388871,0.0388928,0.0388869,0.0388869,0.038887,0.0388903
0.0389669,0.0386343,0.0387315,0.0386343,0.0386344,0.0386344,0.0386343,0.0386343,0.038636,0.0386343,0.0386343,0.0386343,0.0391554,0.0386343,0.0386349,0.0386343,0.0386343,0.0386343,0.0386703,0.0386343,0.104031,0.0450246,0.0386344,0.0386343
0.0387743,0.0387747,0.0387743,0.0387743,0.0387744,0.0387743,0.105227,0.0413143,0.0387744,0.0390193,0.0387744,0.0387743,0.0387752,0.0387743,0.0387745,0.0387743,0.0389512,0.0387743,0.0387744,0.0387743,0.0387743,0.0387743,0.0387744,0.0387743
0.0385431,0.0384938,0.0388235,0.0384938,0.0384938,0.0384937,0.0384971,0.0384937,0.0384947,0.0384937,0.0385621,0.0384937,0.038494,0.0384937,0.0384939,0.0384945,0.0385185,0.0385056,0.0384937,0.038494,0.049572,0.0384941,0.103076,0.0384937
0.0387433,0.0391778,0.0387433,0.038746,0.0387433,0.0417292,0.0387433,0.105308,0.0387433,0.0388683,0.0387446,0.0387468,0.0387433,0.0387433,0.0387656,0.0387433,0.0387497,0.0387435,0.0387433,0.0387559,0.0387442,0.0387436,0.0387433,0.0387435
0.0473727,0.0392067,0.038562,0.0385594,0.0385594,0.0385594,0.0385594,0.0385594,0.0385615,0.0385595,0.038569,0.0385594,0.0385759,0.0385594,0.0385601,0.0385595,0.0385594,0.0385595,0.0385594,0.0385594,0.103641,0.0385595,0.0385595,0.0385594
0.0387628,0.0387608,0.0387699,0.0387712,0.0387608,0.0387608,0.0387716,0.0387608,0.0387608,0.0387609,0.0387608,0.0387608,0.0406734,0.0387608,0.0387793,0.0387608,0.0397882,0.0387608,0.105362,0.0387608,0.0389103,0.0387608,0.0387608,0.0387608
0.0388504,0.0388504,0.038851,0.0388504,0.040412,0.0388505,0.104748,0.0388504,0.038854,0.0388504,0.0388632,0.0388504,0.0388504,0.0388504,0.0388504,0.038912,0.0388504,0.0388504,0.0388506,0.0388504,0.0388607,0.0388504,0.0388922,0.0388504
0.0388356,0.0388356,0.0388356,0.0388911,0.0388356,0.0388721,0.0388356,0.10556,0.0388356,0.0398456,0.0388356,0.0388356,0.0388356,0.0388356,0.0388356,0.0388356,0.038836,0.0388358,0.0389523,0.0388356,0.0388356,0.038838,0.0388356,0.0388356
0.0388768,0.0388768,0.0388768,0.0388768,0.0388768,0.0388768,0.0388787,0.0388768,0.0388768,0.0388808,0.0388769,0.0388768,0.0388768,0.0388768,0.0388849,0.0388768,0.105663,0.0388794,0.0388768,0.0388768,0.0388871,0.0388768,0.0390213,0.0388768
0.039005,0.0388243,0.0388244,0.0388547,0.0388243,0.0388243,0.039594,0.0388243,0.0388246,0.0388243,0.0392405,0.0388243,0.0388251,0.0388243,0.0388243,0.0388739,0.0388246,0.0388614,0.0388488,0.0388244,0.0388261,0.0388243,0.105529,0.0388243
0.0388685,0.0388685,0.03917,0.0388685,0.0388699,0.0388686,0.0388761,0.0388685,0.105643,0.0388685,0.0388686,0.0388717,0.0388686,0.0388685,0.038935,0.0388685,0.0388695,0.0388685,0.0388686,0.0388685,0.0388685,0.0388685,0.0388685,0.0388685
0.0964325,0.0363862,0.0363879,0.0364625,0.0363862,0.0363862,0.0364469,0.0363862,0.0363862,0.0363863,0.0379214,0.0363862,0.0364822,0.0363862,0.0363862,0.0363862,0.0364069,0.0371622,0.0989078,0.0363862,0.0363862,0.0363862,0.0379831,0.0363862
0.0388785,0.0388785,0.0388819,0.0388785,0.0393467,0.0388785,0.0388803,0.0388785,0.0388785,0.0388785,0.0388785,0.0388785,0.105282,0.0388785,0.0388787,0.0388785,0.038911,0.0388785,0.0388848,0.0388785,0.0388788,0.0388785,0.0388785,0.0388785
0.0387793,0.0387782,0.0389397,0.0387782,0.0387782,0.0387813,0.0387824,0.0387782,0.0387805,0.0387784,0.0387782,0.105392,0.0387782,0.0389251,0.0401388,0.0387867,0.0387782,0.0387878,0.0387782,0.0387782,0.0387826,0.0397852,0.0387783,0.0387782
0.0388383,0.0388275,0.0388274,0.0402395,0.0388274,0.0388283,0.0388274,0.0388284,0.0388274,0.105544,0.0388274,0.0388274,0.0388274,0.0388274,0.0388275,0.0388274,0.0388274,0.0388274,0.0388278,0.0388274,0.0388274,0.0388275,0.0388274,0.0388274
0.0361432,0.0361432,0.0361545,0.0361432,0.0577729,0.0835613,0.0980934,0.0361432,0.0362418,0.0361432,0.0361432,0.036146,0.0375906,0.0361432,0.0361433,0.0361433,0.0361476,0.0361432,0.0361432,0.0361432,0.0361432,0.0361432,0.0361432,0.0361432
0.0388797,0.0388797,0.0388797,0.0388974,0.0388797,0.0388797,0.105686,0.0388797,0.0388797,0.0388836,0.0388797,0.0388797,0.0388797,0.0388797,0.0388797,0.0388797,0.0389141,0.0388797,0.0388797,0.0388797,0.0388799,0.0388797,0.038905,0.0388797
0.038888,0.105439,0.038888,0.0388885,0.038888,0.0389286,0.038888,0.03889,0.038888,0.0389396,0.038888,0.0389195,0.038888,0.038888,0.0388917,0.0388889,0.038888,0.03889,0.038888,0.0388915,0.0388881,0.038888,0.038888,0.0388882
0.100288,0.0387801,0.0387999,0.0388824,0.0387801,0.0387801,0.0387801,0.0387801,0.0387804,0.0388079,0.0387803,0.0458922,0.0387801,0.0387802,0.0387803,0.0387801,0.0387801,0.0387803,0.0387804,0.0387802,0.0389898,0.0388409,0.0390131,0.0387821
0.0387768,0.0387769,0.0387769,0.0387768,0.0387768,0.03878,0.0387768,0.0387768,0.0387768,0.0387805,0.0387768,0.0406703,0.0387768,0.0395353,0.0387768,0.0387778,0.0387769,0.0387768,0.0387768,0.0389668,0.0387773,0.0388764,0.0387769,0.105183
0.038893,0.0388826,0.0388974,0.0388824,0.0388824,0.0388824,0.0388824,0.0388824,0.0388825,0.0388827,0.10567,0.0388824,0.0388825,0.0388824,0.0388858,0.0388824,0.0388826,0.0388834,0.0388827,0.0388824,0.0388824,0.0388824,0.0388862,0.0388824
0.0388759,0.0388759,0.0388775,0.0388768,0.0389053,0.038876,0.0388759,0.0388759,0.0388766,0.0388759,0.0388759,0.0388759,0.0390195,0.0388759,0.0388783,0.0388759,0.0388762,0.0388759,0.105675,0.0388759,0.0388759,0.0388759,0.0388759,0.0388759
0.0388798,0.0388959,0.0388799,0.0388807,0.0388798,0.0389394,0.0388798,0.105675,0.0388798,0.0388812,0.0388799,0.0388803,0.0388798,0.0388798,0.0388798,0.0388798,0.0388858,0.0388798,0.0388837,0.0388798,0.0388799,0.0388805,0.0388798,0.0388798
0.0355971,0.0355975,0.0355977,0.0356037,0.0355971,0.0615933,0.0355971,0.0355985,0.0355971,0.0355971,0.0355971,0.0356436,0.0355971,0.0355972,0.0355971,0.0942099,0.0355971,0.0355972,0.0355972,0.0965077,0.0355972,0.0355987,0.0355971,0.0356896
0.0377437,0.0377437,0.037744,0.0377437,0.0378856,0.0377436,0.0377551,0.0377447,0.0377436,0.0377436,0.101797,0.0377436,0.0377437,0.0377436,0.0669955,0.0377436,0.0377685,0.0377437,0.0384102,0.0377436,0.0377438,0.0377436,0.0377442,0.0377436
0.0370254,0.0370398,0.0373276,0.0816965,0.0370249,0.0373603,0.0370249,0.0370249,0.0370273,0.037025,0.0370249,0.0370265,0.0370249,0.100269,0.0370249,0.0398533,0.0370249,0.0370249,0.0370249,0.0370259,0.0370249,0.0370249,0.0370249,0.0370249
0.0377024,0.0377024,0.0377026,0.0377025,0.0377029,0.0377149,0.0377025,0.0377024,0.0378254,0.0377028,0.0377024,0.0377053,0.0377024,0.0377031,0.0377024,0.102386,0.0377024,0.0377026,0.0377024,0.0674198,0.0377031,0.0377087,0.0377049,0.0382937
0.0391611,0.0391605,0.0393121,0.0391605,0.0391608,0.0391637,0.0391606,0.0391605,0.0391606,0.0391605,0.0391609,0.0989653,0.0391605,0.0392793,0.0391761,0.0392017,0.0391605,0.0391631,0.0391605,0.0391605,0.0391605,0.0391675,0.0391622,0.0391605
0.0388827,0.0390371,0.0388829,0.0388963,0.0388824,0.0388824,0.0388855,0.0388824,0.0388824,0.0388855,0.0388826,0.0388831,0.0388824,0.105443,0.0388824,0.0388839,0.0388824,0.0388826,0.0388824,0.0388849,0.0388824,0.0388828,0.0388825,0.0389627
0.0388316,0.0393739,0.0388315,0.0388315,0.0388315,0.0388315,0.0388315,0.0388315,0.0392127,0.0391176,0.0388315,0.105554,0.0388315,0.038862,0.0388451,0.038832,0.0388315,0.0388316,0.0388315,0.0388315,0.0388348,0.0388315,0.0388315,0.0388953
0.0388269,0.0388269,0.0388269,0.0388269,0.0388275,0.0388703,0.0388293,0.0388276,0.0398753,0.0388271,0.0388653,0.105538,0.0388282,0.0388269,0.0389132,0.0388271,0.039029,0.038827,0.0388269,0.0388373,0.038827,0.0388308,0.0388305,0.0388279
0.0388148,0.0388148,0.0388148,0.0388167,0.0388148,0.0388153,0.0388149,0.0388148,0.0388148,0.105507,0.0388148,0.0388149,0.0388148,0.0388148,0.0388149,0.0405642,0.0388148,0.0388149,0.0388148,0.0388148,0.0388148,0.0388152,0.0388148,0.0388148
0.0387386,0.0387386,0.0387386,0.0387386,0.0389608,0.0387386,0.0387409,0.0387395,0.0387926,0.0387386,0.0387728,0.0387417,0.0387388,0.0387386,0.1053,0.0387386,0.0421341,0.0387386,0.0387387,0.0387386,0.0387386,0.0387386,0.0387389,0.0387386
0.0386795,0.038679,0.0386797,0.0386789,0.0407512,0.0386789,0.0386789,0.0386789,0.0386968,0.0386789,0.105117,0.0386789,0.0386902,0.0386789,0.0386789,0.038679,0.0386792,0.0386789,0.0411172,0.038679,0.0386789,0.0386789,0.0394052,0.038679
0.0416598,0.0387847,0.038786,0.038788,0.0387847,0.0387847,0.0387847,0.0387847,0.0387854,0.0387847,0.0387847,0.0387847,0.0387847,0.0387847,0.0387847,0.0388355,0.0387847,0.0387848,0.0387851,0.0387847,0.104328,0.0387859,0.0394759,0.0387847
0.0389255,0.0389255,0.0389255,0.0389255,0.0389259,0.0389255,0.0389255,0.0389255,0.0391687,0.0389257,0.0389295,0.0389255,0.0389264,0.0389255,0.0389262,0.0389309,0.104392,0.0389255,0.0389255,0.0389255,0.0389917,0.0389255,0.0389255,0.0389266
0.0388151,0.0388151,0.0388151,0.0388151,0.0392601,0.0388151,0.0388158,0.0388151,0.0388366,0.0388151,0.038817,0.0388151,0.105475,0.0388151,0.0388151,0.0388151,0.0401201,0.0388151,0.0388151,0.0388151,0.0388186,0.0388151,0.0388151,0.0388151
0.0388663,0.0388663,0.105578,0.0388662,0.0388727,0.0388663,0.0388663,0.0388662,0.0389916,0.0388662,0.0388666,0.0388662,0.0388674,0.0388662,0.0388662,0.0388662,0.0388663,0.0388662,0.0392304,0.0388663,0.0388668,0.0388662,0.0388663,0.0388662
0.0388389,0.0388409,0.038839,0.0388406,0.0388389,0.105531,0.0388389,0.0398975,0.0388389,0.0388705,0.038839,0.0388389,0.038839,0.0389115,0.0388423,0.0388389,0.0388389,0.0388389,0.0388395,0.0388392,0.0388389,0.0388415,0.0388389,0.0388389
0.0388492,0.0388492,0.0388507,0.0388492,0.0394798,0.0388492,0.0388971,0.0388492,0.0388959,0.0388492,0.0394152,0.0388498,0.0388547,0.0388492,0.10516,0.0388492,0.038858,0.0388493,0.0388492,0.0388492,0.0388498,0.0388492,0.0388493,0.0388493
0.0386881,0.0386874,0.0386875,0.038688,0.0386873,0.0386877,0.0386873,0.0386873,0.0386873,0.105121,0.0386873,0.0387894,0.0386873,0.0386873,0.0387019,0.0387011,0.0386876,0.0386884,0.0386873,0.0386873,0.0431808,0.0391311,0.0386873,0.0386873
0.0388781,0.0389381,0.0388783,0.0388787,0.0388781,0.0388782,0.0388781,0.0388781,0.0388781,0.0388781,0.0388781,0.038903,0.0388781,0.0388781,0.0388781,0.0388782,0.0388781,0.0388796,0.0388781,0.0389137,0.0388781,0.0388781,0.0388781,0.105681
0.0388983,0.0525298,0.0388986,0.0410276,0.0388984,0.0389005,0.0388983,0.0388984,0.0388983,0.0388983,0.0388983,0.0389196,0.0388983,0.0396388,0.0388983,0.0388986,0.0388983,0.0388985,0.0388983,0.0883883,0.0389049,0.0388987,0.0388985,0.0393156
0.0388724,0.0388709,0.0388709,0.0388714,0.0388709,0.0388892,0.0388709,0.0388736,0.0388709,0.10566,0.0388709,0.0389441,0.0388709,0.0388709,0.0388713,0.039054,0.0388714,0.0388777,0.0388711,0.0388709,0.038871,0.0388927,0.0388709,0.0388709
0.0388801,0.0388801,0.0388862,0.0388801,0.0388835,0.0388803,0.0388801,0.0388801,0.0388801,0.0388808,0.0388824,0.0388876,0.0388801,0.0388801,0.105685,0.0388801,0.0388862,0.0388801,0.0388816,0.0388801,0.0389229,0.0388823,0.0388801,0.0388801
0.0379202,0.0379202,0.0379202,0.0379202,0.0379202,0.0379202,0.0379245,0.0379212,0.0379919,0.0379205,0.0379239,0.0379204,0.0379202,0.0379202,0.0622372,0.0379297,0.103026,0.0379207,0.0379294,0.0379202,0.0382449,0.0379204,0.0379876,0.0379202
0.0388361,0.0388363,0.0388361,0.0388361,0.0388434,0.0388766,0.0388364,0.105564,0.0388361,0.0388367,0.0392755,0.0388362,0.0388361,0.0388362,0.0388363,0.0388361,0.0388539,0.0388371,0.0395301,0.0388361,0.0388364,0.0388395,0.0388361,0.0388361
0.0386487,0.0386487,0.0386493,0.0386488,0.03866,0.0386487,0.0388189,0.0386487,0.038651,0.0386487,0.0386487,0.0386487,0.044604,0.0386487,0.0386487,0.038649,0.0386634,0.0386487,0.104918,0.0386492,0.0386493,0.0386487,0.0386546,0.0386487
0.0388663,0.0388663,0.0388666,0.0388663,0.0388663,0.0388684,0.0388663,0.0388663,0.0388667,0.0388666,0.0388663,0.0388746,0.0388663,0.0388718,0.0388663,0.105609,0.0388665,0.0390838,0.0388663,0.0390602,0.0388716,0.038887,0.0388774,0.038867
0.038878,0.0388697,0.0388698,0.0388698,0.0388697,0.0388698,0.0388698,0.0388698,0.0388704,0.0391358,0.0388697,0.0388701,0.0388723,0.0389132,0.0388705,0.0388725,0.0388786,0.0388699,0.0388697,0.0388698,0.0388841,0.105646,0.0388711,0.0388698
0.0389003,0.0388966,0.0388969,0.0389708,0.0388967,0.0388967,0.0388967,0.0388971,0.0388966,0.0388987,0.0388967,0.0388968,0.0388967,0.0388967,0.0391528,0.0388983,0.0389312,0.0389179,0.0388967,0.0388966,0.0388967,0.104979,0.0389,0.0388967
0.0388734,0.0388738,0.0389168,0.0388734,0.105665,0.0388734,0.0388734,0.0388734,0.0390695,0.0388734,0.0388748,0.0388734,0.038874,0.0388734,0.0388735,0.0388734,0.0388781,0.0388735,0.0388734,0.0388734,0.0388734,0.0388734,0.0388734,0.0388734
0.038425,0.038425,0.0384277,0.038425,0.0500987,0.0384252,0.0384393,0.038425,0.0384949,0.038425,0.0384669,0.0384251,0.104394,0.038425,0.038425,0.0384251,0.0384359,0.038425,0.0384299,0.038425,0.0384252,0.0384274,0.0384348,0.038425
0.038843,0.0389304,0.0388431,0.038843,0.038843,0.0388431,0.0388466,0.038843,0.038843,0.0388491,0.038843,0.0389333,0.038843,0.0397968,0.038843,0.0388441,0.038843,0.0388431,0.038843,0.038843,0.038843,0.0388437,0.038843,0.105468
0.0388108,0.0388107,0.0388412,0.0388107,0.0388114,0.0388107,0.0388107,0.0388107,0.105289,0.0388107,0.0388107,0.0388107,0.0388185,0.0388107,0.0388107,0.0408338,0.0388107,0.0388107,0.0388107,0.0388107,0.0388107,0.0388107,0.0388136,0.0388107
0.0388682,0.0388667,0.0388668,0.038874,0.0388667,0.0388668,0.0388667,0.0388667,0.0388667,0.0392692,0.0388667,0.0388668,0.0388667,0.0388667,0.0388668,0.0388668,0.0388667,0.0388667,0.0388667,0.0388667,0.0388709,0.10565,0.0388667,0.0388669
0.0384051,0.049686,0.0384057,0.104355,0.0384051,0.0384051,0.0384051,0.0384619,0.0384051,0.0385218,0.0384051,0.0384052,0.0384051,0.0384053,0.0384051,0.0384051,0.0384142,0.0392673,0.0384056,0.0384051,0.0384052,0.0384052,0.0384052,0.0384055
0.0973127,0.0364617,0.0364689,0.0364587,0.0364574,0.0364574,0.0364576,0.0364575,0.0364574,0.0991014,0.0364574,0.0364574,0.0364574,0.0364574,0.0379294,0.0364574,0.0364574,0.0364914,0.0364575,0.0364574,0.0364574,0.0364574,0.0364574,0.0364574
0.0388782,0.0388763,0.0388763,0.0388763,0.0389586,0.0388763,0.0388772,0.0388763,0.105655,0.0388763,0.0388763,0.0388763,0.0389724,0.0388763,0.0388765,0.038877,0.0388766,0.0388763,0.0388765,0.0388763,0.0388763,0.0388763,0.0388835,0.0388763
0.0388783,0.0388783,0.105636,0.0388783,0.0388806,0.0388783,0.0388842,0.0388783,0.0388879,0.0388783,0.0388993,0.0388783,0.0388795,0.0388783,0.0388783,0.0388783,0.0388783,0.0388783,0.0390015,0.0388783,0.0388783,0.0388783,0.0388784,0.0388783
0.0388691,0.105383,0.0388794,0.0388692,0.0388711,0.0393255,0.0388691,0.0388697,0.0388695,0.0388693,0.0388691,0.0390249,0.0388691,0.03887,0.0388692,0.0388691,0.0388691,0.0388691,0.0388691,0.0388691,0.0388691,0.0388691,0.0388691,0.0388692
0.0386844,0.0387019,0.0386821,0.0439317,0.0386821,0.0386821,0.0386821,0.0386827,0.0386821,0.104972,0.0386821,0.0386821,0.0386821,0.0386821,0.0386821,0.0387207,0.0386822,0.0387001,0.0386865,0.0386821,0.0386822,0.038688,0.0386821,0.0386821
0.0388621,0.0388621,0.0388726,0.0388621,0.105612,0.0388653,0.0388621,0.038869,0.0388621,0.0388621,0.0391203,0.0388621,0.0389207,0.0388621,0.0388621,0.0388621,0.0388622,0.0388621,0.039083,0.0388621,0.0388629,0.0388629,0.0388621,0.0388621
0.0385544,0.0385543,0.0385544,0.0385543,0.0385543,0.0385543,0.0385543,0.0385543,0.0385543,0.0385686,0.0385543,0.0385592,0.0385543,0.0469581,0.0385543,0.0385546,0.0385543,0.0385602,0.0385544,0.0385553,0.0385543,0.0385811,0.038557,0.104791
0.0384563,0.0384564,0.103881,0.0384561,0.0500514,0.0384562,0.0384561,0.0384561,0.0384671,0.0384561,0.0384737,0.0384561,0.0384564,0.0384561,0.0384561,0.0384561,0.0384561,0.0384561,0.0384593,0.0384561,0.0384562,0.0384561,0.0384561,0.0384561
0.0384399,0.0384455,0.0384418,0.0384397,0.0386023,0.0384397,0.0384397,0.0384397,0.0384399,0.0384397,0.104435,0.0384397,0.0384397,0.0384397,0.0384397,0.0384398,0.0384401,0.0384399,0.0472322,0.0384397,0.0384397,0.0384397,0.0409272,0.0384399
0.0389923,0.0388773,0.0388774,0.0388779,0.0388774,0.0388775,0.0388773,0.0388773,0.0388773,0.0388775,0.0388773,0.0388792,0.0388822,0.0388773,0.0388774,0.0388775,0.0388773,0.0388833,0.0388781,0.0388775,0.0388921,0.105676,0.0388773,0.038878
0.0396231,0.0398274,0.0396232,0.0396238,0.0396241,0.0397478,0.039628,0.0396233,0.039623,0.039623,0.0396263,0.0396257,0.0396231,0.0787374,0.039623,0.0396249,0.039623,0.039623,0.039623,0.0488067,0.039623,0.039623,0.0396389,0.0400121
0.0388372,0.0393868,0.0388374,0.0388373,0.0388437,0.0393669,0.0388419,0.0388517,0.0388595,0.0388372,0.0388403,0.0388373,0.0388446,0.038885,0.0388372,0.0388373,0.0388372,0.0388372,0.0388375,0.105544,0.0388507,0.0388372,0.0388372,0.0388372
0.0392479,0.0392481,0.0456778,0.0392479,0.0906733,0.0393893,0.0392479,0.0392479,0.0392481,0.0392479,0.0392492,0.039253,0.0392479,0.0392479,0.0392479,0.0392479,0.039248,0.0392479,0.0392938,0.0392481,0.0392483,0.0392479,0.0392479,0.0392479
0.0388367,0.0390292,0.0388375,0.0396608,0.0388367,0.0388428,0.0388367,0.0388367,0.0388367,0.0388367,0.0388367,0.0388368,0.0388367,0.105424,0.0388367,0.0388579,0.0388367,0.0388369,0.0388367,0.038842,0.0388367,0.0388369,0.0388412,0.0391135
0.0388759,0.0388763,0.0388788,0.0388758,0.0388759,0.0388846,0.0388757,0.0388757,0.0388819,0.0388761,0.0388757,0.0388791,0.0388757,0.0390885,0.0388757,0.104661,0.0388757,0.0388979,0.0388757,0.0396293,0.0388875,0.0388788,0.0388799,0.0390435
0.0388844,0.0388828,0.0388828,0.0388829,0.0388828,0.0388831,0.0388828,0.0388833,0.0388828,0.105685,0.0388828,0.0388829,0.0388828,0.0388835,0.0388887,0.0388832,0.0388828,0.038883,0.0388828,0.0388828,0.0388828,0.0388832,0.0388828,0.0388829
0.0386024,0.0434049,0.0386523,0.0413039,0.0386024,0.0386031,0.0386024,0.0386024,0.0386024,0.0386579,0.0386024,0.0386098,0.0386024,0.104524,0.0386024,0.0386024,0.0386024,0.0386024,0.0386024,0.0386038,0.0386024,0.0386024,0.0386024,0.0386046
0.0356711,0.0356798,0.0356712,0.0356712,0.0362125,0.0356715,0.0356845,0.0963716,0.0356711,0.0356711,0.0932241,0.0356711,0.0356711,0.0356711,0.0356717,0.0356711,0.0405612,0.0356712,0.0558556,0.0356711,0.0356711,0.0356711,0.0356711,0.0356721
0.0390415,0.03906,0.0390414,0.0391243,0.0390413,0.0390423,0.0390413,0.0390413,0.0390413,0.0396983,0.0390436,0.0390418,0.0390413,0.0390413,0.0390413,0.0390415,0.0390413,0.098521,0.0390413,0.0390423,0.0390435,0.0390831,0.0390418,0.0417619
0.039952,0.0387548,0.0387552,0.0387675,0.0387547,0.0387547,0.0387547,0.0387908,0.0387547,0.105345,0.0387547,0.0387547,0.0387547,0.0387547,0.0387567,0.0387547,0.0387547,0.040803,0.0387547,0.0387547,0.0387547,0.0387547,0.0387547,0.0387547
0.0373026,0.0373182,0.0373409,0.0995364,0.0372989,0.037299,0.0372989,0.0372989,0.0372989,0.0373048,0.0372989,0.0373004,0.0372989,0.0794006,0.0372989,0.0372989,0.0372989,0.0373012,0.037681,0.0373275,0.0372992,0.0372989,0.0373002,0.0372989
0.0377041,0.0377056,0.0377279,0.102469,0.0377041,0.0377042,0.0377041,0.0377041,0.0377041,0.0377064,0.0377041,0.0377041,0.0377041,0.0679341,0.0377041,0.0377059,0.0377041,0.0377061,0.0377141,0.0377656,0.0377042,0.0377041,0.037707,0.0377044
0.0385269,0.0385319,0.0385275,0.0385661,0.0385269,0.0385268,0.0385268,0.0385268,0.0385268,0.0385269,0.0385269,0.0385284,0.0385268,0.103928,0.0385268,0.0385269,0.0385268,0.038527,0.0385268,0.0385843,0.038527,0.0385272,0.0385276,0.0483753
0.0387842,0.038784,0.038784,0.0387841,0.0435788,0.038784,0.0387843,0.0387914,0.038835,0.038784,0.0397294,0.0387841,0.061522,0.038784,0.0387841,0.038784,0.0387898,0.038784,0.0793849,0.038784,0.0388155,0.0387842,0.0387917,0.038784
0.0385892,0.0385883,0.0385886,0.0385925,0.0385883,0.0385892,0.103214,0.0385949,0.0385883,0.0385886,0.0385883,0.0386491,0.0385885,0.0385897,0.0385883,0.0385921,0.0385884,0.0385883,0.0386627,0.0393213,0.0385892,0.0386384,0.046906,0.0385883
0.0407326,0.0407473,0.0407327,0.0407329,0.0407334,0.0627503,0.0408936,0.0407326,0.0407326,0.0407326,0.0407326,0.0407375,0.0407326,0.0407326,0.0407327,0.040946,0.0407326,0.0407326,0.0407326,0.0407326,0.0407329,0.0407329,0.0407327,0.0407363
0.0388814,0.0388807,0.0388807,0.0388807,0.0388807,0.0388807,0.105686,0.0388807,0.0388816,0.0388807,0.038881,0.0388807,0.0389069,0.0388807,0.0388807,0.0388807,0.0388807,0.0388807,0.0388807,0.0388807,0.038895,0.0388807,0.0388808,0.0388962
0.0380442,0.0380496,0.0380444,0.0380442,0.0380442,0.0380686,0.0380442,0.0380457,0.0380445,0.050905,0.0380442,0.102817,0.0380442,0.0470726,0.0382687,0.0380461,0.0380442,0.0380477,0.0380442,0.0380442,0.0380462,0.038058,0.0380442,0.0380442
0.0388812,0.0388813,0.0388813,0.0388817,0.0388812,0.0407657,0.0388812,0.0389328,0.0388812,0.0388815,0.0388812,0.0389165,0.0388812,0.0391479,0.0388812,0.0388812,0.0388812,0.0388812,0.0388813,0.103437,0.0388812,0.0388821,0.0388812,0.0389359
0.0391483,0.0391483,0.0391485,0.0391483,0.0393799,0.0393615,0.096039,0.0395585,0.0391484,0.0391483,0.0391483,0.0392742,0.0392624,0.0391483,0.0391483,0.0391484,0.0391487,0.0391483,0.0391549,0.0415953,0.0391483,0.0391484,0.0391483,0.0391489
0.0383308,0.0383351,0.0383313,0.0383429,0.0383308,0.0385893,0.0383308,0.0383309,0.0383322,0.0383308,0.0383308,0.0386258,0.0383308,0.0387583,0.0383308,0.0578439,0.0383308,0.0383309,0.0383308,0.097724,0.0383316,0.0383309,0.0383318,0.0384837
0.0388869,0.0388615,0.0388615,0.0388615,0.0388623,0.0388615,0.0388615,0.0388615,0.0392347,0.038862,0.0394038,0.0388616,0.0388615,0.0388615,0.0388854,0.038866,0.0388684,0.0389823,0.0388615,0.0388615,0.0390724,0.0388615,0.104876,0.0388615
0.0388627,0.0388627,0.038863,0.0388627,0.0388628,0.0388627,0.039236,0.0388649,0.0388767,0.0388628,0.0388925,0.0388641,0.0388627,0.0388627,0.0388687,0.0388627,0.105622,0.0388628,0.0388627,0.0388627,0.0389708,0.0388627,0.038863,0.0388629
0.0388818,0.105692,0.0388818,0.0388819,0.0388819,0.038889,0.0388818,0.0388899,0.0388823,0.0388829,0.0388819,0.0388884,0.0388818,0.0388844,0.0388818,0.0388822,0.0388818,0.0388818,0.0388818,0.0388819,0.0388818,0.0388818,0.0388818,0.0388822
0.0382257,0.0382257,0.0382257,0.0382401,0.0382257,0.0382263,0.0382257,0.0382262,0.0382257,0.0383313,0.0382257,0.0382257,0.0382257,0.0382421,0.0382257,0.103624,0.0382351,0.038236,0.0382263,0.0549404,0.0382362,0.0384933,0.0382499,0.0382357
0.0388821,0.038882,0.0388821,0.038882,0.0388821,0.0389032,0.038882,0.038882,0.038882,0.038889,0.038882,0.0389084,0.038882,0.0388842,0.0388821,0.0388824,0.038882,0.038882,0.0388892,0.038889,0.0388823,0.105641,0.038882,0.0388831
0.0390221,0.0388708,0.0388705,0.0388705,0.0388704,0.0388733,0.0388708,0.0390104,0.0388705,0.10566,0.0388704,0.0388705,0.0388704,0.0388866,0.0388719,0.0388706,0.0388705,0.0388768,0.0388704,0.0388704,0.0388704,0.0388705,0.0388704,0.0388704
0.0388779,0.0388778,0.0388778,0.0388778,0.0388778,0.0388791,0.0388801,0.0388778,0.0388778,0.0389639,0.0388778,0.0388973,0.0388779,0.038885,0.0388778,0.0388778,0.0388778,0.0388778,0.0388778,0.0388778,0.0388782,0.105658,0.0388778,0.0389132
0.0388752,0.038845,0.0388452,0.038845,0.0388452,0.038845,0.0388458,0.038845,0.0388713,0.0392509,0.0388531,0.0388451,0.0388557,0.038845,0.0389199,0.0388452,0.0398527,0.0388471,0.038845,0.038845,0.0388466,0.038847,0.104994,0.038845
0.038226,0.0382255,0.0382255,0.0382255,0.0382255,0.0382255,0.0388512,0.0382255,0.0382256,0.0384424,0.0382256,0.0382255,0.0382256,0.0382255,0.0540192,0.0382322,0.103798,0.0382255,0.0383807,0.0382255,0.0384141,0.0382508,0.0382283,0.0382255
0.0413533,0.0413537,0.0413535,0.0413535,0.0413551,0.0413534,0.0413533,0.0413533,0.0413538,0.0413533,0.0471078,0.0416731,0.0420689,0.0413533,0.0413534,0.0413533,0.0414401,0.0413533,0.0419171,0.041375,0.0413671,0.0413564,0.0413917,0.0413534
0.0388184,0.0388185,0.0388185,0.0388184,0.0388557,0.0389031,0.0388185,0.0388297,0.0422271,0.0388185,0.0388187,0.102745,0.0388185,0.0388184,0.0394976,0.0388186,0.038968,0.0388192,0.0388184,0.0388187,0.0388185,0.0388722,0.0388185,0.0388233
0.0387179,0.0392243,0.0387186,0.0387178,0.0387179,0.038719,0.0387178,0.0387178,0.038718,0.0387226,0.0387178,0.105242,0.0387178,0.0424204,0.0387178,0.0387178,0.0387178,0.0387179,0.0387178,0.0387467,0.0387179,0.0387178,0.0387178,0.0387208
0.0397745,0.0388457,0.0388471,0.0388457,0.0388457,0.0388457,0.0388457,0.0388457,0.0388457,0.0388458,0.0388457,0.0388457,0.038847,0.0388457,0.0388546,0.0388457,0.0388457,0.0388457,0.0388457,0.0388457,0.105593,0.0388614,0.0388458,0.0388457
0.0370994,0.0829239,0.0370995,0.100842,0.0370994,0.0370994,0.0370994,0.0371001,0.0370994,0.037102,0.0370994,0.0370995,0.0370994,0.0371293,0.0370994,0.0370998,0.0370994,0.0371021,0.0371002,0.0371082,0.0370998,0.0370994,0.0370994,0.0370994
0.0386611,0.0387068,0.0386611,0.0386626,0.0386611,0.0386611,0.0386613,0.0386639,0.0386611,0.0390113,0.0386612,0.0439165,0.0386611,0.0386612,0.0386612,0.0386855,0.0386616,0.105091,0.0386611,0.0386683,0.0386617,0.0386738,0.0386628,0.0386612
0.0366396,0.0373836,0.0366437,0.0367303,0.0366398,0.0366438,0.0366396,0.0366396,0.0366396,0.0366455,0.0366396,0.0366869,0.0366396,0.0936756,0.0366396,0.0366522,0.0366396,0.0366458,0.0366396,0.0708148,0.0366435,0.0366396,0.0366396,0.0651592
0.0388652,0.0388652,0.0388663,0.0388652,0.038873,0.0388652,0.038867,0.0388652,0.0388761,0.0388652,0.0388934,0.0388654,0.0393194,0.0388652,0.0388723,0.0388652,0.105584,0.0388652,0.0388686,0.0388652,0.0388652,0.0388654,0.0388668,0.0388652
0.0388551,0.0391525,0.0388552,0.0388551,0.0388557,0.105619,0.0388589,0.0388552,0.0388552,0.0388551,0.0388551,0.0388781,0.0388551,0.0388564,0.038868,0.0392284,0.0388551,0.0388551,0.0388551,0.0388557,0.0388551,0.0388551,0.0388551,0.0388552
0.038647,0.03865,0.105022,0.038647,0.0393783,0.0439928,0.038647,0.038647,0.0386474,0.038647,0.0386476,0.0386475,0.038647,0.0386608,0.038647,0.038647,0.038647,0.038647,0.0386473,0.038647,0.0386473,0.038647,0.0386471,0.038647
0.0388122,0.0388122,0.0388122,0.0388122,0.038821,0.0388122,0.0388126,0.0388122,0.10545,0.0388122,0.0388122,0.0388122,0.0388123,0.0388122,0.0388122,0.0395621,0.0388122,0.0388122,0.0395507,0.0388123,0.0388122,0.0388122,0.0391833,0.0388122
0.0389842,0.0389813,0.0389819,0.0389814,0.0389814,0.0389813,0.0389813,0.0389813,0.10342,0.0389813,0.0389813,0.0389813,0.0389831,0.0389813,0.0389813,0.0389827,0.0389813,0.0389842,0.0389815,0.0389813,0.0389814,0.0389813,0.0389817,0.0389813
0.036789,0.036789,0.0367891,0.0367893,0.036789,0.036789,0.036789,0.036789,0.036789,0.0367892,0.036789,0.0367898,0.036789,0.0989739,0.036789,0.0367897,0.036789,0.0367902,0.036789,0.0368029,0.036789,0.0367894,0.0367909,0.0916484
0.0388782,0.0388783,0.0388808,0.0388782,0.105682,0.0388795,0.0388782,0.0388789,0.0388804,0.0388782,0.0389725,0.0388782,0.0388846,0.0388894,0.0388782,0.0388782,0.0388782,0.0388782,0.0388788,0.0388782,0.0388783,0.0388782,0.0388782,0.0388782
0.0385206,0.0385221,0.038526,0.0390116,0.0385208,0.0385388,0.0385206,0.0385208,0.0385206,0.0385208,0.0385206,0.0385236,0.0385206,0.0512931,0.0385206,0.0385772,0.0385206,0.0385207,0.0385265,0.0977674,0.0386277,0.0385221,0.0385215,0.0413146
0.0414505,0.0387762,0.0387742,0.0387742,0.0387743,0.0387742,0.0387742,0.0387742,0.0387743,0.0387743,0.0387742,0.0387742,0.0388398,0.0387742,0.038805,0.0387742,0.0387742,0.0387742,0.0387743,0.0387742,0.105359,0.0388304,0.0387766,0.0387742
0.0388077,0.0388076,0.0388082,0.0388076,0.0388077,0.0388077,0.0388077,0.0388077,0.0391598,0.0388076,0.0388078,0.105453,0.0388076,0.0388811,0.0388103,0.0389159,0.0388076,0.0388083,0.0388076,0.0388315,0.0388152,0.040208,0.0388085,0.0388085
0.0382964,0.0382965,0.0382965,0.0383091,0.0382964,0.1041,0.0382967,0.0382986,0.0382968,0.0382964,0.0382964,0.0382967,0.0382964,0.0382994,0.0383076,0.0533486,0.0382964,0.0382964,0.0382964,0.0382965,0.0382965,0.0382966,0.0382964,0.0382964
0.0382201,0.0382201,0.0552603,0.0382201,0.0382202,0.103893,0.0382201,0.0382211,0.0382226,0.0382201,0.0382201,0.0382203,0.0382201,0.0382201,0.0382203,0.0382201,0.0382201,0.0382201,0.0382201,0.0382201,0.0382201,0.0382213,0.0382201,0.0382201
0.0385698,0.038547,0.0385469,0.0471069,0.0385469,0.0385469,0.0385469,0.038547,0.0385469,0.104737,0.0385469,0.0385475,0.0385469,0.038547,0.0385471,0.0385475,0.0385478,0.0385917,0.0385469,0.0385469,0.0385478,0.0385594,0.0385474,0.0385864
0.0396764,0.0396758,0.0396782,0.0396757,0.0396754,0.0396754,0.0396789,0.0396754,0.0396755,0.0396754,0.0396764,0.0396754,0.0468491,0.0396754,0.0396754,0.0396755,0.0396754,0.0479062,0.0396754,0.0720419,0.0396848,0.0396755,0.0396755,0.0396756
0.0388068,0.0388026,0.105388,0.0388053,0.0398162,0.0388026,0.0388026,0.0388026,0.0388038,0.0388026,0.0388026,0.0388026,0.0388049,0.0397379,0.0388026,0.0388273,0.0388026,0.0388026,0.0388961,0.0388026,0.0388382,0.0388026,0.0388419,0.0388026
0.0389849,0.0388972,0.0388974,0.0389099,0.0388972,0.0388978,0.0388972,0.0388972,0.0388972,0.0388983,0.0388972,0.0391605,0.0388972,0.0388972,0.0388972,0.0401931,0.0388975,0.0389397,0.0388972,0.0388973,0.03892,0.0993053,0.0431857,0.0389407
0.0388737,0.0388731,0.0388732,0.0391068,0.0388732,0.0388739,0.0388731,0.0388744,0.0388731,0.0388736,0.0388731,0.0388731,0.0388735,0.0388731,0.0388733,0.0388736,0.0388732,0.0388731,0.0388875,0.0388731,0.0388732,0.105666,0.0388731,0.0388732
0.0388808,0.0388761,0.0388762,0.0388761,0.0389847,0.0388885,0.105513,0.0388761,0.0388761,0.0388761,0.0388761,0.0388761,0.0388832,0.0388761,0.0388763,0.0390787,0.0388761,0.0388761,0.0388766,0.0388761,0.0388761,0.0388761,0.0388761,0.0388763
0.0388716,0.0388715,0.039118,0.0388715,0.0388737,0.0388715,0.0388715,0.0388715,0.105664,0.0388715,0.0388715,0.0388716,0.0388719,0.0388715,0.0388715,0.0388745,0.0388716,0.0388715,0.0388715,0.0388715,0.0389102,0.0388715,0.0388715,0.0388715
0.0386739,0.0386739,0.0386741,0.0386743,0.0386884,0.0386739,0.0387034,0.0386739,0.0386746,0.0386739,0.0386739,0.0386739,0.104181,0.0386739,0.0386739,0.0386739,0.0392252,0.0386739,0.0443204,0.0386739,0.0387447,0.0386746,0.038679,0.0386739
0.0388228,0.038823,0.0388228,0.0388228,0.0388228,0.0388232,0.0388228,0.0388228,0.0388228,0.0388229,0.0388228,0.0388955,0.0388228,0.0388268,0.0388228,0.038823,0.0388228,0.0388228,0.0388228,0.0409601,0.0388231,0.0389105,0.0388228,0.104773
0.0388403,0.0388474,0.0388407,0.0388539,0.0388411,0.0388412,0.0388403,0.0388418,0.0388403,0.0388403,0.038841,0.0388407,0.0388403,0.105234,0.0388403,0.0388403,0.0388403,0.0388403,0.0388409,0.0388775,0.0388403,0.0388403,0.0388452,0.0402112
0.0388666,0.0388665,0.0388954,0.0388666,0.0388674,0.0388665,0.0388665,0.0388665,0.0388665,0.0388665,0.0388687,0.0388665,0.0388945,0.0388665,0.0388668,0.0388665,0.0388671,0.0388665,0.105584,0.0388665,0.0392916,0.0388666,0.0388666,0.0388665
0.0372214,0.0372193,0.0387861,0.037223,0.037222,0.0372194,0.0372194,0.0372193,0.0373383,0.0372193,0.0372193,0.0372193,0.101109,0.0372193,0.0372193,0.0372193,0.0372194,0.0372193,0.0783711,0.0372193,0.0372194,0.0372193,0.0372193,0.0372193
0.0388672,0.0388669,0.03895,0.038942,0.0388669,0.0388669,0.0388698,0.0388671,0.0388669,0.0388689,0.0388671,0.0388669,0.0388685,0.0388669,0.0388701,0.0388671,0.10565,0.0390007,0.0389734,0.0388669,0.0388669,0.0388687,0.0388673,0.0388669
0.0388247,0.0388247,0.0388247,0.0388247,0.0393493,0.038825,0.0388352,0.0394995,0.0388247,0.0388247,0.0396433,0.0388281,0.0388249,0.0388247,0.0388255,0.0388247,0.104949,0.0388247,0.0388603,0.0388247,0.0388247,0.0388249,0.038825,0.0388382
0.038869,0.0390102,0.038869,0.038869,0.038869,0.0388731,0.0388691,0.0388695,0.038869,0.0388691,0.038869,0.0388823,0.038869,0.0388691,0.038869,0.0388691,0.038869,0.0389248,0.038869,0.105656,0.0388701,0.038869,0.038869,0.0390099
0.038878,0.0388746,0.0388746,0.0388747,0.0388746,0.0388746,0.0388746,0.0388746,0.0388746,0.0388753,0.0388746,0.0388814,0.0388751,0.0388748,0.0388746,0.0388834,0.0388753,0.0389513,0.0388746,0.0388746,0.0388804,0.105653,0.039002,0.0388746
0.0388192,0.0388095,0.0388095,0.0388799,0.0388095,0.0388096,0.0388095,0.038811,0.0388095,0.105494,0.0388095,0.0388095,0.0388095,0.0388095,0.0388097,0.0388111,0.0388095,0.0403043,0.0388095,0.0388095,0.0388095,0.0388556,0.0388095,0.0390728
0.0388921,0.0388813,0.0388823,0.0388825,0.0388813,0.0388813,0.0388813,0.0388813,0.0388827,0.0388815,0.0388813,0.0388815,0.0388813,0.0388813,0.0388818,0.0388931,0.0388813,0.0388813,0.0388813,0.0388813,0.105575,0.038882,0.0390094,0.0388813
0.0385336,0.0385341,0.0385337,0.0385336,0.0385337,0.0385423,0.0385338,0.038536,0.038565,0.0385338,0.0463161,0.104346,0.0385337,0.0385337,0.0386322,0.0385336,0.039985,0.0385336,0.0385336,0.0385337,0.0385339,0.0385354,0.0385357,0.0385348
0.0390801,0.0388702,0.0388703,0.0389016,0.0388704,0.0388702,0.0388702,0.0388702,0.0388708,0.0388702,0.038902,0.0388707,0.0388705,0.0388721,0.0388702,0.0388723,0.0388704,0.0388703,0.0390106,0.0389788,0.0388773,0.0388726,0.105447,0.0388709
0.101741,0.0388131,0.0388135,0.0404348,0.0388131,0.0388131,0.0388132,0.0388131,0.0388219,0.0388131,0.0388131,0.0388131,0.0388131,0.0388131,0.0388131,0.0388225,0.0388131,0.0388141,0.0388131,0.0388131,0.038826,0.0388134,0.0427158,0.0388131
0.0398716,0.0398718,0.0398717,0.0398716,0.0398799,0.0398716,0.0398716,0.0398716,0.0398716,0.0398716,0.0402484,0.0398903,0.0813191,0.0398716,0.0398722,0.0398715,0.0398873,0.0398715,0.0406081,0.0399093,0.0399085,0.0402602,0.0398858,0.0398716
0.0388467,0.0388467,0.0388467,0.0388474,0.0388467,0.0388548,0.0388468,0.105584,0.0388467,0.0388476,0.0390261,0.0388467,0.0388467,0.0388467,0.0388471,0.0388467,0.0391978,0.0388755,0.0392174,0.0388467,0.0388467,0.0388484,0.0388467,0.0388467
0.0461887,0.0385785,0.0385762,0.0385996,0.0385761,0.0385761,0.0385761,0.0385761,0.0385768,0.0387077,0.0386162,0.0387246,0.0385761,0.0385762,0.0385764,0.0386,0.0386094,0.104573,0.0386144,0.0385767,0.0386406,0.0385903,0.0385881,0.0386055
0.0396348,0.0396348,0.0452271,0.0396348,0.0823526,0.0397587,0.0396361,0.0396348,0.0396828,0.0396348,0.0396382,0.0396349,0.0396348,0.0396348,0.039635,0.0396383,0.0396349,0.0396348,0.0399065,0.0396349,0.0396358,0.0396348,0.0396348,0.0396359
0.0388938,0.0388941,0.0389021,0.0388947,0.0388951,0.105409,0.0388939,0.0389032,0.0388952,0.0388939,0.0388938,0.0388976,0.0388938,0.0388979,0.0388938,0.0388951,0.0388938,0.0388938,0.0388938,0.0388938,0.0388938,0.0388962,0.0388938,0.0388938
0.0388243,0.0388245,0.0388245,0.0388243,0.0388247,0.105487,0.0392749,0.038846,0.0388243,0.0388245,0.0388243,0.038974,0.0388243,0.0389164,0.0388249,0.0388344,0.0388243,0.0388243,0.0388243,0.0388243,0.0388243,0.0396489,0.0388263,0.0388264
0.0392888,0.0393446,0.0392889,0.039479,0.0392888,0.0959305,0.0392888,0.0394641,0.0392888,0.0392888,0.0392888,0.0392889,0.0392889,0.0392888,0.0392888,0.0392888,0.0392888,0.0392888,0.0392888,0.0392888,0.0392888,0.0392943,0.0392888,0.0392888
0.0396434,0.0396458,0.0396432,0.0396494,0.0396432,0.0396436,0.0396432,0.0396433,0.0396432,0.0397314,0.0396432,0.0396434,0.0396432,0.0396433,0.0396433,0.0403625,0.0396432,0.0870759,0.0396433,0.039873,0.0396463,0.0396469,0.0396456,0.0397169
0.0388724,0.0388722,0.0388724,0.0388764,0.0388722,0.0388792,0.0388768,0.0388722,0.0390489,0.0388742,0.0388722,0.0388731,0.0388722,0.0388845,0.0388741,0.105658,0.0388722,0.0388757,0.0388722,0.0388728,0.0388727,0.0388807,0.0389302,0.0388725
0.0414664,0.041469,0.0429949,0.0414664,0.0414818,0.0417487,0.0414766,0.0414668,0.041467,0.0414665,0.0414852,0.041467,0.0414682,0.0414664,0.0414664,0.0414664,0.0414683,0.0414664,0.0443863,0.0414895,0.0414665,0.0414664,0.0414665,0.0414665
0.0387225,0.0387225,0.0387225,0.0387225,0.0387225,0.0387225,0.0387345,0.0387225,0.103878,0.0387225,0.0387225,0.0387225,0.0437296,0.0387225,0.0387225,0.0391997,0.0387232,0.0387225,0.0387225,0.0387225,0.0387253,0.0387225,0.0387272,0.0387225
0.0388398,0.0388398,0.0399195,0.0388398,0.0388399,0.105578,0.0388499,0.0388399,0.03884,0.0388399,0.0388398,0.0388398,0.0388398,0.0388398,0.0388398,0.0388557,0.0388398,0.0388399,0.0388398,0.0388399,0.0388398,0.03884,0.0388398,0.0388398
0.0388825,0.0388857,0.0388837,0.105691,0.0388825,0.0388826,0.0388825,0.0388825,0.0388825,0.0388825,0.0388825,0.0388826,0.0388825,0.038888,0.0388825,0.0388825,0.0388825,0.0388828,0.0388825,0.0388834,0.0388825,0.0388825,0.0388828,0.0388825
0.0398166,0.0388367,0.0388368,0.0388615,0.0388367,0.0388367,0.0388367,0.0388367,0.0388734,0.0388388,0.0388367,0.0388367,0.0388367,0.0388367,0.0389559,0.0388384,0.0388369,0.0388367,0.0388541,0.0388367,0.105542,0.0388374,0.0388676,0.0388367
0.038897,0.038897,0.038897,0.0388975,0.0388971,0.038897,0.038897,0.0388977,0.0388971,0.0388971,0.0388995,0.038897,0.038897,0.038897,0.0389068,0.0388972,0.105346,0.038897,0.038897,0.038897,0.0389002,0.038897,0.0389021,0.0388975
0.038861,0.0388616,0.038861,0.038861,0.0388621,0.038861,0.038861,0.0388629,0.038861,0.0388616,0.0388613,0.0395011,0.038861,0.0389561,0.0388618,0.0388613,0.038861,0.0388642,0.0388611,0.0398699,0.0388614,0.038877,0.0388611,0.104428
0.0388534,0.0389716,0.0388699,0.0393651,0.0388532,0.0388617,0.0388532,0.0388532,0.0388532,0.0388534,0.0388532,0.0388709,0.0388532,0.105605,0.0388532,0.0388532,0.0388532,0.0388537,0.0388532,0.0389249,0.0388538,0.0388532,0.0388553,0.0388768
0.0381359,0.0381359,0.0381359,0.0381359,0.0381425,0.0381359,0.0381509,0.0383383,0.0381435,0.0381359,0.0383826,0.038139,0.0381468,0.0381359,0.038145,0.0381359,0.102823,0.0381359,0.057686,0.0381359,0.0381361,0.0381359,0.038136,0.0381359
0.0394961,0.0392508,0.0392283,0.0398904,0.0392282,0.0392282,0.0392282,0.0392282,0.0392282,0.0392331,0.0400936,0.0392927,0.0392283,0.0392284,0.0392282,0.0392446,0.0392297,0.0947622,0.0394631,0.0392342,0.0392621,0.0393648,0.0396894,0.039439
0.0389074,0.104429,0.0389074,0.0394699,0.0389074,0.0389138,0.0389074,0.0389074,0.0389082,0.0389076,0.0389074,0.0389113,0.0389074,0.0389077,0.0389074,0.0389113,0.0389074,0.0389078,0.0389074,0.0389082,0.0389078,0.0389074,0.0389074,0.0390289
