0.0383076,0.0383028,0.0383407,0.0383036,0.0385788,0.0383035,0.0383016,0.0383313,0.0412857,0.0383364,0.0449858,0.0384855,0.0383016,0.0386309,0.101023,0.0383302,0.0445862,0.0393977,0.0383033,0.0383022,0.0383078,0.0383015,0.0383293,0.0383228
0.0445787,0.0384713,0.0386529,0.038469,0.038601,0.0384708,0.0385197,0.0384663,0.0386221,0.0384855,0.0385134,0.0384665,0.0386,0.0384663,0.0396336,0.0384742,0.0384827,0.0384965,0.0397116,0.0384665,0.102811,0.0391743,0.0408995,0.0384663
0.0363481,0.0365029,0.0366436,0.0672345,0.0363568,0.036534,0.0363484,0.0363805,0.0363545,0.0363541,0.0363547,0.0364158,0.0363476,0.097523,0.0363474,0.0364536,0.0363475,0.036396,0.0363501,0.0673061,0.0363506,0.0363483,0.0363598,0.0400421
0.0407759,0.0402995,0.0403015,0.0403085,0.040325,0.0402998,0.0403134,0.0402989,0.0664233,0.0403022,0.0403057,0.0403001,0.0404157,0.0403012,0.0403686,0.0404845,0.0403364,0.0403555,0.0404949,0.0403272,0.0403055,0.0404048,0.045652,0.0402999
0.0382843,0.0379991,0.038176,0.0380024,0.037989,0.0383129,0.0548377,0.0379868,0.0396905,0.0397853,0.0379862,0.0379952,0.0379964,0.0380007,0.0379888,0.103136,0.0379887,0.0381439,0.0379862,0.0386113,0.0379895,0.0387359,0.0380487,0.0383286
0.0373524,0.0375128,0.0370901,0.0586287,0.0370719,0.0370695,0.0370721,0.0371068,0.037067,0.0371264,0.0378079,0.0370789,0.0370653,0.0373251,0.0370656,0.0467108,0.0371012,0.0985424,0.0370917,0.0473997,0.0370913,0.0371856,0.0412471,0.0381895
0.03854,0.0384164,0.0391201,0.0384158,0.0398804,0.0384161,0.0384335,0.0384157,0.0387488,0.0384157,0.0397488,0.0384224,0.103448,0.0384166,0.0384261,0.0384174,0.0384361,0.0384158,0.047198,0.0384164,0.0385833,0.0384187,0.0384337,0.0384162
0.0384203,0.0384225,0.0412824,0.0384179,0.0398218,0.0385582,0.0384543,0.0384322,0.038426,0.0384189,0.102738,0.0387198,0.0384216,0.0384201,0.0465831,0.0384179,0.0386681,0.0384206,0.03849,0.0384201,0.0384188,0.0384258,0.0387797,0.0384218
0.0384226,0.0384351,0.038466,0.0384752,0.0383885,0.0397646,0.0383776,0.0385626,0.0384258,0.0385194,0.0403692,0.101794,0.0383766,0.0405875,0.0412919,0.0384623,0.0383767,0.0436609,0.0383766,0.0384859,0.0383787,0.0384751,0.0386176,0.0389092
0.0388738,0.0388103,0.0388405,0.0388438,0.0388747,0.038812,0.0389922,0.0388249,0.0388111,0.0388123,0.0391053,0.0388144,0.0392483,0.0388102,0.039397,0.0388107,0.0399806,0.0388352,0.104288,0.0388102,0.0388202,0.0388182,0.0389561,0.0388102
0.039029,0.0390457,0.0390293,0.0390212,0.0394048,0.0395264,0.0397669,0.0390098,0.0403595,0.0390098,0.0390117,0.0390176,0.0390371,0.0390156,0.0390145,0.0991254,0.0390087,0.0390107,0.0390201,0.0394508,0.0390093,0.0390299,0.0390189,0.0390271
0.043997,0.0381503,0.0388134,0.0381519,0.0381944,0.0381608,0.0383153,0.0381498,0.038286,0.0381512,0.0381599,0.0381501,0.044949,0.0381498,0.0381581,0.0381542,0.0381512,0.0381648,0.0389434,0.0381501,0.101484,0.0437815,0.039084,0.0381498
0.0386954,0.038702,0.0386897,0.0387008,0.0387788,0.0386889,0.0993094,0.0464483,0.0386919,0.0403145,0.0386948,0.0386888,0.0390197,0.0386891,0.0387328,0.0387111,0.0394035,0.0386896,0.0388747,0.0386888,0.0386904,0.0386997,0.0387079,0.0386893
0.0391527,0.038591,0.0427738,0.0387696,0.0385913,0.0385918,0.0388349,0.0385891,0.038604,0.0385912,0.0387479,0.0385895,0.0385997,0.0385974,0.0386371,0.0386321,0.0388626,0.0388582,0.0385896,0.0385919,0.0482843,0.0386265,0.096701,0.0385925
0.0375621,0.0600959,0.0375637,0.037596,0.0375812,0.0473502,0.0377497,0.101622,0.0375625,0.0383492,0.0376614,0.0376517,0.0375622,0.0375751,0.0377633,0.0375657,0.0381057,0.037598,0.0375838,0.0376081,0.0375627,0.0375789,0.0375623,0.0375886
0.0650052,0.0378237,0.0391535,0.0378136,0.0378293,0.0378136,0.0378228,0.0378134,0.0379636,0.0378179,0.0379837,0.0378136,0.0400391,0.0378135,0.0378578,0.0378498,0.0378139,0.0378742,0.0379061,0.0378167,0.098703,0.0378862,0.0379723,0.0378136
0.037574,0.0375221,0.037531,0.0375338,0.0375231,0.0375195,0.0381707,0.0375626,0.0375195,0.0375614,0.0377072,0.0375194,0.0600677,0.0375194,0.0377176,0.037537,0.0489139,0.037525,0.101757,0.0375194,0.0376209,0.0375368,0.0375201,0.0375212
0.0379893,0.037929,0.0393794,0.0379295,0.0632464,0.0380078,0.0984817,0.0379284,0.0382012,0.0379315,0.0380996,0.0379315,0.0379593,0.0379288,0.0381496,0.038185,0.0380193,0.0379326,0.0379966,0.0379358,0.0383844,0.0379285,0.0385963,0.0379283
0.0383296,0.0386315,0.0383296,0.0395813,0.03833,0.0388361,0.0383319,0.104144,0.0383296,0.0457236,0.0383485,0.0383352,0.0383297,0.0383436,0.0385263,0.0383297,0.0384564,0.0383411,0.0426798,0.0383298,0.03833,0.0384212,0.0383297,0.0383312
0.0386617,0.038623,0.0386481,0.0387102,0.0386588,0.0386234,0.0389132,0.0386253,0.0386359,0.0386433,0.0387679,0.0386228,0.0386416,0.0386228,0.0400259,0.0386256,0.104227,0.0386934,0.0397921,0.0386228,0.0395103,0.0386246,0.041857,0.0386227
0.0464639,0.0382744,0.038315,0.0408369,0.0382966,0.0382736,0.0415332,0.0382725,0.0384272,0.038276,0.0390354,0.0382725,0.0384967,0.0382786,0.038275,0.038787,0.0383538,0.0384028,0.0383853,0.0382796,0.0382995,0.0382738,0.103618,0.0382727
0.0383203,0.0383219,0.0411515,0.0383203,0.0419997,0.0385997,0.0409204,0.0383253,0.101374,0.0383203,0.038351,0.0385016,0.0403901,0.0383203,0.0434714,0.0383234,0.0384441,0.0383203,0.0385429,0.0383213,0.0383983,0.0383207,0.0383206,0.0383203
0.0391534,0.038099,0.0381045,0.0382356,0.0380993,0.0381004,0.0400429,0.0381116,0.0381002,0.0381445,0.0385275,0.0380991,0.0413615,0.0380991,0.0382023,0.0394933,0.0490764,0.0383508,0.102873,0.038099,0.0381007,0.0381178,0.0393093,0.0380992
0.0386603,0.0386351,0.0387086,0.0386333,0.0392627,0.038635,0.0408206,0.0386331,0.0395337,0.038633,0.0386494,0.038637,0.104252,0.0386331,0.0387249,0.0386456,0.0407159,0.038633,0.0396499,0.0386331,0.0386987,0.0386409,0.0386978,0.0386337
0.0380257,0.0379672,0.0380872,0.0379767,0.0379763,0.0473571,0.0381617,0.037973,0.0380398,0.0384309,0.0379807,0.102819,0.0379656,0.0390729,0.04738,0.0380498,0.0379656,0.0382482,0.0379656,0.0379725,0.0381987,0.040284,0.0381286,0.0379729
0.0386589,0.0400148,0.0380005,0.0568868,0.0379768,0.0380308,0.0380176,0.0390705,0.0379751,0.103156,0.0379802,0.0379761,0.0379753,0.0380865,0.0380135,0.0379777,0.0379763,0.0382111,0.0381146,0.037977,0.0379846,0.037981,0.037976,0.037982
0.0366036,0.0366037,0.0399878,0.0366036,0.0803352,0.0473002,0.0977007,0.0366051,0.0374008,0.0366036,0.0366071,0.0370879,0.0373115,0.0366036,0.0367481,0.0366538,0.0369338,0.0366036,0.0366238,0.0366104,0.0366366,0.0366259,0.0366042,0.0366054
0.0388145,0.0387872,0.0388054,0.0392251,0.0387764,0.0387746,0.105397,0.0388208,0.0387745,0.0388853,0.0387746,0.0387745,0.0394931,0.0387746,0.0387886,0.0388045,0.0391473,0.0387764,0.0395622,0.0387745,0.038889,0.0388072,0.0387976,0.0387751
0.038352,0.103068,0.0383556,0.0392971,0.0383454,0.04744,0.0384315,0.0386664,0.0383486,0.040738,0.0383443,0.0393909,0.0383419,0.038346,0.0385024,0.038457,0.0383422,0.0387321,0.0383423,0.0384956,0.038421,0.0384865,0.038342,0.0384129
0.0860158,0.0367157,0.0367851,0.0430723,0.0366929,0.036695,0.0366938,0.0366927,0.0367035,0.0373954,0.0369209,0.0407462,0.0366942,0.0368942,0.036755,0.0367113,0.036701,0.0367407,0.0366952,0.0367022,0.0367619,0.0369169,0.0937701,0.0375279
0.038422,0.0385931,0.0384225,0.0386014,0.0384214,0.0391735,0.0384218,0.0384402,0.0384221,0.0385726,0.0384571,0.0433221,0.0384213,0.0420854,0.0384259,0.0394609,0.0384289,0.0384394,0.0384219,0.0414661,0.0384263,0.0389744,0.03843,0.10175
0.0393925,0.0385849,0.0423488,0.0387949,0.0386017,0.0385831,0.0385861,0.0385844,0.0385859,0.0385896,0.104011,0.0385832,0.0386368,0.0387325,0.0401153,0.0385872,0.0386329,0.0386074,0.0386616,0.0385824,0.0385828,0.0385824,0.0404386,0.0385937
0.0386911,0.0386512,0.0392037,0.0389847,0.0401745,0.0386568,0.0386525,0.0386529,0.0386838,0.0386586,0.0388283,0.0386515,0.0417492,0.0386544,0.038861,0.0386517,0.0387584,0.0386521,0.104822,0.0386512,0.0386515,0.0386513,0.0387564,0.0386512
0.0387225,0.0394398,0.0387228,0.0391905,0.0387229,0.0409181,0.0387236,0.105154,0.0387226,0.0388124,0.0388088,0.0387688,0.0387227,0.0387338,0.0387392,0.0387226,0.038808,0.0387233,0.0392122,0.038724,0.0387235,0.0387374,0.0387225,0.0387245
0.0365954,0.036966,0.0366006,0.0370197,0.0365964,0.0409704,0.0365971,0.0366406,0.0367806,0.0365959,0.0365957,0.0382851,0.0365954,0.0374725,0.0365954,0.0872237,0.0365954,0.0366311,0.0365973,0.0969987,0.0365958,0.0367045,0.036603,0.0391437
0.0377969,0.0377969,0.0378118,0.0377929,0.0411246,0.0377895,0.037904,0.0382738,0.0377903,0.0377907,0.0994609,0.037791,0.0378185,0.0377902,0.0550096,0.0377888,0.0384611,0.0378094,0.046973,0.0377888,0.0377895,0.0377891,0.0380701,0.0377888
0.037553,0.0379677,0.0390743,0.0915357,0.0374967,0.0396806,0.0374943,0.0374956,0.0375736,0.0375538,0.0374961,0.0378251,0.0374968,0.0749858,0.0374942,0.0402322,0.0374942,0.0375089,0.0375115,0.0385031,0.0374975,0.0375087,0.0375115,0.0375092
0.0376714,0.0377324,0.0377763,0.0376922,0.0377165,0.0380593,0.037813,0.0376535,0.0381623,0.0376602,0.0376668,0.0377276,0.0376534,0.0376904,0.0376544,0.101953,0.0376561,0.0378071,0.037653,0.0642811,0.0376776,0.0378578,0.0377129,0.0410716
0.0386706,0.0386309,0.0386914,0.0386345,0.0387203,0.0432257,0.0386548,0.0386308,0.0389056,0.0386344,0.0386943,0.102621,0.0386247,0.039518,0.0399107,0.0390598,0.0386247,0.038917,0.038625,0.0386572,0.0386259,0.039161,0.0388891,0.0386724
0.0385574,0.0411525,0.0386422,0.0428746,0.0385541,0.0385762,0.038567,0.0385569,0.0385403,0.0386104,0.0386482,0.0386066,0.0385509,0.100938,0.0385364,0.038813,0.0385367,0.0386056,0.0385465,0.0389506,0.0385393,0.0385497,0.0385943,0.0429528
0.0383749,0.0409214,0.038367,0.0383673,0.0385349,0.0383874,0.0383712,0.038373,0.0404924,0.039342,0.0383718,0.103609,0.0383666,0.0429035,0.0385875,0.03872,0.0383667,0.0383974,0.0383666,0.0383812,0.038863,0.038385,0.0383681,0.0407819
0.0377444,0.0377534,0.0377452,0.0377444,0.0379721,0.0600043,0.0378187,0.037824,0.0436763,0.0377446,0.0379319,0.102421,0.0377459,0.0377486,0.0378539,0.0377963,0.0378242,0.0377446,0.0377446,0.0380514,0.0377494,0.0377672,0.0377729,0.0378207
0.0377011,0.0375969,0.0375931,0.0378659,0.0375925,0.0378152,0.0377061,0.0376394,0.0375938,0.102147,0.0375925,0.0378525,0.0375925,0.0376032,0.0376407,0.0654689,0.0375943,0.0376638,0.0375973,0.0376035,0.037747,0.0414482,0.0376369,0.0377076
0.0379972,0.0379967,0.0380056,0.0379967,0.0410226,0.0379983,0.0383529,0.0382495,0.0425689,0.0379968,0.0403489,0.0383317,0.0380301,0.0379967,0.103127,0.0379969,0.0497349,0.03801,0.0380297,0.0379966,0.037997,0.037997,0.0382208,0.0379972
0.0381476,0.0380434,0.038349,0.0380441,0.0492343,0.0380435,0.0380574,0.0380433,0.0387506,0.0380433,0.102503,0.0380472,0.0399044,0.0380655,0.0380599,0.0380519,0.0381912,0.0380447,0.0402332,0.0380462,0.0380436,0.038043,0.0439618,0.038048
0.0727802,0.0361684,0.0362676,0.0364521,0.0362016,0.0361682,0.0362432,0.036168,0.0375897,0.0362369,0.0361686,0.0361763,0.0361874,0.0361681,0.0362085,0.0362967,0.0361953,0.0363991,0.0362108,0.0361687,0.0967599,0.0365075,0.0681081,0.036169
0.038522,0.0385811,0.0385095,0.0385095,0.0387507,0.038509,0.0385503,0.038519,0.0420789,0.0385131,0.0424966,0.038515,0.0402356,0.03851,0.0400939,0.0386361,0.102691,0.0385101,0.0385492,0.0385091,0.0386048,0.038509,0.0385233,0.0385729
0.0385114,0.0385911,0.0385418,0.038512,0.0402673,0.0385112,0.0388665,0.0385146,0.0424089,0.0385104,0.0386754,0.0385161,0.103783,0.0385107,0.0385137,0.0385194,0.0419972,0.0385105,0.0387342,0.038512,0.0389503,0.0385128,0.0385134,0.0385155
0.0387118,0.0387116,0.104643,0.0387469,0.0391975,0.0390722,0.0390498,0.038706,0.0395539,0.0387059,0.0387117,0.0387061,0.0389763,0.038706,0.0387844,0.0387116,0.0388164,0.0387175,0.0409898,0.0387381,0.0388475,0.0387123,0.0387773,0.0387059
0.0375816,0.0376878,0.0376049,0.0376828,0.0375821,0.101887,0.0375923,0.0698896,0.0375816,0.0377671,0.0375919,0.0375879,0.0375852,0.0376738,0.0375893,0.0375832,0.0375824,0.0375818,0.0378891,0.0375875,0.0375819,0.0381425,0.0375817,0.0375854
0.0389633,0.0389622,0.0392009,0.0389618,0.0408014,0.038962,0.0392891,0.0390081,0.0397283,0.0389652,0.0431747,0.0389897,0.039065,0.0389668,0.0959057,0.0389772,0.0392938,0.0389731,0.0389733,0.0389618,0.0389702,0.0389621,0.038975,0.0389691
0.0378515,0.0378081,0.0377808,0.0378412,0.0377799,0.0379921,0.0377963,0.0378166,0.0377807,0.100924,0.03778,0.0380074,0.0377801,0.0377918,0.0378053,0.0388407,0.0377817,0.0378387,0.0378315,0.0377951,0.0571917,0.0465987,0.0377918,0.0377946
0.0379275,0.0398299,0.037958,0.0385134,0.0379303,0.0379649,0.0379271,0.037934,0.0379325,0.0379291,0.0379368,0.0384131,0.0379272,0.0524455,0.0379271,0.0393946,0.0379276,0.0379855,0.0379272,0.0434524,0.037928,0.037978,0.0379286,0.102982
0.0372575,0.064559,0.0376601,0.0453419,0.0372669,0.0374319,0.0372551,0.0372653,0.0372565,0.0372614,0.0372728,0.0376486,0.0372549,0.0446485,0.0372547,0.0375206,0.0372546,0.0372826,0.0372679,0.0952485,0.0372696,0.0372919,0.0372662,0.040963
0.0386665,0.0386684,0.0386385,0.0399331,0.0386383,0.0404563,0.038646,0.039046,0.0386385,0.104705,0.0386405,0.0399729,0.0386383,0.0386411,0.0387032,0.0389462,0.0386391,0.0386882,0.0386449,0.0386391,0.0386503,0.0398687,0.0386393,0.0386512
0.0387441,0.0387443,0.0392927,0.0387443,0.0391197,0.0401225,0.0387584,0.0387483,0.0388754,0.0387488,0.0388446,0.0393753,0.0387439,0.038744,0.105204,0.0387454,0.0389408,0.0387665,0.0387549,0.0387439,0.0389926,0.038749,0.0387531,0.038744
0.0383115,0.0383137,0.0383301,0.0383133,0.0383622,0.0383712,0.0390287,0.0384119,0.039641,0.0383117,0.0386858,0.0383205,0.0383466,0.0383107,0.04932,0.038474,0.103043,0.0383351,0.0383759,0.0383109,0.0384549,0.0383223,0.0399943,0.0383107
0.0383905,0.0384956,0.0383987,0.0383956,0.0384799,0.0406607,0.0384041,0.104261,0.0383912,0.0384825,0.0413458,0.0384024,0.0383916,0.038443,0.0384121,0.0383914,0.0423077,0.0384956,0.0413906,0.0383995,0.0383928,0.0384865,0.0383906,0.038391
0.0385939,0.0385899,0.0386004,0.0385907,0.0392971,0.0385913,0.0400122,0.0385904,0.0386515,0.0385899,0.038591,0.0385912,0.0481286,0.0385898,0.0385996,0.0385937,0.0392078,0.0385907,0.0997297,0.0385899,0.0386089,0.0385907,0.0388912,0.0385901
0.0387097,0.0387503,0.0387229,0.0387152,0.0387114,0.0387852,0.0387253,0.0387225,0.0392596,0.0387168,0.0387128,0.0387864,0.0387055,0.0387355,0.0387074,0.104458,0.0387531,0.0402797,0.0387072,0.0409061,0.0387253,0.039029,0.038752,0.038923
0.038929,0.0387474,0.0387491,0.038752,0.0387483,0.0387852,0.0388177,0.0387922,0.038774,0.0404288,0.0387497,0.0388627,0.0388004,0.0387548,0.0388009,0.0388013,0.0387665,0.0388101,0.0387486,0.0387506,0.0407431,0.104027,0.0390906,0.0387696
0.0415901,0.0386993,0.0387053,0.0393466,0.038703,0.0387111,0.0387355,0.0387396,0.0387022,0.0388649,0.0387026,0.0387024,0.0387079,0.0386999,0.0401515,0.0388375,0.038782,0.0397113,0.0388114,0.0386992,0.0387042,0.102106,0.0398728,0.0387141
0.0384651,0.038471,0.0387143,0.0384697,0.104322,0.0384649,0.0384917,0.0385161,0.0459098,0.0384648,0.0386575,0.0384789,0.0384896,0.0385301,0.0386451,0.0384693,0.04107,0.0384841,0.0385461,0.0384649,0.0384664,0.0384651,0.038473,0.0384706
0.0384907,0.0384921,0.0385691,0.0384902,0.0433872,0.0385558,0.0387292,0.0384925,0.0456636,0.0384897,0.0388668,0.0385126,0.0972147,0.03849,0.0384914,0.0385032,0.0391549,0.0384899,0.0423272,0.0384942,0.0385135,0.0385344,0.0385568,0.0384902
0.0377357,0.0472234,0.0377725,0.0391076,0.0377325,0.0379996,0.0377565,0.0377387,0.0377313,0.0380164,0.0377603,0.038747,0.0377314,0.0550431,0.0377332,0.038081,0.0377371,0.0377642,0.0377314,0.0377969,0.0377332,0.0377622,0.0377354,0.101829
0.0382648,0.0382093,0.0399799,0.0382097,0.0382438,0.0382417,0.0382173,0.0382092,0.103584,0.0382092,0.0382098,0.0382187,0.0397333,0.0382144,0.0382305,0.0477067,0.0382919,0.0382377,0.0382095,0.0382402,0.0382478,0.0382226,0.0426581,0.0382093
0.0390158,0.0386981,0.0387058,0.0389023,0.0386965,0.0389118,0.038697,0.038706,0.0386965,0.0416497,0.0386976,0.0387866,0.0387287,0.0386965,0.0387076,0.0387372,0.0386966,0.0386982,0.0389692,0.0386971,0.0391502,0.104981,0.0386991,0.0390753
0.0376694,0.0500617,0.0380271,0.101855,0.0376516,0.0376576,0.0376501,0.0382338,0.03765,0.044119,0.0376647,0.0376535,0.0376499,0.0444621,0.0376506,0.0376547,0.0378224,0.0423458,0.0377969,0.0376536,0.0376539,0.0376557,0.0377267,0.0380341
0.0518996,0.0381389,0.0380346,0.0389369,0.0379582,0.0379633,0.0379682,0.0381509,0.0379547,0.103151,0.0379588,0.0379543,0.0379539,0.0380146,0.0448912,0.037967,0.0379539,0.0391705,0.0381882,0.0379548,0.0379667,0.0379586,0.0379572,0.0379543
0.0385861,0.0381993,0.0382197,0.0382,0.040969,0.038202,0.0419613,0.0381993,0.102022,0.0381993,0.0381993,0.0382005,0.0440052,0.0381992,0.0395456,0.0394721,0.038591,0.0382079,0.0382986,0.0381998,0.0382,0.0382424,0.0416816,0.0381993
0.0387086,0.0387066,0.104826,0.0391128,0.0402519,0.0388533,0.0395461,0.0386975,0.03894,0.0386974,0.039131,0.0386991,0.0390331,0.0387031,0.038728,0.0387014,0.0387272,0.0386983,0.0396019,0.0387048,0.0387011,0.0386974,0.0388361,0.0386977
0.0389443,0.10035,0.0389686,0.0393366,0.0389664,0.0402333,0.0389443,0.0389799,0.0389533,0.0389771,0.0389474,0.0405522,0.0389439,0.039074,0.0390448,0.0389668,0.038944,0.038948,0.0389443,0.0390043,0.0389581,0.0389707,0.0389439,0.0391038
0.0391407,0.0389015,0.0385464,0.0411676,0.038543,0.0385567,0.0385458,0.0386099,0.0385439,0.104058,0.038543,0.038545,0.038543,0.0385567,0.0385446,0.0417452,0.0385441,0.0387123,0.0388903,0.0385551,0.0386017,0.0404963,0.0385567,0.0385525
0.0380377,0.0380432,0.0386231,0.0380391,0.102615,0.0381579,0.038277,0.0381444,0.038053,0.0380377,0.0416255,0.0381206,0.038577,0.0380523,0.0380418,0.0380377,0.0381356,0.0380395,0.0550594,0.0380694,0.0380489,0.0380747,0.0380454,0.0380441
0.0364714,0.0364476,0.0364804,0.0372927,0.0364481,0.0364477,0.0364463,0.0364589,0.036445,0.0372566,0.0364988,0.0364854,0.036445,0.0939613,0.0364453,0.0374631,0.0364507,0.0368669,0.0364549,0.0368948,0.0364449,0.0366106,0.0387893,0.0979943
0.0382358,0.0382232,0.103223,0.0382917,0.0535391,0.0382865,0.0382434,0.038218,0.0383624,0.0382181,0.0385856,0.0382196,0.0382547,0.0382421,0.0385964,0.0382188,0.0382248,0.038226,0.0394082,0.0382552,0.0382323,0.0382181,0.0382595,0.0382182
0.0385202,0.0385448,0.0387237,0.0385173,0.0417405,0.0385011,0.0385121,0.0385063,0.0386156,0.0385017,0.101689,0.038537,0.0385277,0.0385145,0.0385331,0.0385069,0.0386602,0.0385583,0.0440737,0.0385379,0.0385018,0.0385009,0.0416677,0.0385083
0.0388722,0.038737,0.0387564,0.0390309,0.0387369,0.038874,0.038737,0.0387405,0.0387373,0.0389893,0.0387383,0.0389372,0.0387461,0.0387375,0.0387378,0.0388481,0.0387375,0.0389204,0.0390045,0.0388101,0.0408439,0.10506,0.0387562,0.0389107
0.0389629,0.0424467,0.0389738,0.0403893,0.0391974,0.0404926,0.0390221,0.0390414,0.0389662,0.0389662,0.0392126,0.0393447,0.0389652,0.0737576,0.0389621,0.0391084,0.0389622,0.0389785,0.0389658,0.0539931,0.0389626,0.0389676,0.0389888,0.046372
0.038353,0.0474486,0.0383625,0.0383675,0.0392968,0.0404579,0.0383891,0.0392419,0.0388248,0.0383532,0.0383812,0.0383937,0.0384176,0.0390373,0.038353,0.0383737,0.0383532,0.0384127,0.0384855,0.102859,0.0387626,0.0383612,0.038353,0.0383608
0.0375421,0.0387906,0.0847735,0.0375839,0.0791242,0.042223,0.0375437,0.0375461,0.0375798,0.0375422,0.03785,0.0377318,0.0376994,0.0375944,0.0375421,0.0375443,0.0375631,0.0375421,0.0407908,0.0376336,0.0375894,0.0375424,0.0375429,0.0375846
0.0368357,0.0397284,0.0370944,0.0798293,0.0368469,0.0370372,0.0368602,0.0369047,0.0368361,0.036856,0.0368434,0.0368442,0.0368363,0.0962383,0.0368354,0.037115,0.0368376,0.0368506,0.0368629,0.0373579,0.0368368,0.0368526,0.0368933,0.0459669
0.0376034,0.0377746,0.0378253,0.0376353,0.0376162,0.0376432,0.037589,0.0375895,0.038595,0.0376011,0.0376192,0.0376128,0.0375885,0.0388348,0.0375884,0.0973324,0.0375887,0.0386856,0.0375908,0.0697186,0.0376394,0.0376488,0.0376599,0.0394195
0.0393597,0.0388019,0.0387987,0.038897,0.0388668,0.0388159,0.0388041,0.0390917,0.0388032,0.104987,0.0388149,0.0388532,0.0387972,0.039415,0.0390627,0.0388085,0.038798,0.039163,0.0388089,0.038798,0.0388499,0.0388936,0.0388463,0.0388647
0.0353044,0.0735338,0.0358076,0.086685,0.0353001,0.035559,0.0353002,0.0353722,0.0353016,0.0367518,0.0353006,0.0353519,0.0353,0.0926604,0.0353001,0.0353436,0.0353003,0.0354803,0.0353067,0.0359111,0.0353012,0.0353012,0.0353023,0.0379246
0.0353617,0.0360525,0.0353666,0.0353837,0.0357574,0.0354419,0.0355408,0.0952813,0.0353618,0.0353618,0.0695309,0.0353822,0.0353754,0.0353697,0.035478,0.0353622,0.0827253,0.0354002,0.0435163,0.0353654,0.0353617,0.035364,0.0353619,0.0354972
0.0384882,0.0392084,0.0385868,0.040245,0.0384609,0.0384916,0.0384574,0.038505,0.038457,0.0401453,0.0393956,0.0384936,0.0384568,0.0386473,0.0384671,0.0385976,0.0384604,0.0885023,0.0384609,0.0395496,0.0386607,0.0400342,0.0384856,0.0567426
0.0386219,0.0379123,0.0379909,0.0397334,0.0379198,0.0379122,0.0379064,0.0411033,0.0379055,0.102991,0.0379121,0.0379065,0.0379044,0.0388306,0.0384319,0.0379079,0.0379047,0.055466,0.0381579,0.0379201,0.0379421,0.0379068,0.0379081,0.0379049
0.0371661,0.0373855,0.0380593,0.0889708,0.0371356,0.0372988,0.0371345,0.0371807,0.0371379,0.0417335,0.0371387,0.037262,0.0371343,0.080924,0.0371345,0.0371958,0.0371344,0.0397751,0.0374853,0.0409103,0.0371459,0.0371363,0.0372706,0.0371501
0.0366955,0.0374378,0.038149,0.099057,0.0366465,0.0366624,0.0366466,0.0366616,0.036648,0.038153,0.0366468,0.0366488,0.0366464,0.0877629,0.0366463,0.0368061,0.0366472,0.037273,0.0368137,0.0379422,0.0366495,0.0366498,0.037137,0.0369728
0.0374801,0.0385665,0.037656,0.0467949,0.0374965,0.0374892,0.0374764,0.0374909,0.0374759,0.0374874,0.0376181,0.0375531,0.0374768,0.100074,0.0374741,0.037492,0.0374746,0.0375947,0.0374834,0.0422143,0.0375014,0.0374862,0.0375925,0.0595505
0.0382857,0.0382771,0.0382794,0.0382894,0.0459,0.0382767,0.0383368,0.0383693,0.0412279,0.0382769,0.0431842,0.0382788,0.0736864,0.0382772,0.0382932,0.038277,0.040188,0.0382763,0.066529,0.0382764,0.0383433,0.0382778,0.0383171,0.0382764
0.0385339,0.0385298,0.0385289,0.0386339,0.0385339,0.0389533,0.098073,0.0385586,0.0385289,0.0385987,0.0385318,0.0394551,0.0385474,0.0385306,0.0385286,0.0387367,0.038535,0.038527,0.0385869,0.0385867,0.0385616,0.0394874,0.0513819,0.0385303
0.0387949,0.0404791,0.0387982,0.0389134,0.0388009,0.0966655,0.0442005,0.0388244,0.0388152,0.0387998,0.0387952,0.0405595,0.0387972,0.0387975,0.038803,0.0404072,0.0387962,0.0387947,0.0387947,0.0387977,0.0389189,0.0389781,0.0387986,0.0388697
0.0383473,0.0373082,0.0371352,0.0372949,0.0375385,0.0371325,0.0999298,0.0371325,0.0373933,0.0371345,0.0371354,0.0371348,0.073595,0.0371465,0.0371327,0.0372711,0.037236,0.0371326,0.037137,0.0371328,0.0430699,0.0371327,0.037141,0.0382558
0.0372616,0.0374351,0.0372635,0.0372997,0.0372656,0.0397389,0.0372656,0.037599,0.0372653,0.0742843,0.0372557,0.0965498,0.037254,0.0413608,0.0379058,0.0374751,0.0372541,0.0377992,0.0372547,0.0372707,0.0373396,0.0379603,0.0372576,0.037384
0.039311,0.0397704,0.039316,0.0396475,0.0393533,0.048887,0.0394081,0.0398245,0.0393138,0.0394236,0.0393206,0.0428465,0.0393153,0.0495802,0.0393105,0.0393332,0.0393104,0.0393127,0.0393265,0.0636853,0.0393117,0.0394789,0.0393104,0.0463027
0.0385002,0.0385212,0.0385144,0.0385004,0.0494607,0.0393827,0.0961833,0.0394374,0.0385072,0.0385008,0.038506,0.0412493,0.0387287,0.0385013,0.0385004,0.0385119,0.0385044,0.0385003,0.0386434,0.0407826,0.0385117,0.0385342,0.0385025,0.038515
0.0369265,0.0374905,0.0369491,0.0374768,0.0369526,0.0374878,0.0369266,0.0369337,0.0384282,0.0369267,0.0369347,0.0422428,0.0369265,0.0552974,0.0369265,0.058129,0.0369266,0.0369748,0.0369279,0.0958719,0.0369274,0.0369313,0.0369539,0.0435308
0.0398457,0.0385035,0.038551,0.0385225,0.0385329,0.0385034,0.0385049,0.0385074,0.0393173,0.0385349,0.0466052,0.0385044,0.0385143,0.0385078,0.0388566,0.0385123,0.0393087,0.0438593,0.0385263,0.038505,0.0387994,0.038532,0.0971417,0.0385035
0.0386459,0.0387546,0.038657,0.0386461,0.0389066,0.0386464,0.0437531,0.0387927,0.0389027,0.0386461,0.0387948,0.0386702,0.0387699,0.0386458,0.0396498,0.0386563,0.102982,0.0386571,0.0386464,0.0386458,0.0395662,0.0386488,0.038647,0.0386693
0.0387767,0.105347,0.0387774,0.0400005,0.0388176,0.038977,0.0387792,0.0389228,0.038837,0.0388392,0.0387831,0.0390413,0.0387765,0.0388617,0.0387826,0.0388392,0.0387768,0.0387899,0.0387776,0.0391493,0.0388016,0.038781,0.0387765,0.038989
0.0377128,0.0377423,0.0377124,0.0377654,0.037711,0.0377668,0.037718,0.037792,0.0377326,0.0385225,0.0377163,0.0377245,0.0377084,0.0377622,0.0377097,0.100527,0.0381996,0.0483484,0.0377374,0.0565945,0.037767,0.0379836,0.0378602,0.0381858
0.0385141,0.0385141,0.0385307,0.0385176,0.0385138,0.0397586,0.0385136,0.0385775,0.0385138,0.0386049,0.0385149,0.0392996,0.0385164,0.0385298,0.0385146,0.0387202,0.0385136,0.0385947,0.0391179,0.0454527,0.0385983,0.10396,0.0385139,0.0385944
0.0380742,0.0381088,0.0380443,0.0380783,0.0380297,0.0380926,0.0380363,0.0509322,0.0380286,0.103191,0.0380902,0.0380316,0.0380275,0.0438295,0.0406821,0.0380547,0.0380308,0.0384119,0.0380716,0.0380285,0.0380315,0.0380309,0.0380287,0.0380343
0.0387597,0.0387228,0.0387269,0.0387278,0.0387243,0.0394261,0.0393547,0.0387869,0.0387231,0.0409435,0.0387227,0.0389113,0.0387314,0.0387318,0.0387324,0.0387418,0.0387273,0.0387447,0.0387455,0.0387325,0.0393133,0.104545,0.038729,0.0389955
0.0397322,0.0392132,0.0392318,0.0392141,0.0392237,0.0392146,0.0393181,0.039218,0.0394954,0.0393101,0.0403104,0.0392159,0.0392236,0.0392134,0.0429205,0.0392195,0.0400195,0.0394515,0.0392159,0.0392132,0.0397326,0.0392704,0.0906092,0.0392131
0.0374598,0.0374009,0.0374022,0.0374034,0.0374137,0.0374044,0.0535925,0.0374372,0.0374185,0.0374723,0.0374048,0.0374009,0.0374818,0.0374009,0.059645,0.0374914,0.0979185,0.0374105,0.0387694,0.0374009,0.0376217,0.03752,0.0387281,0.0374013
0.0404807,0.0405418,0.0405097,0.0404893,0.0405303,0.0408579,0.0405225,0.040489,0.0405248,0.0404803,0.0577232,0.0409498,0.0458514,0.040483,0.0404821,0.0405117,0.0414141,0.0404804,0.0417556,0.0405629,0.0405766,0.040493,0.0428017,0.0404883
0.0394893,0.0395213,0.0394899,0.0394897,0.0395541,0.0451841,0.0395074,0.0398052,0.0402937,0.0394894,0.0396554,0.0830189,0.0395112,0.0394894,0.0401573,0.0395396,0.0400757,0.0394894,0.0394933,0.0394986,0.0394895,0.0396351,0.0394995,0.0396231
0.0378066,0.0400198,0.0378125,0.0378065,0.0379357,0.0381551,0.0378057,0.0378066,0.0379293,0.0378821,0.0378517,0.102596,0.0378056,0.0442166,0.0378185,0.0378349,0.0378055,0.0378143,0.0378056,0.0501003,0.037961,0.0378383,0.037806,0.0437853
0.0449396,0.0383468,0.0433085,0.0383465,0.0383742,0.038352,0.0383576,0.0383458,0.0384874,0.0383729,0.03836,0.0383469,0.038466,0.0383459,0.0384676,0.0383791,0.0383473,0.0384163,0.0383749,0.0383534,0.104169,0.038941,0.0394545,0.0383467
0.0369506,0.0767013,0.0369641,0.100008,0.0369333,0.0369465,0.0369321,0.0370818,0.0369278,0.0373672,0.0369265,0.0369406,0.0369247,0.0459737,0.036925,0.0369667,0.0369292,0.0373834,0.0369894,0.0372498,0.0369355,0.0369271,0.0369521,0.0371634
0.0382475,0.0384825,0.0382228,0.0392687,0.0382432,0.0382205,0.0382975,0.0389942,0.0382178,0.0456716,0.0383004,0.0429359,0.0382176,0.0387623,0.0382315,0.0385865,0.0382284,0.102506,0.0382218,0.0392554,0.0382959,0.0394994,0.0383133,0.0387792
0.0355298,0.047416,0.0360189,0.0411804,0.0355588,0.0355827,0.0355288,0.0355339,0.0355297,0.035895,0.0355348,0.0359814,0.0355267,0.0933281,0.0355267,0.0376495,0.0355267,0.036647,0.0355523,0.0683441,0.0355787,0.0355295,0.0355296,0.0699709
0.0386747,0.0386757,0.0389343,0.0386753,0.0405668,0.0387537,0.03873,0.0386774,0.0389609,0.0386732,0.0402449,0.038742,0.039652,0.0386739,0.0391787,0.0386762,0.104216,0.0386739,0.0392104,0.0386735,0.0386776,0.0386737,0.038709,0.0386762
0.0382309,0.0391302,0.0382764,0.0382311,0.0383294,0.103842,0.0417404,0.0383018,0.0386721,0.038232,0.0382309,0.0462101,0.0382315,0.0382317,0.0386626,0.0414459,0.038231,0.0382309,0.0382311,0.0383649,0.0382369,0.0382361,0.0382309,0.0382395
0.0380226,0.0383691,0.102852,0.0381459,0.0563124,0.0386909,0.0380292,0.0380229,0.0380355,0.0380233,0.0382046,0.0380413,0.0380266,0.0406761,0.0380255,0.0380248,0.0380232,0.0380265,0.0382351,0.0380816,0.0380529,0.038023,0.0380238,0.0380316
0.0377465,0.0376455,0.0376469,0.0376471,0.0380634,0.0376466,0.0377697,0.0376453,0.100432,0.0376453,0.0376458,0.037656,0.0384872,0.0376453,0.037649,0.06128,0.0376976,0.0376489,0.0384853,0.0378127,0.0376528,0.0376753,0.0451282,0.037647
0.0397278,0.039403,0.0398565,0.039487,0.0394288,0.0393919,0.0393955,0.0393918,0.0892565,0.0393925,0.0393927,0.0393922,0.0397958,0.0393931,0.039415,0.0398757,0.0395521,0.0400959,0.0396502,0.0395343,0.0394487,0.0394101,0.0409212,0.0393917
0.0364129,0.0365117,0.0364338,0.0388675,0.0364069,0.0364282,0.0364068,0.0364717,0.0364072,0.0369431,0.0365674,0.036548,0.0364061,0.0977469,0.0364073,0.0369736,0.0364088,0.0369059,0.0364083,0.0407304,0.0364064,0.0364167,0.0374327,0.091352
0.038485,0.0385013,0.0403614,0.0384852,0.10457,0.0385408,0.0384975,0.0385435,0.0396967,0.0384851,0.0431239,0.0385907,0.0385691,0.0397337,0.0384948,0.0384852,0.038493,0.0384855,0.0392973,0.0385435,0.0385604,0.038485,0.0384851,0.0384867
0.0378182,0.0383326,0.0380835,0.0404107,0.0378214,0.0383685,0.0378182,0.0378389,0.0378189,0.0378384,0.0378259,0.0379223,0.0378179,0.0561557,0.0378179,0.0383121,0.037818,0.0379221,0.0379365,0.0955269,0.0378577,0.037918,0.0378478,0.049172
0.0480578,0.0383045,0.0383225,0.0383007,0.0383886,0.0383005,0.0387086,0.0382979,0.0384264,0.0383087,0.0383096,0.0382986,0.0390783,0.0382979,0.0386759,0.0383004,0.0383018,0.0383029,0.0385805,0.0382981,0.103226,0.0388335,0.041782,0.038298
0.0382704,0.0382483,0.0382508,0.0382487,0.0383991,0.0385524,0.038268,0.0382952,0.0399394,0.0382629,0.0383108,0.103702,0.0382476,0.0470199,0.0387126,0.0384285,0.038248,0.0397265,0.0382474,0.0395293,0.0384995,0.0386725,0.038386,0.0395342
0.0372133,0.0372301,0.037245,0.0372904,0.0372138,0.100986,0.0374633,0.0374261,0.0373348,0.0372182,0.0372133,0.0377275,0.0372133,0.0372186,0.0372289,0.0786268,0.0372142,0.0372149,0.0372139,0.0374819,0.0372168,0.0373814,0.0372136,0.0372134
0.0387065,0.0387293,0.0411316,0.0387096,0.038743,0.104318,0.0387434,0.0392237,0.0396369,0.038709,0.0387065,0.038964,0.0387092,0.0387141,0.0388091,0.0397313,0.0387088,0.0387068,0.0387068,0.0387119,0.0387065,0.0387605,0.0387066,0.0387068
0.04814,0.0376061,0.037574,0.0523775,0.0375563,0.0375564,0.037556,0.0375893,0.0375558,0.100662,0.0375723,0.0375832,0.0375558,0.0379201,0.0376159,0.0376129,0.0375768,0.0424091,0.0375717,0.0375562,0.0376212,0.0378097,0.0379236,0.0414985
0.0379768,0.0391205,0.0382729,0.0379878,0.0380102,0.0379707,0.0384913,0.0380002,0.0381705,0.0379693,0.0380114,0.0379742,0.039058,0.0379754,0.0379694,0.0383246,0.0379758,0.0591562,0.037984,0.0995175,0.0400074,0.0380013,0.0379718,0.0381027
0.040271,0.03824,0.102752,0.0384464,0.0428499,0.0382425,0.0382401,0.0382398,0.0389102,0.0382406,0.0383404,0.0382398,0.0421145,0.0395168,0.0382398,0.0384146,0.0382417,0.0382507,0.041167,0.038249,0.0393323,0.0382514,0.0389585,0.038251
0.0406446,0.0388776,0.0390079,0.0408205,0.0388762,0.0392913,0.0390561,0.0388741,0.0388759,0.0393173,0.03888,0.0398482,0.0388748,0.0388858,0.0388751,0.0409598,0.0389303,0.0395605,0.0388824,0.0389602,0.0396453,0.0852122,0.0488016,0.0400422
0.0387962,0.0387854,0.0387954,0.0390029,0.0387852,0.0389798,0.0387854,0.0390698,0.0387853,0.0391156,0.0387853,0.0387912,0.0388113,0.0387852,0.0387935,0.0388311,0.0387875,0.0389438,0.039058,0.0387989,0.039949,0.105177,0.0387861,0.0388008
0.0387316,0.0386979,0.0387168,0.0386983,0.0421141,0.0388669,0.103992,0.0387004,0.0387013,0.0387029,0.0387029,0.0387002,0.0398996,0.0386984,0.0387834,0.0394347,0.0387015,0.0386987,0.0388177,0.0386988,0.0386992,0.038741,0.0387967,0.0387048
0.0386286,0.0385669,0.0402657,0.038564,0.0403206,0.0385628,0.0386167,0.0385583,0.104775,0.0385584,0.0385615,0.0385817,0.0397126,0.0385589,0.0385975,0.038814,0.0386444,0.0385607,0.0385788,0.0385598,0.0417179,0.0385584,0.0385786,0.0385583
0.0377406,0.0377036,0.037719,0.0377191,0.0377932,0.0377037,0.0389143,0.0377035,0.0377714,0.0377027,0.0377108,0.0377029,0.100625,0.0377032,0.037707,0.0377146,0.0420939,0.0377027,0.0638624,0.0377027,0.0378283,0.0377131,0.0377472,0.0377148
0.0380381,0.0385346,0.0380473,0.0382704,0.0380408,0.038757,0.0380376,0.0380526,0.0380386,0.038059,0.0380925,0.0395722,0.0380376,0.0413557,0.0380388,0.0381976,0.0380377,0.038051,0.0380401,0.0545344,0.0380387,0.0388436,0.0380391,0.101245
0.0377908,0.0380912,0.0378701,0.0409084,0.0378135,0.0378108,0.0377909,0.0385533,0.0377923,0.0378235,0.0380652,0.0378609,0.0377907,0.100684,0.0377908,0.0378243,0.0377938,0.0378464,0.0378464,0.0394084,0.0377907,0.0377936,0.0380118,0.0612482
0.0385715,0.0385216,0.0444908,0.0385481,0.0388162,0.0385231,0.0385259,0.0385188,0.0385227,0.0385198,0.0390373,0.0385188,0.0407438,0.0385188,0.0385853,0.038519,0.03871,0.0385565,0.104061,0.038522,0.0389213,0.0385711,0.0386577,0.0385187
0.0366505,0.0362285,0.0422254,0.0362347,0.0391546,0.0362507,0.0364205,0.036228,0.0364859,0.0362293,0.0362388,0.0362305,0.0973229,0.0362281,0.0362405,0.036229,0.0362389,0.0362281,0.0953832,0.0362281,0.0366258,0.0362281,0.0362418,0.0362281
0.0385219,0.0385119,0.0389546,0.0396901,0.0385129,0.0385184,0.0392533,0.0388823,0.0385142,0.0385127,0.0385332,0.0385117,0.0387388,0.0385117,0.0391177,0.0385401,0.104568,0.0387008,0.0417185,0.0385117,0.0385134,0.0389107,0.0407401,0.0385118
0.0381722,0.0381791,0.0381789,0.0381778,0.0392154,0.0384626,0.0399928,0.0497402,0.0381754,0.0381722,0.0402057,0.0382295,0.0388599,0.0381724,0.0383311,0.0381779,0.10234,0.0381724,0.0400955,0.0381722,0.0381723,0.0381868,0.03818,0.0382378
0.038611,0.0411379,0.0386111,0.0386172,0.0386692,0.0386599,0.0386476,0.0390266,0.0386963,0.0386197,0.038615,0.0392164,0.0386113,0.0388952,0.038611,0.0390188,0.038611,0.0392072,0.0386189,0.104932,0.0387494,0.0386179,0.0386111,0.0403879
0.0394185,0.038705,0.0387206,0.0387308,0.0387089,0.0387317,0.038774,0.0387164,0.038717,0.0389457,0.0387053,0.0388288,0.0387586,0.0387057,0.0387262,0.0388814,0.0387125,0.0397817,0.038783,0.0387263,0.039111,0.104821,0.0405758,0.0387139
0.0383358,0.0378152,0.0378157,0.0391368,0.0378098,0.0378893,0.0378996,0.0380517,0.0378098,0.102462,0.0378101,0.0378453,0.0378098,0.0378787,0.037897,0.0400385,0.0378222,0.042169,0.0378118,0.037821,0.0378252,0.0401604,0.0378435,0.0542414
0.0405474,0.038512,0.0391378,0.0386665,0.0385384,0.038555,0.0391315,0.0385053,0.0396726,0.0385606,0.0385113,0.038618,0.0385069,0.0385054,0.0386002,0.0385838,0.0385306,0.0387786,0.0385095,0.0385419,0.104037,0.0389002,0.0430435,0.0385056
0.037809,0.0378421,0.0378111,0.0378095,0.0378491,0.0462995,0.0379158,0.0385386,0.0379474,0.0378091,0.0557167,0.101855,0.0378247,0.0378139,0.0382418,0.0378113,0.0381297,0.0378094,0.0378152,0.03785,0.0378153,0.0378678,0.0378721,0.0379455
0.0422292,0.0387223,0.0387405,0.0391843,0.0387436,0.0387197,0.0387204,0.0387173,0.0387624,0.038728,0.0404833,0.0389135,0.0387823,0.0388253,0.0387205,0.0388744,0.0389288,0.0387731,0.0388925,0.0390021,0.038758,0.0388141,0.102122,0.0388421
0.0972635,0.0366093,0.0367323,0.0456024,0.0366624,0.036609,0.0366461,0.0366089,0.0377626,0.0366293,0.0366178,0.0366091,0.0371273,0.0366175,0.0366197,0.0371688,0.0366405,0.0367225,0.0366427,0.0366128,0.0372064,0.0367215,0.0849484,0.0366192
0.0400013,0.0400445,0.0400714,0.0400058,0.0402129,0.0401885,0.0405144,0.0400199,0.0400026,0.0400002,0.0414868,0.0400732,0.0710126,0.0400009,0.0400095,0.040001,0.0409086,0.0400001,0.0443305,0.0400167,0.0402005,0.0405827,0.040303,0.0400122
0.0381839,0.0382655,0.0381856,0.0381916,0.0382,0.0387221,0.0381934,0.103705,0.0381878,0.0382178,0.0442898,0.0381913,0.0381846,0.0382037,0.0382189,0.0381983,0.0473007,0.0390725,0.0392567,0.0381952,0.0381844,0.0382817,0.0381843,0.038185
0.0445049,0.0388342,0.0384046,0.0392795,0.0383251,0.0383104,0.03831,0.0383105,0.0383349,0.0384846,0.0393015,0.0383511,0.0383103,0.0385565,0.0383118,0.0389813,0.0383477,0.100238,0.0386508,0.0424,0.0384002,0.0383324,0.0394548,0.0412654
0.0387286,0.0387308,0.047223,0.0387288,0.0978877,0.0392866,0.0390043,0.0387302,0.0398213,0.0387287,0.0388605,0.0387547,0.0387453,0.0387382,0.0387394,0.0388897,0.0387425,0.0387324,0.0390962,0.038894,0.0387388,0.0387293,0.0387287,0.0387401
0.039176,0.0392171,0.0391869,0.0400273,0.0391828,0.0969421,0.0391948,0.0398023,0.0391956,0.0391798,0.039176,0.0393701,0.0391859,0.0392208,0.0391865,0.039272,0.0391776,0.0391761,0.0391845,0.0391867,0.0391773,0.0392088,0.039176,0.039197
0.0383416,0.0384078,0.0383516,0.038361,0.0383484,0.104063,0.0414983,0.0407251,0.0383484,0.0383476,0.0383422,0.0438953,0.0383448,0.0383567,0.0383547,0.0386711,0.0383468,0.0383418,0.038343,0.038344,0.0383432,0.0408206,0.0383482,0.0383547
0.0386389,0.0392251,0.0386426,0.0391974,0.0386396,0.103532,0.0386419,0.0438556,0.0386397,0.0386392,0.038639,0.0387348,0.0386395,0.0386395,0.0386453,0.038654,0.0386418,0.038639,0.0386574,0.0386401,0.0386402,0.0398987,0.0386389,0.03864
0.0395206,0.0396599,0.0394125,0.0405359,0.0394121,0.039494,0.0394121,0.0394758,0.0394065,0.0419189,0.0394199,0.0394647,0.0394062,0.0394648,0.0394194,0.0426437,0.0394125,0.0798025,0.039438,0.0414189,0.0394463,0.0404534,0.0396102,0.0423509
0.038896,0.0388377,0.0388501,0.0388522,0.0388556,0.0390502,0.0389422,0.0388343,0.0395602,0.0388743,0.0388351,0.038999,0.0388332,0.0390066,0.0388394,0.104504,0.0388367,0.0389716,0.038836,0.0389788,0.0388396,0.0389559,0.0389801,0.0390314
0.0388815,0.0402097,0.0475115,0.0389025,0.0823128,0.0420702,0.0411812,0.0388913,0.038918,0.0388816,0.0390971,0.0392857,0.039627,0.0389088,0.0388815,0.038883,0.0389275,0.0388818,0.0435363,0.0405822,0.0389783,0.0388817,0.0388856,0.0388832
0.0361708,0.0360131,0.0360121,0.0360039,0.0361675,0.0360076,0.0402467,0.0360037,0.0969062,0.0360037,0.0360073,0.0360665,0.0789156,0.0360037,0.0360152,0.0621098,0.0365983,0.0360048,0.0360053,0.0360256,0.0365271,0.0360041,0.0361701,0.0360114
0.0381937,0.0382744,0.0511383,0.0382924,0.0382317,0.103792,0.0391235,0.0387713,0.0382147,0.0381988,0.0381939,0.0382443,0.0381947,0.0381954,0.0381983,0.0406905,0.0381959,0.0381964,0.0381956,0.0383628,0.0381942,0.0385189,0.0381937,0.0381946
0.0382891,0.03867,0.0394562,0.103702,0.0382624,0.0382969,0.0382622,0.0382637,0.0382638,0.0382831,0.0382626,0.0383239,0.038262,0.0517358,0.0382622,0.0382689,0.0382624,0.038314,0.0382741,0.0384496,0.0382622,0.0382638,0.0389843,0.0383243
0.0479931,0.0383628,0.0385551,0.038419,0.0383782,0.0383661,0.0384714,0.0383611,0.0387997,0.0388422,0.0383654,0.0383625,0.0383724,0.038361,0.0389452,0.0384365,0.0384067,0.0384091,0.038615,0.0383611,0.101036,0.0386281,0.042791,0.0383611
0.0385966,0.0385507,0.0385497,0.0390036,0.0386111,0.0385472,0.038556,0.0386474,0.0385967,0.0385543,0.0434266,0.0385489,0.0385501,0.0385524,0.0427896,0.038565,0.102663,0.0385772,0.0385558,0.0385471,0.0385551,0.0385499,0.039276,0.0386293
0.0381094,0.0382737,0.0381076,0.0381275,0.0381372,0.0381136,0.0381077,0.0383721,0.0381137,0.0381764,0.0382008,0.0438635,0.0381075,0.0513182,0.0381127,0.0381881,0.0381077,0.0382226,0.0381132,0.0445875,0.038109,0.0384488,0.0381227,0.0968589
0.036881,0.0381151,0.0403171,0.0624766,0.0368616,0.0373801,0.0368609,0.0369034,0.0368613,0.0369822,0.0369175,0.0370478,0.0368607,0.0981876,0.0368704,0.0369938,0.0368629,0.0374556,0.0368639,0.0390919,0.0368649,0.0368707,0.036944,0.0565289
0.0371318,0.037137,0.0371347,0.0371323,0.0379684,0.0374024,0.0373602,0.0427603,0.0372017,0.0371318,0.0446641,0.0371985,0.0448382,0.0371318,0.037441,0.0371326,0.100043,0.0371319,0.060369,0.037132,0.0371324,0.0371357,0.0371561,0.0371337
0.041493,0.0399821,0.0392518,0.0408618,0.0392262,0.0392194,0.0392192,0.0392199,0.039301,0.039286,0.0402802,0.0392638,0.0392195,0.0396419,0.0392202,0.0400699,0.0392487,0.0823499,0.0393179,0.0415169,0.039267,0.0392406,0.040815,0.0434883
0.0386291,0.0925091,0.0385913,0.0519178,0.0385867,0.0386161,0.0386123,0.0385918,0.0386505,0.0386717,0.0385844,0.0387379,0.0385842,0.0391779,0.0385842,0.0401489,0.0385841,0.0386003,0.0385845,0.0416211,0.0388555,0.0385945,0.0385854,0.0393806
