0.0388389,0.0388394,0.0388404,0.0388389,0.0389054,0.0388439,0.0388386,0.0388457,0.040672,0.0388618,0.0399425,0.0390031,0.0388386,0.038922,0.102849,0.0388405,0.0392611,0.038871,0.0388389,0.0388385,0.0388725,0.0388391,0.0388474,0.0389106
0.0405575,0.0388119,0.0389709,0.0388237,0.038865,0.03881,0.0388578,0.0388098,0.0388201,0.0388197,0.0388154,0.0388101,0.0388925,0.0388098,0.0389741,0.03881,0.0388134,0.0388108,0.0389067,0.0388098,0.103174,0.0392289,0.0401884,0.0388098
0.0371844,0.0372582,0.0373996,0.0706363,0.0371864,0.0381729,0.0371842,0.0371869,0.0371849,0.0371898,0.0371871,0.0371921,0.0371841,0.100201,0.0371841,0.0373169,0.0371841,0.0372136,0.0371853,0.0454029,0.0371845,0.0371843,0.0371845,0.0386125
0.0398073,0.039738,0.0397386,0.0397384,0.0397679,0.0397382,0.0397498,0.0397381,0.0839756,0.0397399,0.0397456,0.0397389,0.0398541,0.0397388,0.040094,0.0402362,0.0397551,0.0397397,0.0400787,0.0397381,0.0397393,0.0397693,0.0403017,0.0397386
0.0381604,0.0381559,0.0381778,0.0381603,0.0381555,0.0388911,0.0515056,0.0381556,0.040826,0.0392659,0.0381555,0.0381565,0.0381557,0.038181,0.0381637,0.103602,0.0381555,0.0382493,0.0381555,0.0388917,0.0381573,0.0381903,0.0381693,0.0381626
0.038031,0.0379515,0.0379581,0.0476428,0.0379293,0.0379227,0.0379398,0.0379328,0.0379226,0.0379379,0.0387683,0.037923,0.0379226,0.0379703,0.0379226,0.039182,0.0379295,0.102429,0.0379227,0.0463083,0.0379234,0.0381055,0.0421517,0.038373
0.0369857,0.0369599,0.0372223,0.0369598,0.0378332,0.0369599,0.0370026,0.0369598,0.0372234,0.0369598,0.0376646,0.0369775,0.100213,0.0369599,0.0369605,0.03696,0.036979,0.0369598,0.0842732,0.0369601,0.0371172,0.0369682,0.0369803,0.0369601
0.0387994,0.0388002,0.0397384,0.0387989,0.0389849,0.0388063,0.0388401,0.0388259,0.0388021,0.0387989,0.10511,0.0389267,0.0388015,0.0387988,0.039595,0.0387988,0.0389242,0.0388099,0.0388248,0.0388016,0.0387994,0.0387995,0.0390157,0.0387991
0.0381993,0.0384083,0.0383063,0.0381893,0.0381899,0.0382894,0.0381874,0.0381984,0.0381923,0.0382884,0.0421414,0.100454,0.0381873,0.038708,0.0387111,0.0381974,0.0381873,0.0502649,0.0381873,0.0385523,0.0381947,0.0382851,0.0382345,0.0412458
0.0388537,0.0388076,0.0389754,0.0388743,0.0388298,0.0388081,0.0389256,0.0388121,0.0388077,0.0388112,0.0388257,0.0388086,0.0393258,0.0388076,0.038809,0.0388077,0.0401997,0.0388085,0.104936,0.0388076,0.0388245,0.0388751,0.0388513,0.0388076
0.0390734,0.0390749,0.0391005,0.0390839,0.0391024,0.0391811,0.0397533,0.0390733,0.0393356,0.0390736,0.0390753,0.039073,0.0390775,0.0390791,0.0390743,0.0999264,0.0390728,0.0390752,0.0390895,0.0392872,0.0390729,0.0390854,0.0390747,0.0390847
0.0391281,0.0385946,0.0390829,0.0385986,0.0386454,0.0385952,0.0386465,0.0385943,0.0386033,0.0385956,0.0385955,0.0385954,0.040764,0.0385943,0.0385975,0.0385944,0.0385962,0.0385955,0.039549,0.0385943,0.103757,0.0427425,0.0387451,0.0385944
0.0389118,0.0389061,0.0389068,0.0389282,0.0389096,0.0389052,0.101962,0.0403938,0.0389053,0.039723,0.03893,0.0389047,0.0389132,0.0389047,0.0389229,0.0389344,0.0393365,0.0389204,0.0391189,0.0389047,0.0389055,0.0389089,0.0390385,0.0389048
0.0401797,0.0379873,0.0415354,0.0381351,0.0379875,0.0379874,0.0380775,0.0379872,0.0380071,0.0379944,0.038033,0.0379875,0.0379897,0.0379875,0.0380029,0.0379929,0.0380128,0.0385497,0.0379873,0.0379877,0.0561892,0.0379898,0.101423,0.0379883
0.0383636,0.0487316,0.0383638,0.0383654,0.0383682,0.0403368,0.0384247,0.103992,0.0383636,0.0390132,0.0383948,0.038407,0.0383636,0.0383641,0.038701,0.0383638,0.0384845,0.0383749,0.038368,0.0383813,0.0383642,0.0383711,0.0383636,0.0383751
0.062427,0.0380401,0.0385338,0.0380281,0.0380338,0.0380274,0.0380432,0.0380274,0.0380345,0.0380497,0.0381484,0.0380283,0.0382514,0.0380274,0.0380379,0.0380276,0.0380276,0.0380313,0.0380635,0.0380275,0.098032,0.0380463,0.0399769,0.0380286
0.0378438,0.037843,0.0378443,0.0378544,0.037855,0.037843,0.0389025,0.0379031,0.0378432,0.0378801,0.0378547,0.037843,0.0575107,0.037843,0.0378507,0.0378631,0.0448154,0.0378436,0.101683,0.037843,0.0378512,0.0378977,0.0378451,0.0378436
0.0384765,0.0384717,0.0453353,0.0384777,0.0415762,0.0384978,0.103889,0.0384718,0.0386524,0.0384722,0.0384807,0.0384717,0.0384743,0.0384717,0.0384769,0.0391194,0.0384821,0.0385249,0.0384998,0.0384737,0.0384822,0.038472,0.0387784,0.0384716
0.0383701,0.038423,0.0383701,0.0386689,0.0383701,0.0385512,0.0383807,0.104081,0.0383701,0.0465357,0.0383752,0.0383703,0.0383701,0.0383708,0.0384227,0.0383702,0.0386132,0.0383737,0.0426442,0.0383702,0.0383701,0.0384877,0.0383701,0.0383705
0.0384222,0.0384176,0.0384195,0.0384385,0.0384438,0.0384176,0.0402377,0.0384237,0.0384179,0.0384439,0.0384365,0.0384176,0.0384208,0.0384175,0.0385707,0.0384176,0.1041,0.0384983,0.0385618,0.0384175,0.0385811,0.0384255,0.0482352,0.0384175
0.0421542,0.0383032,0.0383785,0.0387742,0.0383041,0.0383037,0.0481921,0.0383032,0.0383268,0.038305,0.0384995,0.0383032,0.0383888,0.0383043,0.0383043,0.0390007,0.0383126,0.0383482,0.0383128,0.0383055,0.0383052,0.0383053,0.103661,0.0383037
0.0382033,0.038206,0.0387634,0.0382033,0.0414825,0.0385741,0.0388039,0.0382051,0.102535,0.0382033,0.0382212,0.0383218,0.0385509,0.0382033,0.0515191,0.0382059,0.038227,0.0382033,0.0382824,0.0382035,0.0382709,0.0382038,0.0382034,0.0382033
0.0392356,0.0390392,0.0390406,0.0391308,0.0390395,0.0390406,0.0423218,0.0390426,0.0390393,0.0390582,0.0393187,0.0390392,0.0404676,0.0390392,0.039041,0.0402447,0.0405473,0.0390552,0.0906294,0.0390392,0.0390392,0.0391829,0.0423285,0.0390396
0.0388077,0.038803,0.0388067,0.038803,0.0388662,0.0388038,0.0392192,0.038803,0.0390238,0.038803,0.0388084,0.0388146,0.104974,0.038803,0.0389172,0.0388079,0.0397266,0.038803,0.0393942,0.038803,0.0388486,0.0388417,0.038906,0.038812
0.0385603,0.0385449,0.0385956,0.0385406,0.0385403,0.0407488,0.0385455,0.0385412,0.0385682,0.0387759,0.038542,0.104015,0.0385401,0.0388503,0.0389772,0.0385432,0.0385402,0.0386949,0.0385401,0.0385428,0.0390448,0.0441075,0.0385595,0.0385407
0.0383263,0.0383858,0.0380385,0.0577599,0.0380097,0.0380448,0.0381504,0.039641,0.0380096,0.103164,0.0380105,0.0380097,0.0380096,0.0381697,0.0380239,0.0380104,0.0380099,0.0381011,0.0380634,0.03801,0.0380111,0.0380186,0.0380122,0.0380098
0.0380565,0.0380565,0.0385428,0.0380565,0.0410889,0.0529721,0.103181,0.03806,0.0396537,0.0380565,0.0380566,0.038086,0.0385043,0.0380565,0.0380573,0.0387685,0.0381686,0.0380578,0.0380781,0.0381635,0.0380721,0.0380931,0.0380566,0.0380565
0.0388513,0.0388138,0.0388462,0.0390224,0.0388137,0.0388167,0.105503,0.0388328,0.0388135,0.039314,0.0388139,0.0388135,0.0388716,0.0388135,0.0388138,0.0388449,0.0392599,0.0388309,0.0390332,0.0388135,0.0388263,0.0388617,0.0389626,0.0388135
0.0388254,0.104794,0.0388647,0.0390459,0.0388299,0.0394023,0.0388371,0.0389049,0.0388251,0.038997,0.0388311,0.038943,0.0388245,0.0388282,0.0395419,0.0388274,0.0388246,0.0388574,0.0388246,0.0390122,0.038842,0.0388268,0.0388246,0.0388652
0.0968498,0.0368036,0.0368239,0.0380223,0.0368013,0.0368013,0.0368013,0.0368013,0.0368031,0.038748,0.0369736,0.0372891,0.0368065,0.0368611,0.0368785,0.0368025,0.036802,0.0368063,0.0368031,0.0368017,0.0375407,0.0368693,0.0882793,0.0372303
0.0385135,0.0385362,0.0385132,0.0385423,0.0385132,0.0387556,0.0385132,0.0385327,0.038514,0.0386815,0.0385185,0.0428588,0.0385132,0.0419193,0.0385154,0.0399127,0.0385136,0.0385387,0.0385132,0.0417843,0.038521,0.0386918,0.0385145,0.10107
0.0390108,0.038754,0.0399022,0.038834,0.0387575,0.0387535,0.0387535,0.0387538,0.0387555,0.0387602,0.105049,0.0387535,0.0387768,0.0387807,0.0392889,0.0387547,0.038762,0.0387564,0.0393016,0.0387533,0.0387536,0.0387533,0.0397257,0.0387559
0.0386136,0.0386118,0.0390468,0.0387175,0.0387837,0.0386144,0.0386121,0.038615,0.0386173,0.0386164,0.0386261,0.0386117,0.0448007,0.0386128,0.0386626,0.0386123,0.0386376,0.0386117,0.104915,0.0386117,0.0386119,0.0386121,0.0386136,0.0386117
0.0387389,0.0391333,0.0387399,0.0389128,0.0387391,0.0410825,0.0387496,0.10517,0.0387389,0.0389936,0.0387694,0.0387436,0.0387389,0.0387425,0.0387441,0.0387389,0.0387777,0.0387407,0.0392897,0.0387427,0.0387391,0.0387562,0.0387389,0.0387392
0.0374987,0.0375671,0.0375071,0.0375074,0.0374987,0.0437015,0.0375019,0.0375348,0.0375346,0.0375003,0.0374988,0.0380095,0.0374987,0.0381383,0.0374987,0.0666012,0.0374987,0.0375026,0.0375001,0.100605,0.0374987,0.0375153,0.0374987,0.0377836
0.0379639,0.0379643,0.0379915,0.0379656,0.0392936,0.0379616,0.0380032,0.0385435,0.0379621,0.0379635,0.102152,0.0379616,0.0379629,0.0379615,0.0560589,0.0379615,0.0384479,0.0379704,0.0420401,0.0379614,0.0379616,0.0379617,0.0380244,0.0379615
0.0377063,0.037691,0.0392245,0.0747019,0.0376602,0.0399035,0.0376608,0.03766,0.0376697,0.0377603,0.0376629,0.0376685,0.0376603,0.090104,0.03766,0.04024,0.03766,0.037661,0.0377084,0.0376883,0.0376602,0.0376636,0.0376627,0.0376619
0.0378607,0.0378637,0.0378643,0.0378741,0.0378634,0.037933,0.0379033,0.0378618,0.0382293,0.037863,0.0378618,0.0378674,0.037861,0.0379246,0.0378609,0.102733,0.0378607,0.0379652,0.0378607,0.0616325,0.0378613,0.0378902,0.0378658,0.0398387
0.0387399,0.0387505,0.0388072,0.0387363,0.0387464,0.0409621,0.0387369,0.0387369,0.038928,0.0387382,0.0388102,0.104316,0.0387362,0.0396908,0.0393542,0.038777,0.0387362,0.0387859,0.0387363,0.0387438,0.0387395,0.0391956,0.0387488,0.0387467
0.0386072,0.0388148,0.0386086,0.0434384,0.0385765,0.0387098,0.0385768,0.0385757,0.0385762,0.0386648,0.0386179,0.0385797,0.038581,0.103836,0.0385748,0.0403031,0.0385748,0.0385845,0.0385812,0.0388249,0.038575,0.0385819,0.0385819,0.0400544
0.0384871,0.0431157,0.0384655,0.0384654,0.03847,0.0384714,0.0384653,0.0384666,0.0386234,0.0394755,0.0384709,0.103671,0.0384653,0.0399176,0.0388872,0.0384713,0.0384654,0.0385281,0.0384653,0.0384739,0.0407978,0.0385136,0.0384662,0.0399004
0.0383874,0.0383884,0.0383878,0.0383874,0.0383936,0.0486505,0.0384609,0.0385745,0.0400458,0.0383875,0.0385648,0.103979,0.0383919,0.0383881,0.0388777,0.0384148,0.0384423,0.0383884,0.0383875,0.0384439,0.0383904,0.0384777,0.0383878,0.0384018
0.0387264,0.0386788,0.0386786,0.0391216,0.0386784,0.0391729,0.0390867,0.038811,0.0386786,0.105055,0.0386784,0.0386834,0.0386784,0.0386832,0.0387514,0.0403003,0.0386831,0.0387267,0.0386813,0.0386799,0.0387624,0.0406326,0.0386925,0.0386787
0.0385758,0.0385761,0.0385785,0.0385758,0.0392655,0.0385817,0.0387108,0.0387743,0.040048,0.038577,0.0398584,0.0389179,0.0385774,0.0385758,0.104824,0.0385768,0.0423085,0.0385882,0.0385767,0.0385758,0.0385769,0.0385762,0.0386268,0.0385772
0.0384197,0.0383984,0.0387709,0.0383982,0.0423991,0.0383982,0.038399,0.0383982,0.0399514,0.0383982,0.103355,0.0383998,0.0402948,0.0383991,0.0384117,0.0384007,0.0384217,0.0383985,0.0432774,0.0383984,0.0383989,0.0383981,0.0391131,0.038401
0.0780103,0.0354062,0.0354286,0.035579,0.0354098,0.0354062,0.0354168,0.0354062,0.0354646,0.0356386,0.0354063,0.0354075,0.0354178,0.0354062,0.0354241,0.0354126,0.0354676,0.03548,0.0354143,0.0354062,0.0941947,0.0359629,0.0830252,0.0354082
0.0387508,0.0387493,0.0387493,0.0387493,0.0387908,0.0387492,0.0387565,0.0387607,0.0392575,0.0387513,0.0392443,0.0387505,0.0396269,0.0387493,0.0410356,0.0387593,0.104135,0.0387531,0.0387913,0.0387493,0.0388547,0.0387538,0.0388811,0.0388505
0.0387433,0.0387441,0.0387624,0.0387432,0.0394892,0.0387432,0.0387911,0.0387434,0.0403381,0.038743,0.038785,0.0387802,0.104149,0.038743,0.0387514,0.0387516,0.0402074,0.0387431,0.038904,0.0387453,0.0392853,0.0387709,0.03875,0.0387921
0.0387363,0.038736,0.105258,0.0388533,0.0388898,0.0388609,0.0389033,0.0387347,0.0392995,0.0387347,0.0387398,0.0387347,0.0388817,0.0387347,0.0387348,0.0387358,0.0387385,0.0387399,0.0411957,0.0387497,0.0387822,0.0387348,0.0387571,0.0387347
0.0381586,0.038262,0.0381682,0.0382872,0.0381587,0.103337,0.038187,0.0542067,0.0381587,0.0382259,0.0381592,0.0381624,0.038159,0.0382152,0.0381602,0.0381611,0.0381589,0.0381587,0.0406145,0.0381737,0.0381586,0.0382513,0.0381586,0.0381587
0.0388498,0.0388506,0.038857,0.0388496,0.0393452,0.0388497,0.0389281,0.038859,0.0401008,0.0388504,0.0407019,0.0388808,0.038852,0.0388496,0.102505,0.0388562,0.038969,0.0388815,0.0388498,0.0388496,0.0388563,0.0388497,0.0388976,0.0388605
0.0379124,0.037901,0.0379005,0.0379273,0.0379004,0.0382552,0.0379492,0.0379479,0.0379011,0.102053,0.0379004,0.0384969,0.0379004,0.0379091,0.0379714,0.0382094,0.0379031,0.0379071,0.0379018,0.0379043,0.04915,0.0513931,0.0379016,0.0379031
0.038016,0.0404207,0.0380171,0.0382716,0.0380344,0.038025,0.0380159,0.0380219,0.0380164,0.0380161,0.0380383,0.0384413,0.0380159,0.038985,0.038016,0.0380744,0.0380159,0.0380703,0.0380159,0.0562104,0.0380191,0.0380184,0.0380161,0.103208
0.0376096,0.0805325,0.0380001,0.0394782,0.0376104,0.0376653,0.0376082,0.0376115,0.0376086,0.0376105,0.0376162,0.0377371,0.0376081,0.0389519,0.0376081,0.037629,0.037608,0.0376142,0.0376089,0.0870732,0.0376106,0.0376094,0.0376082,0.0387822
0.0383126,0.0382841,0.0382832,0.0392698,0.0382831,0.038565,0.0383129,0.0389352,0.0382831,0.103527,0.0382834,0.0382921,0.0382831,0.0382843,0.0382948,0.0383134,0.0382883,0.0383091,0.0383329,0.0382839,0.0382947,0.0521157,0.0382849,0.0382834
0.0388237,0.038828,0.0388501,0.0388241,0.0388673,0.0390296,0.0388263,0.0388562,0.039131,0.0388404,0.0388364,0.0392711,0.0388238,0.0388238,0.105351,0.0388242,0.0392381,0.0388262,0.0388261,0.0388237,0.0390002,0.0388284,0.0388258,0.0388242
0.037726,0.037726,0.0377266,0.0377262,0.0377294,0.037732,0.0383289,0.0378477,0.0380838,0.0377278,0.0377691,0.0377298,0.0377314,0.037726,0.0661882,0.0377516,0.102018,0.0377698,0.0377297,0.037726,0.0378544,0.0377728,0.0381529,0.037726
0.0387169,0.0387673,0.0387194,0.0387194,0.0387356,0.0390016,0.0387367,0.105175,0.0387169,0.0389695,0.0390914,0.038719,0.0387169,0.0387234,0.0387266,0.0387169,0.0401721,0.0388238,0.0400392,0.0387249,0.0387175,0.0391364,0.0387169,0.0387169
0.0378026,0.0378002,0.0378461,0.037801,0.0381279,0.0378019,0.0380683,0.037801,0.0378271,0.037801,0.0378004,0.0378004,0.0640136,0.0378002,0.0378008,0.0378007,0.0389773,0.0378002,0.102433,0.0378003,0.0378483,0.0378102,0.0378376,0.0378003
0.0387722,0.0387723,0.0387729,0.0387734,0.0387725,0.0388275,0.038799,0.0387818,0.0389784,0.0387914,0.0387728,0.0387765,0.0387723,0.0388304,0.0387727,0.105103,0.0387773,0.0395377,0.0387724,0.0402182,0.0387734,0.0392068,0.0387875,0.038858
0.0389047,0.0387823,0.0387823,0.0387877,0.0387823,0.0387937,0.0388012,0.0387901,0.0388007,0.0396166,0.0387825,0.03889,0.0388322,0.0387838,0.0388354,0.0387996,0.0388474,0.0387914,0.0387856,0.0387826,0.0408897,0.104415,0.0389391,0.0387843
0.0390935,0.0386567,0.0386575,0.0391156,0.0386571,0.0386583,0.038675,0.038665,0.0386567,0.0387695,0.0386593,0.038659,0.0386594,0.038657,0.0393021,0.0386784,0.0389092,0.0396277,0.0386668,0.0386567,0.0386765,0.102508,0.0440677,0.0386671
0.0388313,0.0388405,0.038907,0.0388357,0.105456,0.0388316,0.0388329,0.0388588,0.039078,0.0388313,0.0390533,0.0388318,0.038836,0.0388371,0.0388369,0.038833,0.0391979,0.0391587,0.0389423,0.0388333,0.0388315,0.0388315,0.0388344,0.0388394
0.0387178,0.0387172,0.0388362,0.0387173,0.0399211,0.0387214,0.0389892,0.0387172,0.0400067,0.0387171,0.0388719,0.0387297,0.103117,0.0387172,0.0387176,0.0387224,0.0390885,0.0387172,0.0415466,0.038719,0.0387363,0.0387852,0.0387525,0.0387177
0.0375148,0.0414729,0.0375146,0.0380562,0.0375146,0.0377784,0.0375145,0.0375252,0.037514,0.0376363,0.0375362,0.0384753,0.037514,0.0679668,0.037519,0.0377787,0.0375141,0.0377218,0.037514,0.0377437,0.0375163,0.0375203,0.037518,0.10012
0.0385212,0.0385192,0.0387846,0.0385196,0.0385212,0.0385526,0.0385407,0.0385192,0.103752,0.0385192,0.0385193,0.038523,0.0408725,0.0385238,0.0385216,0.0451942,0.038538,0.03852,0.0385245,0.0385494,0.0385299,0.0385245,0.0393904,0.0385194
0.0391274,0.0387906,0.0387898,0.0390963,0.0387895,0.0387973,0.0387898,0.0387927,0.0387894,0.0398329,0.0387901,0.0388683,0.038804,0.0387898,0.0387985,0.0387991,0.03879,0.0387937,0.0390159,0.0387894,0.0397333,0.104835,0.0387927,0.0388047
0.0385941,0.0403082,0.0389875,0.104672,0.0385493,0.0385517,0.0385485,0.038689,0.0385484,0.0403414,0.0385498,0.0385484,0.0385484,0.0401582,0.0385487,0.0385486,0.038553,0.0413329,0.0385924,0.0385514,0.0385494,0.0385519,0.0386037,0.0385734
0.0394877,0.0388979,0.0389944,0.0402562,0.0387294,0.038735,0.0387392,0.0388283,0.0387307,0.105242,0.0387314,0.0387293,0.0387293,0.0388911,0.0395237,0.038735,0.0387294,0.0387838,0.0388466,0.0387294,0.0387389,0.0387302,0.0387313,0.0387293
0.0384655,0.0384511,0.0384562,0.0384512,0.0413617,0.0384516,0.0403898,0.0384511,0.103478,0.0384511,0.0384512,0.0384512,0.0415566,0.0384511,0.0394225,0.0404567,0.0387256,0.0384537,0.0386545,0.0384512,0.0384521,0.0384616,0.0391533,0.0384512
0.0387378,0.0387243,0.105228,0.0396547,0.0390812,0.0387456,0.0387839,0.0387213,0.0387852,0.0387213,0.0393264,0.0387214,0.0388601,0.0387229,0.0387214,0.0387228,0.038722,0.0387242,0.0405469,0.0387388,0.0387232,0.0387213,0.0388447,0.0387213
0.038713,0.104691,0.0387435,0.0388074,0.038716,0.0401397,0.038713,0.0388153,0.0387169,0.0387411,0.0387167,0.041251,0.0387128,0.0389006,0.0391034,0.0387135,0.0387128,0.038714,0.0387132,0.0387704,0.0387159,0.0387137,0.0387128,0.0387521
0.0384942,0.0381607,0.03815,0.0555043,0.0381486,0.0381577,0.0381795,0.0382608,0.0381487,0.102634,0.0381487,0.0381487,0.0381487,0.038176,0.0381491,0.0382866,0.0381497,0.0382188,0.0385464,0.0381568,0.0381537,0.039565,0.0381637,0.0381494
0.0385292,0.0385372,0.0386714,0.0385295,0.104575,0.0385323,0.0386226,0.0385821,0.0385315,0.0385292,0.0401556,0.0385495,0.0387417,0.0385297,0.0385299,0.0385292,0.0386434,0.038553,0.0454484,0.0385339,0.0385417,0.0385421,0.0385299,0.0385323
0.0373542,0.0373159,0.0373158,0.0380373,0.0373161,0.0373203,0.0373157,0.0373202,0.0373164,0.0376711,0.0373314,0.0373323,0.0373171,0.0754627,0.0373158,0.0391272,0.0373162,0.03751,0.0373206,0.0379934,0.0373162,0.0374162,0.0374523,0.0995057
0.0386098,0.0386749,0.104721,0.03898,0.0442183,0.0386323,0.0386038,0.0385986,0.0388125,0.0385986,0.0391796,0.0385987,0.0386071,0.0386115,0.0386001,0.0385987,0.0385987,0.0386032,0.0391231,0.0386007,0.0386067,0.0385986,0.038625,0.0385986
0.0387527,0.0386627,0.0390348,0.0386556,0.0406255,0.0386546,0.0386606,0.0386577,0.0386727,0.0386548,0.104569,0.0386582,0.0386769,0.0386551,0.0386571,0.0386558,0.0386795,0.0387017,0.0390733,0.0386627,0.0386548,0.0386548,0.0420124,0.0386567
0.0388908,0.0388202,0.0388218,0.0389619,0.0388205,0.0388253,0.0388204,0.0388223,0.0388202,0.0388498,0.0388209,0.0388827,0.0388452,0.0388208,0.0388203,0.0388491,0.0388231,0.0393919,0.0392252,0.0388345,0.0391543,0.105409,0.0388388,0.0388308
0.0387101,0.0394463,0.0387155,0.0389202,0.0387208,0.0405406,0.0387134,0.0387289,0.0387126,0.0387128,0.0388798,0.0389429,0.0387102,0.0508591,0.0387099,0.0390342,0.0387098,0.0387248,0.0387102,0.0728345,0.03871,0.038711,0.0387105,0.0598318
0.0385471,0.0447663,0.0389765,0.0385514,0.0388749,0.0397532,0.0385691,0.0388331,0.0387424,0.0385475,0.0385523,0.0385781,0.0385492,0.0390941,0.0385471,0.0385718,0.0385471,0.0385571,0.0386085,0.104027,0.0385535,0.0385542,0.0385471,0.0385511
0.0391887,0.0420747,0.0639546,0.0392644,0.0633572,0.0398254,0.0391888,0.0391963,0.0392035,0.0391887,0.0392245,0.0392116,0.0392362,0.0391913,0.0391887,0.0391888,0.0391908,0.0391887,0.0458381,0.0392279,0.0392877,0.0391887,0.0391887,0.0392058
0.0367917,0.0370641,0.0368252,0.0875382,0.0367937,0.0378253,0.0367922,0.0367995,0.0367912,0.0368021,0.0367933,0.0367915,0.0367912,0.0986671,0.0367909,0.0386355,0.0367909,0.0368116,0.0368018,0.0372452,0.036791,0.0367963,0.0367939,0.0374766
0.0378413,0.0378422,0.0379341,0.0378777,0.0378588,0.0378516,0.03784,0.037839,0.0382598,0.0378414,0.0378481,0.0378427,0.037839,0.039009,0.0378389,0.0980236,0.0378389,0.0382842,0.0378392,0.066426,0.037849,0.0378497,0.0378514,0.0386742
0.039276,0.0388342,0.0388281,0.0388825,0.0388286,0.0388306,0.0388302,0.0390036,0.0388292,0.105346,0.0388333,0.0388305,0.038828,0.038992,0.0392525,0.0388343,0.0388284,0.0389896,0.0388367,0.038828,0.0388662,0.0388909,0.038855,0.038846
0.0363666,0.0518557,0.0365554,0.0847014,0.0363626,0.0365748,0.0363625,0.0363692,0.0363628,0.0377359,0.0363628,0.0363714,0.0363625,0.0972529,0.0363629,0.0363658,0.0363625,0.0364547,0.0363628,0.0367468,0.0363645,0.036363,0.0363634,0.0366572
0.03796,0.0380899,0.037963,0.0379839,0.0395543,0.0379928,0.0379657,0.101832,0.03796,0.0379606,0.0474268,0.0379611,0.0379607,0.0379614,0.03801,0.03796,0.0451649,0.0380224,0.0444374,0.0379618,0.03796,0.0379624,0.03796,0.0379886
0.0386948,0.0390865,0.0387124,0.0406073,0.0386938,0.0386915,0.0386887,0.0387481,0.0386886,0.0387864,0.0394453,0.0386975,0.0386886,0.0387478,0.0386925,0.0387013,0.0386907,0.0946638,0.0386886,0.0393769,0.0387174,0.0388121,0.03871,0.0499695
0.0389221,0.0387412,0.0388085,0.0395007,0.0387252,0.0387277,0.0387564,0.040282,0.0387252,0.105126,0.0387264,0.038725,0.038725,0.0389878,0.0388196,0.038726,0.0387252,0.0398514,0.0387587,0.0387255,0.0387355,0.0387262,0.0387276,0.038725
0.0367401,0.0367721,0.0401862,0.0920256,0.0366881,0.0367469,0.0366876,0.0366891,0.0366876,0.0401492,0.036688,0.0366896,0.0366873,0.0924416,0.0366874,0.0367013,0.0366873,0.0376391,0.0367085,0.0369286,0.0366894,0.0366877,0.0367019,0.0366896
0.0368591,0.0368736,0.0376293,0.0997078,0.0368015,0.0368164,0.0368016,0.0368028,0.0368015,0.0382545,0.0368015,0.0368015,0.0368014,0.0877445,0.0368014,0.0368992,0.0368014,0.0369255,0.0368321,0.0369383,0.0368021,0.0368022,0.0368582,0.0368425
0.0368858,0.0373491,0.0368934,0.0448496,0.0368835,0.0369325,0.0368797,0.0368809,0.0368804,0.0368896,0.0369232,0.0369255,0.0368803,0.0973703,0.0368797,0.0369108,0.0368797,0.0369015,0.0368802,0.040321,0.0368874,0.0368831,0.0368822,0.0791507
0.0382795,0.0382632,0.0382729,0.0382688,0.0403453,0.0382632,0.0382759,0.0382826,0.0383335,0.0382638,0.0399745,0.0382633,0.0528391,0.0382632,0.0382666,0.0382632,0.0387177,0.0382631,0.100895,0.0382631,0.0383322,0.038273,0.038274,0.0382632
0.0387955,0.0387871,0.038788,0.0387986,0.0387871,0.0390594,0.104819,0.0388061,0.0387872,0.0388661,0.0387874,0.0387964,0.0388003,0.0387871,0.0387871,0.0391089,0.0387912,0.0387879,0.0388768,0.0388163,0.0387886,0.0408581,0.0389332,0.038787
0.0390825,0.0394312,0.0390909,0.0390943,0.0390827,0.0971761,0.0395667,0.039089,0.0390874,0.0390931,0.039083,0.0418376,0.0390843,0.0390837,0.0391734,0.0391533,0.0390834,0.0390827,0.0390828,0.0390849,0.0391273,0.0391176,0.0390826,0.0391295
0.0382089,0.0375055,0.0375073,0.0375958,0.037514,0.0375026,0.0939978,0.0375025,0.0375058,0.0375038,0.0375036,0.0375025,0.0788611,0.0375028,0.0375025,0.0375703,0.037522,0.037503,0.0375171,0.0375041,0.0383474,0.037503,0.0376287,0.0376879
0.0382844,0.0385711,0.0382867,0.0382859,0.0382834,0.039936,0.0382834,0.0383366,0.0382907,0.0573637,0.0382835,0.0896197,0.0382832,0.046305,0.038636,0.0383126,0.0382832,0.0383583,0.0382833,0.0382861,0.0383838,0.0384487,0.0382833,0.0383114
0.0388381,0.0390117,0.0388479,0.0388692,0.0388386,0.0609329,0.0388622,0.0390334,0.0388385,0.0390013,0.0388385,0.0393691,0.0388395,0.0431302,0.0388378,0.0388464,0.0388378,0.038839,0.0388993,0.0788172,0.0388384,0.038935,0.0388378,0.0390604
0.0385402,0.0385413,0.0385549,0.0385402,0.0419808,0.0394546,0.100817,0.0402899,0.0385405,0.0385405,0.038541,0.0386398,0.03861,0.0385402,0.0385402,0.0385495,0.0385495,0.0385434,0.0389439,0.0444714,0.0385426,0.0386482,0.0385402,0.0385405
0.0378666,0.0381342,0.0378756,0.0378762,0.037871,0.038645,0.0378667,0.0378757,0.0385071,0.0378668,0.0378692,0.0388929,0.0378666,0.0519837,0.0378667,0.0471371,0.0378666,0.0378786,0.037867,0.100216,0.0378668,0.037868,0.0378667,0.0405692
0.0417741,0.0386766,0.038686,0.0386789,0.0386788,0.0386765,0.0386779,0.0386768,0.0388852,0.0387265,0.0412089,0.0386774,0.0386787,0.0386767,0.0388934,0.03868,0.0390163,0.0393135,0.0386808,0.0386766,0.0391809,0.0387091,0.102794,0.0386767
0.0385686,0.038569,0.0385688,0.0385685,0.038578,0.0385686,0.0435478,0.038913,0.038604,0.0385697,0.038731,0.0385844,0.0385781,0.0385685,0.0401949,0.0385695,0.104442,0.0390421,0.0385686,0.0385687,0.0393291,0.0386001,0.0385965,0.0385707
0.0387423,0.105272,0.03875,0.0392326,0.0387516,0.0390466,0.0387429,0.0392059,0.0387507,0.0387588,0.038748,0.0388407,0.0387421,0.0390006,0.0387552,0.038743,0.0387421,0.0387447,0.0387428,0.040666,0.0387447,0.0387423,0.0387421,0.0387926
0.0387352,0.038735,0.0387352,0.038759,0.0387349,0.0387698,0.0387755,0.0387918,0.0387526,0.0391309,0.0387356,0.0387361,0.0387349,0.0387595,0.0387351,0.104347,0.038797,0.040328,0.0387359,0.0409873,0.0387358,0.0389,0.0387703,0.038778
0.0388168,0.0388163,0.0388165,0.0388168,0.0388163,0.0389285,0.0388164,0.0389016,0.0388163,0.0388418,0.0388174,0.0393888,0.0388265,0.0388177,0.0388165,0.0389067,0.0388179,0.0388903,0.0392666,0.0392762,0.0388347,0.105307,0.0388163,0.0388295
0.0386994,0.0386757,0.0386635,0.038678,0.0386554,0.0386899,0.0386587,0.0416191,0.0386597,0.104984,0.0386725,0.0386556,0.0386554,0.0408726,0.0391568,0.0386685,0.038656,0.0386964,0.0386987,0.0386561,0.0386579,0.0386581,0.0386558,0.0386559
0.0387567,0.0387491,0.0387493,0.0387522,0.0387493,0.0388078,0.0388365,0.0388966,0.0387491,0.0410811,0.0387491,0.0389141,0.0387566,0.0387528,0.03875,0.0387567,0.0387587,0.0387946,0.0388341,0.0387589,0.0396492,0.104885,0.0387531,0.038759
0.0396989,0.0396358,0.0396509,0.0396361,0.0396361,0.0396363,0.0400985,0.039639,0.0396724,0.0398422,0.0397606,0.0396365,0.0396378,0.0396357,0.0399948,0.0396362,0.0472644,0.0398076,0.0396388,0.0396358,0.0399762,0.0401823,0.0784113,0.0396357
0.0380608,0.0380583,0.0380583,0.0380597,0.0380591,0.0380587,0.0404523,0.0380809,0.0380678,0.0381219,0.0380588,0.0380584,0.0380822,0.0380583,0.0550549,0.0380743,0.102306,0.0380692,0.0383119,0.0380583,0.0381242,0.0382694,0.0403376,0.0380587
0.0396764,0.0396759,0.0396879,0.039677,0.0396782,0.0396929,0.0396985,0.0396764,0.039714,0.0396757,0.0509567,0.0399488,0.0743653,0.0396757,0.0396785,0.0396793,0.0405679,0.0396757,0.0400007,0.0396944,0.0397168,0.0396877,0.0397769,0.0397228
0.0391293,0.0391332,0.0391294,0.0391293,0.0391517,0.0401423,0.039146,0.0394489,0.0397119,0.0391293,0.0396627,0.0880692,0.0391729,0.0391293,0.0481605,0.0391361,0.0393403,0.0391294,0.039131,0.0391357,0.0391296,0.0392569,0.0391299,0.0391656
0.0381406,0.0396111,0.0381438,0.0381404,0.0381428,0.0386919,0.0381404,0.0381424,0.0382506,0.0381437,0.0381843,0.1036,0.0381403,0.0409701,0.0381462,0.0381459,0.0381403,0.0381567,0.0381403,0.0507805,0.0382096,0.0381656,0.0381403,0.0395319
0.0431024,0.0386221,0.0391363,0.0386236,0.0386319,0.0386216,0.0386338,0.0386214,0.0386579,0.038632,0.038624,0.0386247,0.0387143,0.0386215,0.0386429,0.0386224,0.0386221,0.0386305,0.0386232,0.0386215,0.104876,0.0388402,0.0400309,0.0386231
0.0373668,0.0737564,0.0374548,0.101337,0.0373505,0.0373543,0.0373481,0.0374003,0.0373476,0.0378598,0.0373478,0.0373478,0.0373476,0.039622,0.0373481,0.0373498,0.0373477,0.0375295,0.0373535,0.0373625,0.0373498,0.0373481,0.037352,0.0374187
0.0386712,0.0387084,0.0386532,0.0387365,0.0386704,0.0386502,0.0387476,0.03884,0.03865,0.0403983,0.0386549,0.0387277,0.03865,0.0386626,0.0386514,0.0387242,0.0386569,0.104699,0.03865,0.0389248,0.0386891,0.04215,0.0387661,0.0386677
0.0379656,0.0437752,0.0380603,0.0425037,0.0380133,0.0380694,0.0379651,0.0379672,0.037966,0.0379959,0.0379654,0.0379991,0.037965,0.0971235,0.037965,0.0381574,0.037965,0.0379961,0.0379697,0.052461,0.0379693,0.0379652,0.0379652,0.0422515
0.0388078,0.0388076,0.0388095,0.0388077,0.0389527,0.0388106,0.0389116,0.0388147,0.0389945,0.0388078,0.0391775,0.0388653,0.0395802,0.0388076,0.0391524,0.0388079,0.104928,0.0388105,0.0391224,0.0388077,0.0388331,0.0388145,0.03896,0.0388083
0.0387556,0.0392016,0.0388013,0.0387566,0.0387575,0.105288,0.0398005,0.0389302,0.0387799,0.03876,0.0387556,0.0398785,0.0387557,0.0388037,0.038771,0.0390068,0.0387556,0.0387557,0.0387664,0.0388935,0.0387569,0.0387579,0.0387556,0.0387562
0.0379508,0.0405631,0.102257,0.0386748,0.0577262,0.0387468,0.0379515,0.037951,0.0380078,0.0379508,0.0379762,0.037953,0.0379514,0.0386614,0.0379516,0.0379522,0.0379508,0.0379538,0.0380878,0.0379552,0.0379736,0.0379508,0.0379509,0.0379512
0.0378451,0.0378387,0.0378408,0.0378388,0.0379098,0.0378394,0.0380677,0.0378387,0.0951246,0.0378387,0.0378388,0.03784,0.0384757,0.037839,0.037842,0.0690869,0.037846,0.0378389,0.0399037,0.037841,0.0378397,0.0378498,0.0381369,0.0378391
0.0395406,0.0394871,0.0396232,0.0394932,0.0395041,0.0394871,0.0394897,0.039487,0.0906662,0.0394876,0.0394876,0.039487,0.0395902,0.0394872,0.0395152,0.0396816,0.0395299,0.0395055,0.0397787,0.0394897,0.0394946,0.0394944,0.0397058,0.039487
0.0370909,0.037091,0.0370766,0.0426467,0.0370753,0.0371271,0.0370751,0.0370781,0.0370789,0.0373852,0.0370996,0.0370881,0.0370751,0.0979736,0.0370755,0.0376744,0.0370751,0.0371697,0.0370752,0.0393542,0.0370754,0.0370784,0.0371319,0.077329
0.0386975,0.0390248,0.0393706,0.0386978,0.105155,0.0387109,0.0386986,0.0387299,0.0394627,0.0386975,0.040494,0.0387298,0.0387072,0.0390349,0.0387011,0.0386978,0.0386979,0.0387004,0.0394767,0.0387044,0.0387145,0.0386975,0.0386975,0.0387007
0.0385108,0.0387277,0.0387663,0.0397558,0.038514,0.0386808,0.0385107,0.0385179,0.038511,0.0385296,0.0385115,0.038558,0.0385107,0.061908,0.0385107,0.0385747,0.0385107,0.038529,0.0385709,0.0878321,0.0385201,0.0385231,0.0385108,0.0394051
0.0432868,0.0386047,0.0386005,0.0385996,0.0386338,0.0385953,0.0386377,0.0385952,0.0386057,0.0386013,0.0385962,0.038599,0.0399334,0.0385952,0.0388209,0.0385952,0.0385974,0.0385953,0.0386385,0.0385952,0.104287,0.0391845,0.0396027,0.0385988
0.0386716,0.0386675,0.0386682,0.0386665,0.038672,0.0387276,0.0386669,0.0386731,0.0393887,0.038718,0.0386812,0.105013,0.0386665,0.0391119,0.0388687,0.0386708,0.0386673,0.039432,0.0386665,0.0387204,0.0404533,0.0398252,0.0386779,0.0390256
0.0382589,0.0382703,0.038267,0.0382838,0.038259,0.103869,0.0404086,0.0386378,0.0382609,0.0382674,0.0382589,0.0383467,0.0382589,0.0382751,0.0382658,0.051575,0.0382592,0.0382596,0.0382641,0.0383332,0.038259,0.0383437,0.0382589,0.038259
0.03869,0.0386941,0.0400651,0.0386907,0.0386922,0.10462,0.0391238,0.0388663,0.0398626,0.0387008,0.0386902,0.0387591,0.0386914,0.0387153,0.0387507,0.040714,0.038692,0.0387025,0.0386923,0.0388076,0.03869,0.0387083,0.0386901,0.0386901
0.0396246,0.0381255,0.0381149,0.0551749,0.0381126,0.0381127,0.0381127,0.0381732,0.0381126,0.102667,0.0381223,0.0381135,0.0381126,0.0381434,0.0381906,0.0381176,0.0381195,0.0390795,0.0381273,0.0381126,0.0381664,0.0382583,0.0384464,0.0385594
0.0386117,0.0388626,0.0386994,0.0386128,0.0386592,0.0386098,0.0386676,0.0386173,0.0386248,0.0386097,0.0386466,0.038618,0.0386427,0.0386102,0.0386096,0.0386668,0.0386125,0.0460371,0.0386098,0.103219,0.0387106,0.0386458,0.0386109,0.0391852
0.0383752,0.0382377,0.102812,0.0392003,0.0387703,0.0382399,0.0382378,0.0382377,0.0389088,0.0382377,0.0382614,0.0382377,0.0426273,0.0387125,0.0382377,0.0384137,0.0382378,0.0382403,0.0479962,0.0382414,0.0386017,0.0382382,0.0384574,0.0382397
0.0400054,0.0386008,0.0386018,0.0392005,0.0386007,0.038638,0.0386807,0.0386008,0.038601,0.0392568,0.038601,0.0391443,0.038601,0.0386052,0.0386011,0.0419343,0.0386205,0.0411573,0.0386008,0.0386348,0.0389597,0.0955875,0.0454211,0.0387448
0.038788,0.0387874,0.038788,0.0388819,0.0387882,0.0387918,0.0387884,0.0396492,0.0387873,0.039187,0.0387878,0.0387894,0.0387914,0.0387873,0.0387881,0.0387998,0.0388073,0.0396326,0.0391206,0.0387998,0.0389208,0.105157,0.038788,0.0387931
0.0388337,0.0388331,0.0388357,0.0388336,0.0390168,0.0390276,0.104651,0.0388387,0.0388366,0.0388347,0.0388341,0.0388338,0.0391383,0.0388331,0.0388359,0.0395498,0.0388453,0.0388355,0.0394788,0.0388336,0.0388333,0.038929,0.0388445,0.0388333
0.0387424,0.0387257,0.0407024,0.038726,0.0389564,0.0387271,0.0387685,0.0387256,0.10523,0.0387257,0.0387269,0.0387309,0.0389194,0.0387266,0.03894,0.0391707,0.0387408,0.038727,0.0387318,0.0387258,0.039599,0.0387258,0.0387798,0.0387256
0.0369835,0.036972,0.0369734,0.0369749,0.0369871,0.0369733,0.0370934,0.0369722,0.0370218,0.0369724,0.0369725,0.0369723,0.099929,0.036972,0.036979,0.0369782,0.0388401,0.036972,0.0844391,0.0369719,0.0370149,0.0370501,0.0370061,0.0369787
0.0378416,0.0402269,0.0378417,0.037882,0.0378426,0.0380271,0.0378414,0.0378553,0.0378441,0.0378432,0.0378606,0.0422798,0.0378414,0.041685,0.0378438,0.0378919,0.0378414,0.0378482,0.0378416,0.0549197,0.0378439,0.0378605,0.0378415,0.101555
0.0386201,0.0386929,0.0386268,0.0417684,0.0386293,0.0386585,0.0386198,0.0386617,0.0386211,0.0386253,0.0387238,0.0386294,0.0386198,0.101324,0.0386198,0.0387968,0.0386198,0.038662,0.0386278,0.0393333,0.0386198,0.0386201,0.0386242,0.0446553
0.0386991,0.0385681,0.0484714,0.0387818,0.0386443,0.0385678,0.0385706,0.0385671,0.0385671,0.0385692,0.0386181,0.038567,0.038863,0.038567,0.0385676,0.038567,0.0386026,0.0385687,0.101976,0.0385671,0.0387283,0.0386135,0.0386204,0.038567
0.0364296,0.0363675,0.0399848,0.0363736,0.0368059,0.0363698,0.0364834,0.0363674,0.0364114,0.036368,0.0363713,0.0363687,0.0970215,0.0363675,0.0363678,0.0363675,0.036376,0.0363674,0.0982986,0.0363674,0.0366577,0.0363702,0.0363699,0.0363674
0.0386952,0.0386939,0.0387133,0.0391493,0.0386955,0.0386946,0.0388989,0.0387727,0.0386943,0.0386967,0.0386997,0.0386939,0.038778,0.0386939,0.0388198,0.0386967,0.104712,0.0387812,0.0408666,0.0386939,0.0386945,0.0389027,0.0405694,0.0386939
0.0385779,0.0385782,0.0385789,0.0385802,0.0396993,0.0385975,0.0388792,0.0427259,0.038578,0.0385779,0.0414779,0.0385872,0.0389687,0.0385779,0.0386362,0.038578,0.102618,0.0385828,0.0396569,0.038578,0.0385782,0.0386197,0.0385792,0.0385882
0.0387319,0.0400663,0.0387329,0.0387337,0.0387496,0.0387804,0.0388101,0.0391083,0.0387344,0.0387348,0.0387344,0.0389347,0.038732,0.0387425,0.0387319,0.0388433,0.0387319,0.0387986,0.0387328,0.105251,0.0387397,0.0387362,0.0387319,0.0403772
0.0393929,0.0387372,0.0387388,0.0387505,0.0387379,0.0387423,0.0387972,0.0387398,0.0387377,0.0388301,0.0387372,0.0388484,0.0387682,0.0387374,0.0387386,0.0388096,0.038756,0.039795,0.0387603,0.0387397,0.0390593,0.105218,0.0400895,0.0387388
0.0386197,0.0385786,0.0385782,0.0410523,0.0385779,0.038637,0.0386021,0.0395143,0.0385779,0.10459,0.0385779,0.0385785,0.0385779,0.0385945,0.0385962,0.0386818,0.0385994,0.0419582,0.0385802,0.0385863,0.038589,0.0394848,0.038608,0.0386589
0.0400076,0.0386844,0.0395645,0.0388841,0.0386878,0.0386844,0.0388247,0.0386836,0.0387945,0.038752,0.0386839,0.0386946,0.0386841,0.0386838,0.0386985,0.0386888,0.0387213,0.0391448,0.0386838,0.0386844,0.104589,0.0392143,0.0405769,0.0386839
0.0380318,0.0380451,0.0380321,0.0380318,0.038041,0.0404775,0.0380381,0.0388635,0.038048,0.0380322,0.0549765,0.102648,0.0380558,0.0380325,0.0400442,0.0380322,0.0381243,0.0380319,0.0380348,0.0380331,0.0380391,0.0381717,0.0380323,0.0381029
0.0492908,0.0386131,0.0386181,0.0387258,0.038614,0.0386131,0.0386136,0.038613,0.0386486,0.0386178,0.039079,0.0386453,0.0388946,0.0386185,0.0386139,0.0386438,0.0386614,0.0386267,0.0386451,0.0386242,0.0386447,0.0386948,0.0997636,0.0388765
0.0965457,0.0363433,0.0363851,0.0412174,0.0363438,0.0363434,0.0363559,0.0363433,0.0363947,0.0363774,0.036348,0.0363434,0.036442,0.0363449,0.0363455,0.0364213,0.0363614,0.0364561,0.0363533,0.0363437,0.0365559,0.0364441,0.098236,0.0363545
0.0387485,0.03875,0.0387612,0.0387489,0.0387721,0.0387593,0.0387636,0.0387555,0.0387484,0.0387474,0.0402005,0.0388435,0.0971154,0.0387473,0.0387523,0.0387473,0.0417152,0.0387473,0.0450405,0.0387491,0.0388519,0.0394059,0.0387662,0.0387625
0.0385788,0.0385864,0.0385797,0.0385795,0.0385947,0.0387252,0.0386078,0.104737,0.0385789,0.0387437,0.0396441,0.0385795,0.0385788,0.0385811,0.0385984,0.0385794,0.0434857,0.0391396,0.0393183,0.0385901,0.0385789,0.0388567,0.0385788,0.0385788
0.0410362,0.0388007,0.038814,0.0388651,0.038804,0.0387976,0.0387976,0.0387978,0.0388,0.0388825,0.0393097,0.0388087,0.0387976,0.0388867,0.0387985,0.0388356,0.0388358,0.0984057,0.0388018,0.0394147,0.0389939,0.0388838,0.0430572,0.0397744
0.0388861,0.0388981,0.0411681,0.0388866,0.101144,0.0390581,0.0389217,0.0388931,0.0397119,0.0388861,0.0389771,0.038887,0.0388902,0.038888,0.0388876,0.0389145,0.0388918,0.0389231,0.039804,0.0389285,0.0388897,0.0388861,0.0388861,0.0388929
0.0388816,0.0389176,0.0388973,0.0389424,0.0388846,0.104657,0.0389771,0.0393222,0.0388827,0.0388878,0.0388816,0.0389864,0.0388831,0.0389708,0.0388824,0.0389248,0.0388817,0.0388816,0.0390035,0.0389066,0.0388817,0.0388997,0.0388816,0.0388845
0.03867,0.0386936,0.0386761,0.0386726,0.0386702,0.105044,0.0394996,0.0394072,0.038673,0.0386807,0.0386701,0.0419439,0.0386708,0.0386859,0.0386976,0.0387654,0.0386721,0.0386702,0.0386782,0.0386721,0.0386705,0.0391747,0.03867,0.0386718
0.0386989,0.0388077,0.0387052,0.0387685,0.038699,0.103762,0.038737,0.0438814,0.0386989,0.0387003,0.0386991,0.0387809,0.0386992,0.0387004,0.038701,0.0387093,0.0386992,0.038699,0.0388998,0.0387036,0.0386989,0.0391526,0.0386989,0.038699
0.0394842,0.0395305,0.0394774,0.0406277,0.0394792,0.0394892,0.0394777,0.0395651,0.039477,0.0401998,0.0394786,0.0394814,0.039477,0.0395139,0.0394786,0.0397551,0.0394806,0.0769006,0.0394772,0.0398839,0.0394892,0.039864,0.0395345,0.0513778
0.0388271,0.0388256,0.0388277,0.0388334,0.0388257,0.039005,0.039194,0.0388258,0.0395781,0.0388514,0.0388258,0.0388309,0.0388267,0.0388958,0.0388303,0.105341,0.0388259,0.0388433,0.0388268,0.0388516,0.0388261,0.0388748,0.0389586,0.0388489
0.0394807,0.0398404,0.0676875,0.039485,0.0480191,0.0399397,0.0398044,0.039491,0.0394939,0.0394808,0.0394999,0.0395027,0.0396928,0.0394809,0.0394807,0.0394809,0.0394889,0.0394812,0.0526262,0.0405462,0.0395542,0.0394808,0.0394807,0.039481
0.0373478,0.0373465,0.0373473,0.0373465,0.0373635,0.0373487,0.037922,0.0373465,0.0946776,0.0373465,0.0373494,0.0377409,0.0780366,0.0373465,0.0373879,0.0410273,0.0376207,0.0373468,0.0373477,0.0373677,0.037716,0.0373538,0.0374051,0.0375608
0.0383842,0.0384038,0.039591,0.0383959,0.038388,0.104286,0.0432308,0.0388251,0.038396,0.0383893,0.0383843,0.038392,0.0383843,0.0383986,0.0383852,0.0442906,0.0383846,0.0384105,0.0383931,0.0386732,0.0383842,0.0384612,0.0383842,0.0383842
0.0387952,0.0390412,0.0399004,0.105295,0.0387738,0.0388582,0.0387748,0.0387742,0.0387737,0.0387979,0.038774,0.0387755,0.0387737,0.0399047,0.0387738,0.0387771,0.0387738,0.0388078,0.0387788,0.0387978,0.0387739,0.0387743,0.0389369,0.0387932
0.0421812,0.0385503,0.0386287,0.038684,0.038553,0.0385498,0.0385925,0.0385497,0.0385994,0.0386528,0.0385503,0.0385507,0.0385513,0.0385497,0.038976,0.038551,0.0385848,0.0385585,0.0385582,0.0385497,0.102861,0.0387167,0.0443504,0.0385498
0.0385914,0.0385872,0.0385872,0.0385966,0.0386063,0.0385872,0.0385892,0.0386014,0.0385933,0.0385898,0.041856,0.0385878,0.03859,0.0385873,0.0433171,0.0385887,0.102873,0.0386135,0.0385993,0.0385872,0.0386511,0.0386009,0.0399687,0.0386493
0.0382166,0.0382866,0.0382155,0.0382174,0.0382356,0.0382179,0.0382154,0.0382575,0.0382184,0.0382244,0.0383044,0.0432009,0.0382157,0.0435161,0.0382172,0.0382686,0.0382155,0.0382762,0.0382159,0.0458806,0.0382195,0.0383189,0.0382166,0.102628
0.0379028,0.0393436,0.0380017,0.0560589,0.0379019,0.0408225,0.0379017,0.0379044,0.0379024,0.0379427,0.0379039,0.0379802,0.0379017,0.100959,0.0379051,0.0379115,0.0379017,0.0379637,0.0379017,0.0381791,0.0379042,0.0379026,0.0379111,0.0420914
0.0383931,0.0383934,0.0383934,0.0383931,0.0384968,0.0384151,0.038439,0.0402553,0.0383963,0.0383931,0.0400946,0.0384834,0.0431966,0.0383931,0.0387702,0.0383931,0.103503,0.0383934,0.0427966,0.0383932,0.0383961,0.0384279,0.0383941,0.0383961
0.042131,0.0382589,0.038256,0.0383933,0.0382666,0.0382534,0.0382535,0.0382535,0.0382545,0.0382806,0.0405776,0.0382639,0.0382534,0.0385925,0.038254,0.0384834,0.0382566,0.0855028,0.0382536,0.0384526,0.0383014,0.0382931,0.0530918,0.0508222
0.0384736,0.0993755,0.0384919,0.0532301,0.0384641,0.0385032,0.0384768,0.0384688,0.0384636,0.0385028,0.0384634,0.0384684,0.0384632,0.0386852,0.0384634,0.0384705,0.0384632,0.0384651,0.0384641,0.03921,0.0384826,0.0384642,0.0384636,0.0385227
0.0388097,0.038812,0.0388187,0.0388096,0.0389088,0.0389608,0.0388118,0.0388121,0.0442145,0.0388099,0.0388174,0.100563,0.0389049,0.0388129,0.0388296,0.0388161,0.0388105,0.0388098,0.0388163,0.0397349,0.0388395,0.0388234,0.0388097,0.0388438
