0.0384479,0.0384458,0.0384481,0.0384447,0.038523,0.0384466,0.038445,0.0384595,0.0456857,0.0385863,0.0417718,0.0398737,0.0384448,0.0384448,0.102268,0.0384448,0.0390603,0.0386089,0.0384448,0.0384449,0.0388859,0.0384452,0.0384832,0.0384465
0.0433074,0.0383372,0.0409542,0.0383536,0.0383385,0.0383357,0.038336,0.0383357,0.038373,0.0383443,0.0385268,0.0383387,0.038387,0.0383357,0.0384882,0.0383381,0.038366,0.0384114,0.0383385,0.0383409,0.103446,0.0400883,0.043243,0.0383357
0.0371621,0.0377314,0.0372008,0.0405678,0.0371661,0.0374773,0.0371658,0.0371634,0.0371695,0.037167,0.0371595,0.037161,0.0371595,0.0997146,0.0371595,0.0393515,0.0371595,0.0372497,0.0371627,0.0601491,0.0371595,0.0371612,0.0371607,0.0531207
0.0394918,0.0394152,0.0394385,0.0394154,0.0397178,0.0394218,0.0395245,0.0394154,0.0916714,0.0394152,0.0394208,0.039417,0.0394466,0.0394172,0.0394436,0.0397193,0.039419,0.0394284,0.0394189,0.0394205,0.0394221,0.0394161,0.0402683,0.0394152
0.0385332,0.0385033,0.0385166,0.0385264,0.038503,0.0398015,0.0416894,0.0385027,0.0393968,0.0385414,0.0385026,0.0387137,0.0385038,0.0404794,0.0385026,0.104181,0.0385026,0.0385106,0.0385026,0.0387068,0.0385175,0.0387648,0.0385124,0.0405852
0.0393468,0.0385504,0.0385478,0.0393743,0.0385469,0.0385468,0.0385468,0.0385791,0.0385471,0.0386121,0.0394184,0.0385488,0.0385469,0.0386558,0.0385475,0.0385917,0.038547,0.103428,0.0385489,0.0410639,0.0385624,0.0388625,0.0422034,0.0392763
0.0372852,0.0371422,0.0380235,0.0371423,0.0388276,0.0371425,0.0426583,0.0371432,0.0372449,0.0371422,0.05122,0.0371422,0.100347,0.0371422,0.0371464,0.0371736,0.0371831,0.0371429,0.059505,0.0371539,0.0371652,0.0371783,0.0376061,0.0371422
0.0372563,0.037251,0.0374866,0.0372506,0.0376208,0.0372516,0.0372519,0.0373562,0.037316,0.0372639,0.0983252,0.0372642,0.0372564,0.0372506,0.0809531,0.0372506,0.037444,0.0373146,0.0372716,0.0372515,0.0373177,0.0372774,0.0372678,0.0372506
0.0382241,0.0382822,0.0382246,0.0382242,0.0382246,0.0383191,0.0382242,0.0426236,0.0382335,0.0384642,0.0383178,0.102286,0.0382241,0.0382256,0.040847,0.0382244,0.0382242,0.0467689,0.0382241,0.0385153,0.038406,0.0387135,0.0382242,0.0397545
0.0379226,0.0379158,0.0396539,0.0380289,0.037944,0.0379419,0.0380311,0.038223,0.0379157,0.0379183,0.0379775,0.0379157,0.039392,0.0379157,0.0379468,0.0379157,0.0586629,0.0379162,0.102083,0.0379157,0.037916,0.039012,0.0380199,0.0379157
0.0389395,0.0389377,0.039029,0.0389876,0.0389677,0.0401822,0.0423542,0.0389365,0.0389834,0.0389365,0.0389363,0.0389368,0.0389834,0.0393645,0.0389363,0.0982018,0.0389363,0.0389379,0.0389609,0.0397277,0.0389371,0.0390024,0.0389381,0.0389462
0.0400298,0.0380384,0.0496906,0.0380509,0.0380394,0.0380382,0.0380393,0.0380381,0.0380539,0.0380393,0.0383117,0.0380413,0.038505,0.0380381,0.0380692,0.0380404,0.0380479,0.0380674,0.0380529,0.0380426,0.101707,0.0449406,0.0400395,0.0380381
0.0383991,0.0383398,0.0383423,0.038355,0.0383477,0.0383445,0.0941926,0.0395004,0.03834,0.0391846,0.0383481,0.0383397,0.0391751,0.0383399,0.0384964,0.0383417,0.0585171,0.0383402,0.03889,0.0383396,0.03834,0.038386,0.0384605,0.0383396
0.0862633,0.0349658,0.0401627,0.0351306,0.0349658,0.0349658,0.0349742,0.0349657,0.0350794,0.0350679,0.0349742,0.0349662,0.034973,0.0349659,0.0349841,0.0350334,0.0349905,0.0350433,0.0349658,0.0349658,0.0844732,0.0353248,0.0888326,0.034966
0.0379707,0.0432723,0.0379716,0.0379714,0.0379831,0.0389426,0.037972,0.102194,0.0379708,0.0402242,0.0380106,0.0527347,0.0379708,0.0379737,0.038729,0.0379708,0.0379823,0.0379982,0.0379765,0.0379717,0.0379714,0.0379838,0.0379707,0.0382828
0.0464024,0.038079,0.0405316,0.0380854,0.0380793,0.0380782,0.0380787,0.0380782,0.0381005,0.0380879,0.0401012,0.0380814,0.0381839,0.0380782,0.0381485,0.0380829,0.0380839,0.0382697,0.0380793,0.0380893,0.102931,0.0395768,0.0446148,0.0380783
0.0375695,0.0374974,0.0375191,0.0375238,0.0375462,0.037498,0.0375512,0.0377982,0.0374974,0.0375075,0.0413085,0.0374974,0.0530423,0.0374974,0.0375377,0.0374975,0.0522079,0.0375037,0.100689,0.0374974,0.0374985,0.0389542,0.0382627,0.0374974
0.0380558,0.0380157,0.0420185,0.0380157,0.0473676,0.0381637,0.101241,0.0380156,0.0450456,0.0380156,0.0380197,0.0380155,0.0411583,0.0380212,0.0380176,0.0385589,0.0380276,0.0380154,0.0381177,0.0380158,0.0380192,0.0380156,0.0380277,0.0380154
0.0383423,0.0383906,0.0383422,0.0384047,0.0383425,0.0383872,0.0383622,0.103488,0.0383422,0.049917,0.0383509,0.0383446,0.0383423,0.0383457,0.0384044,0.0383422,0.0397126,0.0383651,0.039473,0.0383422,0.0383422,0.0386302,0.0383424,0.0383434
0.0387096,0.0382197,0.0382371,0.03824,0.0382207,0.0382192,0.0382327,0.0382403,0.0382198,0.039277,0.0382652,0.0382192,0.038222,0.0382189,0.0514356,0.0382189,0.103074,0.0382211,0.0382652,0.0382189,0.0382934,0.0382579,0.041055,0.0382189
0.0969578,0.0363413,0.0363711,0.0365071,0.0363418,0.0363413,0.0371825,0.0363413,0.0364407,0.0363482,0.0363498,0.0363413,0.0381746,0.0363484,0.0363414,0.038604,0.0363582,0.0364142,0.0363558,0.0363429,0.0364227,0.0363648,0.0980672,0.0363414
0.0373704,0.0373751,0.0385135,0.0373703,0.0641867,0.0376595,0.0375629,0.0373718,0.0998091,0.0373703,0.0373815,0.0399363,0.0373863,0.0373703,0.045897,0.0373763,0.037378,0.0373706,0.0373709,0.0373721,0.0384594,0.0373709,0.0373706,0.0373703
0.0406276,0.0394895,0.0394929,0.0394921,0.0394913,0.0394907,0.040567,0.0395371,0.0394901,0.0395068,0.0423869,0.0394895,0.0447797,0.0394899,0.0395439,0.0394999,0.0403054,0.0395161,0.0642078,0.0394896,0.0394896,0.0397114,0.0554157,0.0394895
0.0370773,0.0368958,0.0370458,0.0368975,0.0372413,0.0368964,0.0450993,0.0368967,0.0369216,0.036896,0.0372517,0.0368958,0.0995945,0.0368958,0.0369049,0.0369237,0.0582985,0.0368958,0.0571884,0.0368958,0.0369376,0.0369194,0.0376346,0.0368958
0.0386473,0.03865,0.038649,0.0386473,0.0386473,0.0410111,0.0386524,0.0387504,0.0386706,0.0390293,0.0386475,0.100401,0.0386473,0.0386476,0.0417726,0.0386516,0.0386475,0.0386833,0.0386473,0.038648,0.0392975,0.0425881,0.0386473,0.0387182
0.0382208,0.0383287,0.037976,0.0588966,0.0379653,0.0379706,0.0379713,0.0393416,0.0379653,0.102792,0.0379663,0.0379654,0.0379653,0.0381646,0.0379706,0.0379654,0.0380625,0.0380659,0.0379981,0.0379653,0.0379682,0.0382936,0.0380124,0.0382081
0.036874,0.0368749,0.0382799,0.036874,0.047176,0.0641944,0.096916,0.0368762,0.0513708,0.036874,0.0368741,0.0369339,0.0378388,0.0368747,0.0368866,0.0371753,0.0368912,0.0368739,0.0369636,0.036875,0.0368777,0.036877,0.036874,0.036874
0.040425,0.0386806,0.0386916,0.0387982,0.0386806,0.0386867,0.10367,0.0386885,0.0386807,0.0403753,0.038681,0.0386808,0.0393189,0.0386812,0.0386909,0.0388891,0.0398149,0.0386811,0.0387004,0.0386806,0.0386893,0.0390397,0.0393939,0.0386806
0.0383192,0.100847,0.0383687,0.0383494,0.038459,0.0389378,0.0383196,0.0408433,0.0383216,0.0394654,0.0383194,0.0486922,0.0383192,0.038329,0.0383399,0.0383194,0.0383193,0.0383429,0.0383195,0.0384668,0.038756,0.0383286,0.0383192,0.0405979
0.0960249,0.0359818,0.0360423,0.0365497,0.0359818,0.0359818,0.035983,0.0359818,0.0359835,0.0426483,0.0360297,0.035982,0.0359835,0.0359833,0.0360093,0.0361055,0.0360395,0.037944,0.0359819,0.0359818,0.0398085,0.0380753,0.0969246,0.0359924
0.0379045,0.0381123,0.0379027,0.038021,0.0379026,0.0380529,0.0379027,0.0379232,0.0379053,0.0389118,0.0379027,0.0426155,0.0379026,0.048531,0.037903,0.040623,0.0379026,0.0392759,0.0379026,0.0422085,0.0379213,0.0381901,0.0379037,0.102678
0.0454094,0.0377845,0.0392019,0.0377847,0.0377933,0.0377845,0.037821,0.0377863,0.0378047,0.0377964,0.100292,0.0377845,0.0382048,0.037785,0.0379046,0.037786,0.0378161,0.0380362,0.0379194,0.0377867,0.0377927,0.0377859,0.0583553,0.0377845
0.0379594,0.0379456,0.0416869,0.0379704,0.0431276,0.0379824,0.0381347,0.0379799,0.0379522,0.0379455,0.0379811,0.0379452,0.0498906,0.0379472,0.0379473,0.0379458,0.0409179,0.0379453,0.102986,0.0379454,0.0379452,0.0379551,0.038018,0.0379452
0.0387461,0.0398669,0.0387464,0.0387638,0.0387499,0.0396689,0.0387554,0.104986,0.0387461,0.039799,0.0387592,0.0388023,0.0387461,0.0387524,0.0387929,0.0387461,0.0389021,0.0387543,0.0391176,0.0387462,0.0387461,0.0388066,0.0387461,0.0387532
0.0382023,0.0382356,0.0382389,0.0382733,0.0382046,0.0462593,0.0382056,0.0382028,0.0382815,0.0382022,0.0382018,0.038332,0.0382019,0.0419667,0.0382017,0.0636795,0.0382017,0.0382229,0.0382028,0.0813735,0.0382039,0.0387815,0.038202,0.039922
0.037467,0.0374642,0.0374736,0.0374638,0.0386252,0.0374643,0.0374904,0.0424502,0.0374648,0.0374712,0.099413,0.0374641,0.0377391,0.0374638,0.051651,0.0374638,0.0437489,0.0374962,0.0493737,0.0374641,0.0374642,0.0374752,0.0374844,0.0374638
0.0377869,0.0378832,0.0386234,0.0731984,0.0377699,0.0385575,0.0377937,0.0377693,0.0377745,0.0377749,0.0377689,0.0377692,0.0377691,0.0761172,0.0377689,0.0549356,0.0377689,0.0377767,0.0377812,0.0382194,0.0377695,0.0378116,0.0377751,0.038037
0.0383306,0.0383108,0.038364,0.038325,0.038316,0.0387371,0.0383584,0.0383085,0.0447118,0.0383089,0.0383086,0.0384506,0.0383114,0.0386579,0.0383085,0.103564,0.0383085,0.0383221,0.0383085,0.0452256,0.0384521,0.0384602,0.0383257,0.0389252
0.0386343,0.0386375,0.0386368,0.0386343,0.0386364,0.044742,0.0386414,0.0389333,0.039412,0.0386385,0.0386369,0.102327,0.0386343,0.0386362,0.0393416,0.0386752,0.0386343,0.0387982,0.0386343,0.0387682,0.0386724,0.0393748,0.0386344,0.0386858
0.0379208,0.0379338,0.0378902,0.0487784,0.0378772,0.0380426,0.0381352,0.0378838,0.0378817,0.0379178,0.0378759,0.0378762,0.0378761,0.101736,0.0378759,0.0458239,0.0378759,0.0379487,0.0378798,0.0388902,0.037876,0.0378768,0.0379006,0.0444263
0.0385095,0.039061,0.0385107,0.0385095,0.0385117,0.0386392,0.0385108,0.0387234,0.0386339,0.0423091,0.0385131,0.10082,0.0385094,0.0385108,0.0446039,0.0385098,0.0385101,0.0385868,0.0385094,0.0385127,0.0397765,0.038515,0.0385095,0.039694
0.038592,0.0385939,0.038592,0.0385919,0.0385987,0.0389256,0.0386082,0.0390379,0.0403507,0.0385947,0.0387061,0.104614,0.038592,0.0385921,0.0431857,0.038603,0.0385921,0.0386302,0.038592,0.0387696,0.0387157,0.0386174,0.038592,0.0387125
0.0384838,0.0380158,0.0380156,0.0384244,0.0380112,0.0380703,0.0380207,0.038044,0.0380112,0.102999,0.0380112,0.0380655,0.0380112,0.0380737,0.0380275,0.038031,0.038021,0.0380382,0.0380113,0.0380112,0.0380712,0.0585838,0.0380511,0.0388966
0.0381208,0.0381194,0.0381206,0.0381192,0.0382833,0.0381205,0.0381338,0.0383841,0.0395942,0.0381681,0.048349,0.0388627,0.0381215,0.0381192,0.103308,0.0381193,0.0450192,0.0381315,0.0381201,0.0381192,0.0381741,0.0381226,0.0381506,0.0381193
0.0383947,0.0381748,0.0383427,0.0381748,0.0407813,0.0381748,0.038354,0.0381823,0.0384983,0.0381751,0.102847,0.0381748,0.0508624,0.0381749,0.0383095,0.0381768,0.0381903,0.0382268,0.0389797,0.0382014,0.0381781,0.0381751,0.0400758,0.0381748
0.0864547,0.0347379,0.0350539,0.0349178,0.0347379,0.0347379,0.0347391,0.0347379,0.0348058,0.0349387,0.0347458,0.0347397,0.0347546,0.0347379,0.0348645,0.0348571,0.0348952,0.0349155,0.0347381,0.034738,0.0909199,0.0373247,0.0891693,0.0347383
0.0376539,0.0372247,0.0372254,0.0372246,0.0372531,0.0372244,0.0372377,0.0372286,0.0372571,0.037513,0.0495266,0.037229,0.0375384,0.0372244,0.0630667,0.0372248,0.0956364,0.0372445,0.037229,0.0372244,0.0415853,0.0372309,0.0417723,0.037225
0.0379111,0.03787,0.0379079,0.0378704,0.0414786,0.03787,0.0386818,0.0378713,0.0380594,0.0378699,0.0386566,0.03787,0.100481,0.0378698,0.0379055,0.037877,0.0582986,0.0378699,0.0392882,0.0378702,0.0388323,0.0378775,0.0380428,0.0378698
0.0388014,0.0387855,0.105188,0.0395498,0.0392407,0.0387805,0.0387692,0.038722,0.0391202,0.0387221,0.0387224,0.038722,0.0388894,0.0387236,0.0387221,0.0387277,0.0387287,0.0387221,0.0393572,0.0387235,0.0400912,0.0387263,0.038742,0.038722
0.0381248,0.0411939,0.0383507,0.0381436,0.0381726,0.102188,0.038241,0.0552488,0.0381251,0.0381436,0.0381248,0.03822,0.0381248,0.0381594,0.0381256,0.0381258,0.0381266,0.0381248,0.038257,0.0381261,0.0381248,0.0381732,0.0381248,0.0381299
0.037181,0.0371761,0.0371812,0.0371758,0.0378363,0.0371763,0.0371847,0.0371955,0.0461639,0.0372037,0.0710495,0.0376375,0.0371787,0.0371758,0.0997673,0.037176,0.0377337,0.0372196,0.037176,0.0371759,0.0376675,0.0371766,0.0372155,0.0371759
0.0378415,0.0378052,0.0378051,0.0378067,0.0378047,0.037846,0.0378125,0.0378228,0.037805,0.0822717,0.037805,0.0455231,0.0378047,0.0378049,0.0387332,0.0378581,0.0378083,0.0378472,0.0378047,0.0378048,0.0402751,0.0745304,0.0378149,0.0379645
0.0373628,0.0419622,0.0373644,0.0375785,0.0373628,0.0374239,0.0373625,0.037382,0.0373641,0.0375147,0.037363,0.0377756,0.0373625,0.047375,0.0373625,0.0375732,0.0373625,0.0381914,0.0373625,0.0603602,0.0373738,0.0373968,0.0373626,0.101101
0.0380332,0.0494711,0.0385296,0.0454503,0.0380399,0.0381472,0.038033,0.0380375,0.0380328,0.0380376,0.0380322,0.0380359,0.0380322,0.0526778,0.0380322,0.0384375,0.0380322,0.0380946,0.0380478,0.0830027,0.0380373,0.0380607,0.0380323,0.0456325
0.0383809,0.0383897,0.0383643,0.0384071,0.0383636,0.0383918,0.0383675,0.0406077,0.0383636,0.103852,0.0383653,0.0384784,0.0383636,0.038365,0.0387902,0.0383641,0.0384429,0.0384304,0.0383652,0.0383636,0.0383886,0.0489195,0.0383669,0.0385078
0.0383218,0.0383222,0.0383471,0.0383212,0.0383342,0.0383515,0.0383254,0.0383408,0.0387672,0.0387044,0.0386634,0.0485499,0.0383212,0.0383212,0.103528,0.0383212,0.0389711,0.0383374,0.0383213,0.0383212,0.041153,0.0384098,0.038324,0.0383214
0.0368605,0.0368469,0.0368505,0.0368477,0.0368517,0.036849,0.0369171,0.0369567,0.0368536,0.0369945,0.03691,0.0368665,0.0368963,0.0368467,0.0886808,0.0368467,0.0994962,0.0368473,0.0368866,0.0368467,0.0370752,0.0370559,0.0370701,0.0368467
0.0385769,0.038758,0.0385773,0.0385793,0.0385858,0.0388744,0.03861,0.104683,0.0385769,0.0391499,0.0388001,0.0385955,0.0385779,0.0385787,0.0387128,0.0385769,0.0388388,0.0386135,0.0443321,0.0385775,0.0385769,0.0390935,0.0385769,0.0385773
0.0384468,0.0383897,0.038792,0.0385516,0.0384326,0.0384439,0.0426503,0.0384043,0.0383907,0.0383908,0.0383904,0.0383897,0.0446273,0.0383906,0.0383901,0.038392,0.0430183,0.0383897,0.100715,0.0383897,0.0383898,0.038463,0.0387724,0.0383897
0.0387431,0.0387091,0.0387104,0.0387261,0.0387093,0.0388741,0.0387273,0.0387093,0.0398784,0.0387109,0.0387091,0.0389896,0.0387096,0.0392378,0.0387093,0.103565,0.038709,0.0390726,0.038709,0.0399068,0.0387195,0.0399936,0.038802,0.0396692
0.0387645,0.0383485,0.0383504,0.0383638,0.0383484,0.0383607,0.0383541,0.0383578,0.0383492,0.044538,0.0383521,0.0398449,0.0383493,0.0383486,0.039388,0.038681,0.0384137,0.0385956,0.0383487,0.0383486,0.0418397,0.103808,0.0391835,0.0383626
0.0388308,0.0387312,0.038733,0.0389431,0.0387312,0.0387494,0.0387372,0.0389288,0.0387312,0.041084,0.0387372,0.0387496,0.0387364,0.0387313,0.0389547,0.0387683,0.0393584,0.0389448,0.0388407,0.0387312,0.0387596,0.10453,0.0392256,0.0387322
0.0383658,0.0387539,0.0417341,0.0383672,0.103708,0.038474,0.0383713,0.0383894,0.0454715,0.0383658,0.0384113,0.0383662,0.0384415,0.0383662,0.0383912,0.0383661,0.0387037,0.0383667,0.0407364,0.0383745,0.0383775,0.0383659,0.038366,0.0383658
0.038073,0.0380359,0.0382188,0.038036,0.0420659,0.0380377,0.0404277,0.0380369,0.0391281,0.0380359,0.0404437,0.038036,0.102196,0.0380359,0.0380376,0.0381723,0.0380735,0.0380366,0.0503611,0.0381001,0.0380529,0.0380708,0.0382514,0.0380359
0.036709,0.0382578,0.0367083,0.036954,0.0367079,0.0368235,0.0367103,0.0367354,0.0367111,0.0391706,0.0367076,0.0372931,0.0367076,0.0868386,0.0367077,0.0373993,0.0367076,0.0369297,0.0367076,0.0373794,0.03671,0.0367119,0.036708,0.0990041
0.0399742,0.0375735,0.0421077,0.0375812,0.0376131,0.0375834,0.0377136,0.0375735,0.100794,0.0375735,0.037574,0.0375747,0.0376882,0.0375823,0.0375752,0.0536659,0.0375755,0.0375782,0.0375737,0.0375866,0.0382679,0.0375748,0.048522,0.0375736
0.0387744,0.0387553,0.0387661,0.0388203,0.038755,0.0387733,0.0387552,0.0387902,0.038755,0.0404,0.0387637,0.0390758,0.0387569,0.0387551,0.0388436,0.0387997,0.0387611,0.0388476,0.0387745,0.0387567,0.0397681,0.10522,0.0387703,0.038762
0.0377924,0.0569114,0.0379256,0.100788,0.0377667,0.0377755,0.0377667,0.0379255,0.0377665,0.0477402,0.0377665,0.0377666,0.0377665,0.0385777,0.0377665,0.0377666,0.0378799,0.0377992,0.0377857,0.0377667,0.0377746,0.0377912,0.0377774,0.0378566
0.0398061,0.0386717,0.0385293,0.0459233,0.0384993,0.0385004,0.0385193,0.038804,0.0384992,0.103656,0.0385003,0.0384994,0.0384992,0.0390001,0.0385226,0.0384994,0.0385931,0.038978,0.0385059,0.0384992,0.0385043,0.0385597,0.038859,0.0385711
0.0386195,0.0385871,0.0386758,0.0385872,0.0442735,0.0386153,0.0402418,0.0385872,0.103189,0.0385871,0.0385884,0.0385888,0.0393779,0.0385876,0.0387638,0.0387539,0.0387445,0.0385874,0.0386022,0.0385877,0.0385939,0.0385875,0.0390858,0.0385871
0.0389447,0.0386998,0.105053,0.0391728,0.0391733,0.0387048,0.0389128,0.0386847,0.0390038,0.0386848,0.038688,0.0386847,0.0393923,0.0386881,0.0386848,0.0386901,0.0386943,0.0386848,0.0409205,0.0386859,0.0390242,0.0386863,0.0387567,0.0386847
0.0371758,0.0975637,0.0373612,0.0371885,0.0375583,0.0651006,0.0371764,0.0388643,0.0371883,0.0372691,0.0371758,0.0525272,0.0371758,0.0372065,0.0371956,0.0371762,0.0371761,0.0371766,0.0371764,0.0372493,0.0372026,0.0371812,0.0371758,0.0387586
0.0393364,0.0374129,0.037474,0.0661296,0.037374,0.0373749,0.0373762,0.0373906,0.037374,0.0947018,0.0373751,0.0373741,0.0373755,0.0373765,0.0373783,0.0373782,0.0376955,0.0374334,0.0374506,0.037374,0.0375467,0.0510579,0.0378574,0.0373822
0.0374934,0.0376132,0.0405301,0.0374935,0.0994846,0.0375492,0.0375197,0.0377491,0.0375902,0.0374933,0.0384731,0.0374941,0.0382266,0.0374934,0.0375084,0.0374934,0.0375689,0.0374942,0.070218,0.0375301,0.0375007,0.037496,0.0374934,0.0374933
0.0361262,0.0360627,0.0360443,0.0376,0.0360437,0.0360554,0.0360442,0.0360503,0.0360443,0.0394285,0.0360442,0.0360555,0.0360437,0.0937703,0.0360437,0.0399241,0.0360437,0.0405395,0.0360439,0.0385039,0.0360439,0.0360777,0.0360938,0.0972726
0.0383176,0.0385812,0.103817,0.0383535,0.0505089,0.0383579,0.0383148,0.0383064,0.040142,0.0383064,0.0383128,0.0383064,0.0383366,0.0383102,0.0383065,0.0383103,0.0383069,0.0383067,0.0386712,0.0383572,0.0385457,0.0383067,0.0383103,0.0383064
0.040642,0.0382183,0.0384518,0.0382188,0.0383686,0.0382179,0.0382214,0.0382363,0.0382233,0.0382314,0.10128,0.0382179,0.0385596,0.0382199,0.0382593,0.0382185,0.0382499,0.0407292,0.0429842,0.0382723,0.0382207,0.0382256,0.0473152,0.0382181
0.0389687,0.0386622,0.0386794,0.0390759,0.0386621,0.0386633,0.0386621,0.0386702,0.0386621,0.0391513,0.0387051,0.0387072,0.0386648,0.0386622,0.0386662,0.0387363,0.038664,0.0410375,0.0386962,0.0386944,0.0399621,0.104877,0.0394001,0.0386693
0.037858,0.0385603,0.0378644,0.0379124,0.0379543,0.0392677,0.0378897,0.0380204,0.0378723,0.0378586,0.0378585,0.03787,0.0378581,0.0747213,0.0378579,0.038375,0.0378579,0.037895,0.0378641,0.0847427,0.037858,0.0378584,0.037858,0.042467
0.0386381,0.039907,0.0386446,0.0386432,0.0433209,0.0390145,0.0386444,0.03924,0.0386665,0.0386381,0.0386447,0.0386843,0.0386413,0.0393554,0.0386381,0.0386785,0.0386381,0.0386867,0.0387035,0.103304,0.0386385,0.0386395,0.0386381,0.0387521
0.0368263,0.0544648,0.0959912,0.0368576,0.0734088,0.0378776,0.0368299,0.036828,0.0369294,0.0368263,0.0368279,0.0368266,0.0368371,0.0368268,0.0368274,0.0368265,0.0368543,0.0368262,0.0382824,0.0368312,0.0369146,0.0368265,0.0368262,0.0368264
0.0367874,0.037014,0.0368657,0.0813206,0.0367818,0.0377521,0.036866,0.0367872,0.0367808,0.0367879,0.0367793,0.0367794,0.0367794,0.0988607,0.0367793,0.0429394,0.0367794,0.0367902,0.0368328,0.0376902,0.0367794,0.0367829,0.0367835,0.0389006
0.0370028,0.0369845,0.0372609,0.0369972,0.0370971,0.0370474,0.0369746,0.0369731,0.0390044,0.0369732,0.0369742,0.0369849,0.0369754,0.0385521,0.0369731,0.0913441,0.0369731,0.0371491,0.0369743,0.0901933,0.0370378,0.0370158,0.0370015,0.0375362
0.0392188,0.0385659,0.0385482,0.0386852,0.0385481,0.0385484,0.0385496,0.0393426,0.0385481,0.104572,0.0385597,0.0385629,0.0385481,0.0386348,0.0388546,0.0385484,0.0386518,0.0434661,0.0385484,0.0385481,0.0385642,0.0387433,0.0388985,0.0397445
0.0360997,0.0381131,0.0361337,0.0949147,0.0360731,0.0361597,0.0360749,0.0360807,0.0360733,0.0364948,0.036073,0.0360736,0.036073,0.0937818,0.036073,0.036263,0.0360732,0.0361437,0.0360748,0.0361281,0.0360736,0.0360887,0.036086,0.0507767
0.0378661,0.0387422,0.0378663,0.0378687,0.038542,0.0379719,0.0378977,0.101757,0.0378661,0.0378765,0.0383101,0.0378767,0.0378695,0.0378785,0.037882,0.0378661,0.0380691,0.0378978,0.0627368,0.0378868,0.0378661,0.037871,0.0378661,0.0378686
0.0379366,0.0384485,0.0379322,0.0380464,0.0379317,0.0379319,0.0379316,0.0384313,0.0379317,0.0410471,0.0384141,0.0382583,0.0379316,0.0379607,0.0379542,0.0379324,0.0379318,0.0965605,0.0379317,0.0389294,0.0380488,0.0382598,0.0379379,0.0623797
0.0389579,0.0385922,0.0383962,0.0391563,0.0383945,0.0383945,0.0383988,0.0409016,0.0383944,0.10384,0.0384119,0.038397,0.0383944,0.0387885,0.03846,0.0383944,0.038413,0.0463898,0.0383967,0.0383946,0.0383995,0.0384133,0.0386094,0.0387108
0.0373006,0.0374655,0.0372586,0.097216,0.0371957,0.0372141,0.0371967,0.0371985,0.0371958,0.0373485,0.0371956,0.0371959,0.0371956,0.0810869,0.0371956,0.0373811,0.0371957,0.0375811,0.0372004,0.0373472,0.0371967,0.0372223,0.0372727,0.0391432
0.0373312,0.0377629,0.0375194,0.100893,0.0371899,0.0372143,0.0371912,0.0371915,0.0371899,0.0372637,0.0371898,0.0371899,0.0371899,0.0786447,0.0371898,0.0373902,0.0371905,0.0372411,0.0372039,0.0372084,0.0371914,0.0372269,0.0372994,0.0378975
0.036607,0.0372616,0.0366129,0.0387598,0.0366051,0.0366391,0.0366035,0.0366066,0.0366078,0.0366307,0.0366016,0.0366049,0.0366016,0.0960742,0.0366016,0.0374031,0.0366016,0.0370473,0.0366028,0.0526555,0.0366018,0.0366026,0.0366042,0.0784629
0.0361609,0.0361006,0.0362851,0.036102,0.0371642,0.0361011,0.0363329,0.0361659,0.0361028,0.0361008,0.0404162,0.0361006,0.0933752,0.0361006,0.0361201,0.0361009,0.0481891,0.0361012,0.0936768,0.0361007,0.0361061,0.0361735,0.0367222,0.0361006
0.0385977,0.0385393,0.0385421,0.0385642,0.0385395,0.0388438,0.102544,0.03855,0.0385401,0.0385528,0.0385394,0.0385416,0.0416742,0.0385411,0.0385396,0.0441361,0.0385747,0.0385394,0.0387142,0.0385394,0.0385397,0.0401025,0.038665,0.0385394
0.0385805,0.0387463,0.03859,0.0385822,0.0385865,0.0985957,0.0389223,0.0387173,0.0386862,0.0385861,0.0385805,0.0516031,0.0385805,0.0385893,0.0385884,0.0387245,0.0385808,0.0385806,0.0385806,0.0385829,0.0385866,0.0386285,0.0385805,0.0386199
0.0409767,0.0379247,0.0379564,0.0379979,0.0379385,0.0379264,0.102443,0.0379247,0.0380266,0.0379313,0.037925,0.0379247,0.0519562,0.0379324,0.0379246,0.043588,0.0380697,0.0379248,0.0379333,0.0379248,0.0380632,0.0379282,0.0399337,0.0379248
0.0384936,0.0387428,0.0384944,0.0384939,0.0384941,0.0441929,0.0384959,0.0407981,0.0385073,0.0402974,0.0384938,0.101313,0.0384936,0.0384992,0.0406854,0.0384945,0.038494,0.0385323,0.0384936,0.0384947,0.0385475,0.0386523,0.0384936,0.0393023
0.0386757,0.0394172,0.0387739,0.0387211,0.0386992,0.0572606,0.0388079,0.0393494,0.0386783,0.0386777,0.0386758,0.0387381,0.0386758,0.0656636,0.0386757,0.0388397,0.0386757,0.03868,0.0387053,0.0612037,0.0386757,0.0386808,0.0386757,0.0403736
0.0386775,0.0386939,0.0387202,0.038678,0.0396213,0.0569766,0.0842985,0.0421689,0.0386794,0.0386779,0.0386777,0.0387378,0.0389043,0.0386814,0.0386777,0.0386935,0.0386798,0.0386775,0.0415974,0.0386861,0.0386775,0.0387621,0.0386775,0.0386776
0.0367689,0.0371636,0.0367875,0.0368499,0.0367927,0.038783,0.0367697,0.0367698,0.0370591,0.0367689,0.0367684,0.0368945,0.0367684,0.0726203,0.0367684,0.0435306,0.0367684,0.0368347,0.0367687,0.0938136,0.0367694,0.0367792,0.0367687,0.0516336
0.0849344,0.0366168,0.0366226,0.0366186,0.0366169,0.0366168,0.0366172,0.0366168,0.0369804,0.0366609,0.0395908,0.0366179,0.0366269,0.0366168,0.0375384,0.0366218,0.0367586,0.0392442,0.0366168,0.0366171,0.0401137,0.0366549,0.098864,0.0366168
0.036893,0.0368865,0.0368903,0.0368864,0.0368897,0.0368868,0.0369916,0.0369819,0.036889,0.0375166,0.0370128,0.0369441,0.0369111,0.0368858,0.0870357,0.0368858,0.0991156,0.0368864,0.0369018,0.0368858,0.0379132,0.0370778,0.0369462,0.0368858
0.038512,0.104328,0.0388716,0.0386486,0.0416601,0.0416132,0.0385148,0.0394881,0.0385183,0.0386803,0.0385121,0.0390267,0.038512,0.0386927,0.0385129,0.0385125,0.0385124,0.0385135,0.0385133,0.0386598,0.0385469,0.0385123,0.038512,0.0396262
0.0390319,0.0386438,0.0386448,0.0394645,0.0386436,0.0386589,0.0386545,0.0386436,0.03868,0.0386518,0.0386435,0.0386501,0.0386443,0.0409158,0.0386435,0.102897,0.0386435,0.0388148,0.0386437,0.0394607,0.0386504,0.0394188,0.0391973,0.0410589
0.03877,0.0387694,0.0387712,0.0387765,0.0387686,0.038799,0.0387686,0.0388563,0.0387686,0.0388688,0.0388209,0.0407709,0.038769,0.0387687,0.0388097,0.0387905,0.0387688,0.0398394,0.0387827,0.0391035,0.0390192,0.104262,0.0387715,0.0388063
0.0387988,0.038816,0.0387498,0.0387803,0.0387484,0.0387512,0.0387609,0.0412336,0.0387483,0.104629,0.0387544,0.0387669,0.0387483,0.0392459,0.0390234,0.0387484,0.0387807,0.0391854,0.0387489,0.0387483,0.0387498,0.0387587,0.0387657,0.0389588
0.038233,0.0381972,0.0381976,0.0382232,0.0381972,0.0383587,0.0382079,0.0383812,0.0381972,0.0555645,0.0381984,0.0383096,0.0381979,0.0381983,0.0382191,0.038284,0.0382012,0.0382436,0.0382121,0.0381978,0.038209,0.103311,0.0382123,0.0382481
0.0645746,0.0375034,0.0375141,0.0375045,0.0375035,0.0375034,0.0375114,0.0375039,0.0375317,0.037712,0.0388772,0.0375041,0.037558,0.0375034,0.0419366,0.0375041,0.0415031,0.0376269,0.0375045,0.0375034,0.0380781,0.0376412,0.0993936,0.0375034
0.0367762,0.0366222,0.0366227,0.036625,0.0366227,0.0366253,0.0371775,0.0367126,0.0366235,0.0379767,0.0366699,0.0366311,0.0367154,0.0366222,0.0906438,0.0366224,0.0982767,0.0366235,0.0366648,0.0366222,0.0366588,0.0370914,0.0391514,0.0366222
0.0392071,0.0387619,0.0388654,0.0387622,0.0387679,0.038762,0.0390295,0.0387626,0.038767,0.0387621,0.0469803,0.0387621,0.0934252,0.0387619,0.0387817,0.0387673,0.0396187,0.0387631,0.0404898,0.0387627,0.0390049,0.0391847,0.0414879,0.0387619
0.038733,0.0387384,0.0387335,0.038733,0.0387474,0.039125,0.0387399,0.0393302,0.039339,0.0387371,0.0387789,0.100643,0.0387333,0.0387331,0.0453018,0.0387421,0.038737,0.0387404,0.0387331,0.0387447,0.0388036,0.0388473,0.0387331,0.0387726
0.0387047,0.0389195,0.0387051,0.0387047,0.0387102,0.0396943,0.038706,0.039537,0.0388691,0.0387264,0.0387127,0.104536,0.0387047,0.0387062,0.0393308,0.0387062,0.0387047,0.0387377,0.0387047,0.0394042,0.0388158,0.0387271,0.0387047,0.0402271
0.0446089,0.0382356,0.0426036,0.0382443,0.0382358,0.0382346,0.0382351,0.0382345,0.0383653,0.0382499,0.0383498,0.0382676,0.0382446,0.0382345,0.0385104,0.0382446,0.0382384,0.0383641,0.0382347,0.0382414,0.103837,0.0391335,0.0426168,0.0382347
0.0369539,0.0804747,0.0371311,0.0996441,0.0369486,0.0369793,0.0369477,0.0369755,0.0369472,0.0373497,0.0369472,0.0369473,0.0369472,0.0427798,0.0369472,0.0369503,0.0369526,0.0369682,0.0369608,0.0369535,0.0369552,0.036951,0.0369496,0.0374381
0.037239,0.0372826,0.037209,0.0372534,0.0372091,0.037209,0.037209,0.0404541,0.037209,0.0717518,0.0374421,0.0375137,0.037209,0.0372264,0.0372815,0.0372094,0.0372106,0.0979208,0.0372091,0.0372385,0.0372604,0.0373793,0.037266,0.0446069
0.0359271,0.0397177,0.0360008,0.0374296,0.0359457,0.0361423,0.0359282,0.0359326,0.0359324,0.0359363,0.0359262,0.0359325,0.0359262,0.0949792,0.0359262,0.0368515,0.0359262,0.0360404,0.0359313,0.0802588,0.0359265,0.0359281,0.0359264,0.0636279
0.0387134,0.0386697,0.0387072,0.0386719,0.0387263,0.0386713,0.0387726,0.0386896,0.0386719,0.0386845,0.0387911,0.0386696,0.0391793,0.0386695,0.0411504,0.0386696,0.104645,0.0386696,0.0407665,0.0386695,0.0386914,0.0386872,0.0390934,0.0386695
0.0386432,0.0388475,0.0388216,0.038644,0.0389131,0.104955,0.0417767,0.0388929,0.0387689,0.0386435,0.0386432,0.0405207,0.0386434,0.0386781,0.0386441,0.0387621,0.0386433,0.0386432,0.0386474,0.0386746,0.0386434,0.0386569,0.0386432,0.0386507
0.0382275,0.0468256,0.102769,0.0384215,0.0461091,0.0386752,0.0382318,0.0382274,0.038324,0.0382276,0.0382275,0.0382271,0.0382299,0.0382343,0.0382275,0.0382285,0.038231,0.0382271,0.0388882,0.0382302,0.0383267,0.0382287,0.0382271,0.0382273
0.0388065,0.0387917,0.0389546,0.0387928,0.0400431,0.0389105,0.0397237,0.0387917,0.0931164,0.0387917,0.0387921,0.038793,0.0391962,0.0388129,0.0387921,0.0502981,0.0387927,0.0387922,0.0388295,0.0388204,0.0387944,0.0387927,0.038979,0.0387917
0.040631,0.0402104,0.0413733,0.0402236,0.0405712,0.0402123,0.0402277,0.0402101,0.0691455,0.0402101,0.0402122,0.0402102,0.04031,0.0402127,0.0402136,0.0403181,0.040275,0.0402153,0.0402437,0.0402126,0.0402654,0.0402112,0.0438744,0.0402101
0.0361939,0.0362846,0.0361739,0.0385667,0.0361726,0.0362045,0.0361733,0.03618,0.0361745,0.0369443,0.0361726,0.036186,0.0361725,0.0969129,0.0361725,0.0379748,0.0361725,0.0381356,0.0361727,0.0393387,0.0361727,0.0361786,0.0361882,0.0969813
0.0383919,0.0394199,0.0407723,0.038392,0.104173,0.0384877,0.0384113,0.0384742,0.0409581,0.0383919,0.0399589,0.0383934,0.0384806,0.038393,0.0383962,0.0383922,0.0383959,0.0383953,0.0419682,0.039781,0.0383974,0.0383919,0.0383919,0.038392
0.0382126,0.0393022,0.0385754,0.0586192,0.038208,0.0383616,0.0382078,0.0382087,0.0382079,0.0382307,0.0382075,0.0382113,0.0382076,0.0567307,0.0382075,0.041686,0.0382075,0.0383461,0.0382153,0.0579037,0.038219,0.0387925,0.0382084,0.0567228
0.0539171,0.0377324,0.0390877,0.0377487,0.0377326,0.0377317,0.037734,0.0377317,0.0377941,0.0377693,0.0378062,0.0377381,0.0377984,0.0377317,0.038014,0.0377382,0.0377736,0.0377668,0.0377321,0.0377327,0.102278,0.0389005,0.0482788,0.0377318
0.0386681,0.0386728,0.0386681,0.038668,0.0386682,0.038849,0.0386689,0.0391545,0.0387841,0.0387003,0.0386888,0.104634,0.038668,0.0386693,0.0397575,0.0386791,0.0386681,0.04071,0.038668,0.0391879,0.038927,0.0391431,0.0386682,0.0394288
0.0387694,0.0388778,0.0389745,0.0387724,0.0387992,0.105209,0.0400335,0.0390558,0.0388099,0.0387699,0.0387694,0.0397234,0.0387695,0.0388158,0.03877,0.0388636,0.0387696,0.0387694,0.0387764,0.0387766,0.0387695,0.0388118,0.0387694,0.0387744
0.0387549,0.0387767,0.0395033,0.0387613,0.0387578,0.104501,0.0403085,0.0389583,0.0388032,0.0387709,0.0387549,0.0398097,0.0387549,0.0388341,0.0387587,0.0388111,0.0387551,0.0387549,0.0387559,0.038756,0.0387552,0.0390874,0.0387549,0.0387613
0.0418615,0.0378996,0.037879,0.0466276,0.0378783,0.0378784,0.0378786,0.0381344,0.0378783,0.10258,0.0378885,0.0378798,0.0378783,0.0379644,0.03797,0.0378792,0.0384426,0.0446349,0.0378793,0.0378783,0.037928,0.038622,0.0410419,0.0396171
0.0385004,0.0384769,0.0384725,0.0384695,0.0389984,0.0384617,0.0384623,0.0384642,0.0385564,0.0384617,0.0422918,0.0384633,0.0385213,0.0384725,0.0384617,0.0387972,0.0384617,0.0522463,0.0384797,0.0962852,0.0386428,0.0384699,0.0385375,0.0385452
0.0399099,0.0385046,0.103632,0.0448692,0.0386159,0.0385112,0.0384878,0.0384848,0.0386769,0.0384848,0.0384853,0.0384848,0.0386565,0.0385791,0.0384848,0.0393393,0.0384867,0.0384862,0.0396225,0.0386002,0.0387891,0.0385253,0.0387968,0.0384861
0.0444608,0.0377447,0.0377543,0.0385452,0.0377447,0.0377537,0.0377464,0.037745,0.037745,0.0415717,0.0377454,0.0378262,0.037745,0.0377512,0.0377547,0.0442657,0.0377492,0.038235,0.0377449,0.037746,0.0383246,0.0996974,0.0507063,0.0378968
0.0388348,0.0388022,0.0388111,0.0390766,0.0388018,0.0388041,0.0388018,0.0388447,0.0388018,0.0392234,0.0388269,0.0388509,0.0388067,0.0388018,0.038812,0.0388137,0.0388131,0.0391718,0.0390073,0.0388092,0.0394962,0.105322,0.0388631,0.0388035
0.0387712,0.03877,0.0387825,0.0387701,0.038861,0.0396685,0.104575,0.0387916,0.0387959,0.038771,0.0387718,0.0387702,0.0400277,0.0387782,0.0387717,0.0395671,0.0387737,0.0387699,0.0393545,0.0387706,0.0387699,0.0387774,0.0387711,0.03877
0.0378125,0.0377875,0.051509,0.0377867,0.0418252,0.0378427,0.0380922,0.0377862,0.102211,0.0377862,0.0377866,0.0378251,0.0378808,0.0377864,0.0378342,0.0381188,0.0378038,0.0377864,0.0377863,0.0377894,0.0477645,0.0377864,0.0378259,0.0377863
0.0371963,0.0360466,0.0361584,0.03613,0.0361046,0.0360479,0.0493445,0.0360474,0.0360535,0.0360468,0.036061,0.0360466,0.096583,0.0360467,0.0360469,0.0361791,0.0455905,0.0360466,0.0812863,0.0360466,0.0360507,0.0360932,0.0407002,0.0360466
0.0366996,0.0384246,0.0366999,0.0367917,0.0366994,0.0368753,0.0366991,0.036715,0.0367045,0.0367831,0.0366998,0.0398845,0.0366991,0.0427757,0.0366994,0.0372694,0.0366991,0.0394099,0.0366991,0.0784826,0.0367211,0.0368476,0.0366994,0.0993211
0.0362694,0.0370799,0.0362814,0.0380121,0.0362759,0.0366525,0.0362731,0.0362938,0.0362769,0.0362771,0.0362672,0.0362696,0.0362672,0.0981392,0.0362672,0.03734,0.0362672,0.0365668,0.036272,0.0646286,0.0362672,0.0362678,0.0362688,0.0712192
0.0387633,0.0383583,0.0461654,0.0385819,0.038386,0.0383585,0.0383591,0.0383623,0.0383575,0.0383683,0.0386832,0.0383575,0.0389542,0.0383575,0.0383763,0.0383575,0.0438214,0.038363,0.0994114,0.0383575,0.0383697,0.0392005,0.0409719,0.0383575
0.0354672,0.0352842,0.064043,0.0354368,0.0355997,0.0352989,0.0446119,0.0352848,0.0352902,0.0352845,0.0352867,0.035284,0.0899691,0.035284,0.0352847,0.0352871,0.0379198,0.035284,0.0920691,0.035284,0.0352918,0.0353088,0.0355618,0.035284
0.0384266,0.0380692,0.03816,0.0386642,0.0380696,0.0380707,0.0381176,0.038141,0.0380692,0.0386472,0.0381014,0.0380691,0.0381427,0.0380692,0.0383271,0.0380692,0.101647,0.0380706,0.0531323,0.0380691,0.0380712,0.0390359,0.0426914,0.0380691
0.0380885,0.0380906,0.038094,0.0380952,0.0381351,0.0381456,0.0385894,0.046692,0.0380883,0.0381354,0.0381456,0.0380888,0.0381524,0.0380883,0.0386711,0.0380883,0.0997819,0.0380884,0.0519714,0.0380883,0.0380886,0.0384148,0.0380899,0.0380883
0.0382977,0.0389006,0.0382977,0.0382999,0.0384826,0.0383154,0.0382993,0.0385492,0.0383656,0.0382979,0.0383394,0.0390523,0.038298,0.039168,0.0382975,0.038746,0.0382975,0.0416705,0.0382978,0.103854,0.038307,0.0383028,0.0382976,0.0469657
0.0388693,0.0387373,0.0387377,0.0387508,0.0387373,0.0387451,0.0387395,0.0387981,0.0387375,0.0391877,0.0387532,0.0392201,0.0387422,0.0387374,0.0389205,0.0388926,0.0387499,0.0399837,0.0387517,0.0387404,0.0388627,0.105196,0.0396694,0.0387402
0.0384232,0.0381613,0.0381375,0.0395749,0.0381371,0.0381516,0.0381382,0.0391019,0.0381371,0.103523,0.0381374,0.0381765,0.0381371,0.0383628,0.0381728,0.0381411,0.0381834,0.0385864,0.0381375,0.0381371,0.0381482,0.0489398,0.0381948,0.0430589
0.0442312,0.0384365,0.0395567,0.0384545,0.0384362,0.0384356,0.0384387,0.0384355,0.0386765,0.0384936,0.038444,0.0385242,0.038441,0.0384354,0.0390515,0.038459,0.0384773,0.0384726,0.0384355,0.0384359,0.104338,0.0392062,0.0412486,0.038436
0.037533,0.0375344,0.0375331,0.037533,0.0375341,0.0376659,0.0375356,0.0394379,0.0375626,0.0375556,0.0394054,0.100856,0.0375331,0.037533,0.0683897,0.0375338,0.0375353,0.0376662,0.037533,0.0375469,0.0376982,0.0382523,0.037533,0.0375593
0.0961279,0.0364856,0.0365103,0.0366182,0.0364856,0.0364856,0.0364933,0.0364856,0.0364896,0.0365114,0.0369319,0.0364856,0.0367637,0.0364879,0.0364868,0.0367791,0.0366266,0.0370277,0.0365072,0.0364876,0.036611,0.0371916,0.098434,0.0364864
0.0982202,0.0363849,0.0364588,0.0368928,0.0363849,0.0363849,0.036412,0.0363849,0.036455,0.0364237,0.0363978,0.0363849,0.036533,0.036388,0.0363863,0.037199,0.0364737,0.0366166,0.0363867,0.0363851,0.0368145,0.0365689,0.0986784,0.036385
0.0382197,0.0381249,0.0383192,0.038126,0.0381426,0.0381251,0.0382535,0.0381352,0.038125,0.0381263,0.0427216,0.038125,0.0822442,0.0381248,0.0381956,0.038125,0.0488522,0.0381255,0.0609874,0.0381249,0.0383148,0.0396281,0.0386082,0.0381248
0.0386517,0.0387921,0.0386519,0.0386524,0.0386628,0.0387169,0.0386569,0.104914,0.0386517,0.0390825,0.0413339,0.0386911,0.0386522,0.038653,0.0390903,0.0386517,0.0389241,0.0388193,0.040409,0.0386535,0.0386517,0.0387332,0.0386517,0.0386527
0.0399222,0.0380986,0.0380979,0.0383196,0.0380976,0.0380976,0.0380976,0.0381056,0.0380979,0.0394337,0.0392084,0.0381095,0.0380977,0.0381815,0.0381097,0.0382252,0.0380985,0.101386,0.038098,0.0385058,0.0381543,0.0389046,0.0490035,0.0435491
0.0385115,0.0391192,0.0458077,0.0385116,0.102385,0.0396221,0.0385483,0.0385152,0.0406048,0.0385115,0.0385507,0.0385134,0.0385207,0.0385125,0.0385182,0.0385133,0.038515,0.0385116,0.0390283,0.0386266,0.0385182,0.0385115,0.0385115,0.0385118
0.0386954,0.0389925,0.0387557,0.0386981,0.0387692,0.104736,0.0401914,0.0408991,0.0387244,0.0386968,0.0386954,0.0395978,0.0386955,0.0388074,0.0386961,0.0387367,0.0386957,0.0386954,0.0387015,0.0387083,0.0386954,0.0387084,0.0386954,0.0387129
0.0386694,0.0387032,0.0387203,0.038672,0.0386725,0.104402,0.041216,0.039821,0.0386909,0.0386768,0.0386694,0.0407211,0.0386695,0.0387339,0.0386736,0.0387166,0.0386698,0.0386694,0.0386715,0.0386707,0.0386695,0.0388708,0.0386694,0.0386803
0.0381221,0.0440808,0.03827,0.0381418,0.0382198,0.10235,0.038179,0.0522985,0.0381228,0.0381255,0.0381221,0.0383198,0.0381222,0.0381397,0.0381226,0.038124,0.0381245,0.0381221,0.0382099,0.038124,0.0381222,0.0381896,0.0381221,0.038125
0.0370353,0.0372376,0.0370268,0.0372198,0.0370268,0.0370275,0.0370268,0.0373912,0.0370268,0.0393341,0.0370775,0.0372965,0.0370268,0.0374066,0.0370297,0.0370362,0.0370268,0.0942226,0.0370268,0.0391447,0.0370455,0.0373214,0.0370379,0.0849483
0.0387832,0.0386821,0.0386894,0.0387742,0.0386827,0.0390624,0.0413388,0.0386821,0.0394026,0.0386833,0.038682,0.0386929,0.038691,0.0397886,0.038682,0.104719,0.038682,0.0386902,0.0386822,0.0388001,0.0386848,0.0388251,0.0388093,0.0387896
0.0370654,0.0374836,0.0856153,0.0370823,0.0534967,0.0377939,0.0378776,0.0370786,0.0370717,0.0370653,0.0370695,0.0370654,0.0375741,0.0370715,0.0370653,0.0370665,0.0370675,0.0370653,0.0799675,0.0370936,0.0370669,0.0370658,0.0370653,0.0370654
0.0383333,0.038129,0.0381532,0.038129,0.0391877,0.0381314,0.0397902,0.038129,0.102016,0.038129,0.0381582,0.0382032,0.0397832,0.038129,0.0381685,0.0446506,0.0381463,0.0381322,0.038129,0.0381504,0.0470539,0.0381294,0.0389078,0.0381303
0.0388029,0.0389684,0.0399403,0.0388131,0.0388229,0.104685,0.0395115,0.0389057,0.03883,0.0388061,0.0388029,0.0391341,0.038803,0.038899,0.0388032,0.0388695,0.038803,0.0388029,0.0388059,0.0388153,0.0388033,0.0389594,0.0388029,0.0388099
0.0383562,0.0391795,0.0388647,0.103809,0.0382789,0.0382924,0.0382796,0.0382808,0.0382789,0.0384368,0.0382789,0.0382789,0.0382789,0.0518165,0.0382789,0.0383028,0.0382818,0.0383025,0.0382904,0.0382817,0.0382825,0.0383233,0.0383449,0.0386021
0.0410935,0.0384544,0.0388212,0.0384589,0.0384552,0.0384527,0.0384577,0.0384526,0.0388608,0.0385537,0.0384682,0.0385847,0.0384608,0.0384526,0.043677,0.0384594,0.0387608,0.0384734,0.0384526,0.0384526,0.104195,0.0387175,0.0403321,0.0384527
0.0375158,0.0373807,0.0373812,0.0373928,0.037381,0.0373799,0.0373828,0.0375365,0.0373826,0.0410457,0.0375475,0.0373853,0.0373807,0.0373798,0.0714819,0.0373798,0.100225,0.0374184,0.0373853,0.0373798,0.0375836,0.0374382,0.0388549,0.0373803
0.0359018,0.0359712,0.035901,0.0359033,0.0359017,0.0359077,0.0359011,0.0361615,0.0359101,0.0359656,0.0359524,0.0442862,0.035901,0.0374204,0.0359022,0.036153,0.035901,0.0605873,0.035901,0.0817614,0.0359138,0.0359561,0.0359022,0.0930371
0.0369698,0.037451,0.0370033,0.0660949,0.0369592,0.037219,0.0369645,0.0369637,0.0369617,0.0369865,0.0369581,0.0369585,0.0369581,0.0998868,0.0369581,0.038511,0.0369581,0.0370904,0.0369622,0.0387662,0.0369581,0.0369613,0.0369659,0.0535335
0.0379713,0.0379711,0.0379743,0.0379711,0.0380997,0.0379743,0.0380273,0.041967,0.0379707,0.0379779,0.0406194,0.0379712,0.038252,0.0379706,0.0419973,0.0379706,0.101135,0.0379711,0.052184,0.0379706,0.0379736,0.0381295,0.0379798,0.0379706
0.0453747,0.0374188,0.0374206,0.0376727,0.0374186,0.0374186,0.0374186,0.0374201,0.0374191,0.0376118,0.0387881,0.037421,0.0374187,0.0375099,0.0374202,0.0376651,0.0374189,0.0978684,0.0374197,0.0379164,0.0375149,0.0379668,0.0666127,0.0384657
0.0386738,0.0932207,0.040182,0.0525541,0.0386883,0.0392036,0.0386828,0.0386798,0.0386743,0.0388554,0.0386735,0.0386838,0.0386735,0.0390904,0.0386735,0.0386883,0.0386737,0.0386743,0.0386741,0.0387148,0.0388807,0.038681,0.0386735,0.03913
