0.03846,0.0384634,0.0384621,0.0384602,0.0384708,0.038482,0.0384598,0.0384813,0.0386925,0.0384813,0.0464868,0.0385116,0.0384597,0.0384613,0.101921,0.0384616,0.0421096,0.0389686,0.0384614,0.0384601,0.0384761,0.0384597,0.0385195,0.0393302
0.0390863,0.0387665,0.0400334,0.0387706,0.0388171,0.0387715,0.0387717,0.0387664,0.0387686,0.0388244,0.0387667,0.0387666,0.0387933,0.0387665,0.0389321,0.0387703,0.0387761,0.038767,0.0393157,0.0387664,0.101791,0.0388325,0.0428124,0.0387664
0.0351967,0.038557,0.0354491,0.0941256,0.0351958,0.0352019,0.0351957,0.0351974,0.0351995,0.0351993,0.0352123,0.0351961,0.0351956,0.0949083,0.0351956,0.0355264,0.0351956,0.0353155,0.0351959,0.064117,0.0351957,0.0351987,0.0351968,0.0388323
0.0402984,0.040274,0.0402754,0.0403434,0.0402999,0.0402743,0.0402772,0.0402741,0.0643269,0.0402741,0.0402764,0.0402742,0.0406234,0.0402944,0.0402803,0.0418179,0.0402944,0.0402841,0.0431239,0.04028,0.0402762,0.0403313,0.0446519,0.0402741
0.0376326,0.037627,0.0376321,0.0376291,0.0376272,0.0376732,0.0641428,0.0376269,0.0376789,0.0376281,0.0376269,0.0376479,0.0376272,0.0376309,0.037627,0.101366,0.0376269,0.0376456,0.0376269,0.0425239,0.0376287,0.0377765,0.0376347,0.0391132
0.0382508,0.0379809,0.0379786,0.0422002,0.0379796,0.0379779,0.0379862,0.0380032,0.0379789,0.0380709,0.0383115,0.0379783,0.0379779,0.0406958,0.0379781,0.0383322,0.0379799,0.100367,0.037978,0.0507863,0.0379781,0.0380183,0.0429754,0.0382359
0.0362445,0.036238,0.0371219,0.0362382,0.0385764,0.0362384,0.036319,0.036238,0.0412834,0.036238,0.0362682,0.0362383,0.0980809,0.036238,0.036241,0.0362387,0.0363578,0.036238,0.0956889,0.036238,0.0365254,0.036265,0.0364076,0.036238
0.0371293,0.0371345,0.0409854,0.0371279,0.0376707,0.037129,0.0372308,0.0371489,0.0371302,0.0371317,0.100633,0.0371368,0.0371279,0.0371279,0.0778947,0.0371279,0.0371752,0.0371319,0.0371442,0.0371285,0.0371297,0.0371279,0.0371672,0.0371291
0.0385506,0.0389114,0.038563,0.0385468,0.0385466,0.038604,0.0385472,0.0385601,0.0385483,0.0394905,0.038781,0.0983887,0.038546,0.0385563,0.039289,0.0385461,0.038546,0.0500973,0.038546,0.0389387,0.038554,0.03855,0.038553,0.0392392
0.0378499,0.0378483,0.0379014,0.0378529,0.0378607,0.0378515,0.0382898,0.0378559,0.0378489,0.0378512,0.0378614,0.0378483,0.0414251,0.0378483,0.0381785,0.0378487,0.0605581,0.0378484,0.101805,0.0378483,0.0378986,0.037918,0.0382546,0.0378483
0.0388935,0.0388962,0.0390155,0.0389027,0.0390563,0.0389857,0.0429218,0.0388934,0.0401766,0.0388933,0.0388935,0.0388939,0.0388961,0.0389151,0.0388934,0.0986128,0.0388933,0.0388935,0.0389042,0.0399868,0.0388938,0.0388953,0.0388939,0.0388992
0.0383642,0.0382311,0.0405482,0.0382332,0.0382369,0.0382674,0.0383072,0.0382311,0.0382483,0.0382332,0.0382311,0.0382348,0.0454631,0.0382311,0.0382318,0.0382351,0.0382323,0.0382312,0.0396424,0.0382311,0.101939,0.0454091,0.0385562,0.0382311
0.0390501,0.0390497,0.0390523,0.0390541,0.0391824,0.0390498,0.085435,0.0431403,0.0390497,0.0393372,0.0391719,0.0390497,0.039081,0.0390497,0.0390511,0.0390515,0.0410554,0.0390498,0.0487595,0.0390497,0.0390527,0.0390651,0.0390622,0.0390499
0.0590676,0.0377409,0.0392841,0.0378165,0.0377414,0.037741,0.0377678,0.0377409,0.0377429,0.0378254,0.0377865,0.037741,0.0377412,0.0377477,0.037755,0.0378117,0.0377513,0.0379246,0.0377413,0.0377413,0.0498536,0.0377476,0.0964304,0.0377584
0.0373641,0.0576464,0.0373645,0.0373657,0.0373719,0.0546666,0.0374868,0.101119,0.0373641,0.0386271,0.0374513,0.0374952,0.0373641,0.0373642,0.0375233,0.0373642,0.0374118,0.0373684,0.037371,0.0373751,0.0373645,0.0373661,0.0373641,0.0374408
0.0485741,0.0378632,0.0407094,0.0378638,0.0379676,0.0378632,0.037888,0.0378631,0.0379658,0.0378731,0.0378657,0.037864,0.0380504,0.0378632,0.0378746,0.0378781,0.0378636,0.037864,0.0378863,0.0378631,0.0991756,0.0378769,0.0537801,0.0378632
0.0349643,0.0349619,0.0349678,0.0349625,0.0349676,0.0349626,0.0404003,0.0349722,0.034962,0.0349687,0.0349702,0.0349619,0.0726141,0.0349619,0.0350415,0.0349642,0.094094,0.0349619,0.093026,0.0349619,0.0352038,0.0351184,0.0350686,0.0349619
0.0369384,0.0369362,0.0400213,0.0369362,0.0845191,0.036939,0.0989972,0.0369364,0.0369421,0.0369364,0.0371906,0.0369363,0.0369418,0.0369362,0.0370545,0.037111,0.0369367,0.0369379,0.0369526,0.0369516,0.0370702,0.0369362,0.0370061,0.0369362
0.0379496,0.0380087,0.0379497,0.0386001,0.0379504,0.0380138,0.0379556,0.102933,0.0379496,0.0481237,0.0382145,0.0379499,0.0379497,0.0379501,0.037973,0.0379496,0.0386602,0.0379525,0.0501762,0.0379497,0.0379498,0.0379909,0.0379497,0.03795
0.0383159,0.0383015,0.0383018,0.0383024,0.0383103,0.0383016,0.0384689,0.0383135,0.0383019,0.0384207,0.0387959,0.0383015,0.0383514,0.0383015,0.0415507,0.038303,0.102526,0.0383104,0.0424021,0.0383015,0.0384017,0.0383043,0.0465099,0.0383018
0.0723027,0.0372846,0.0373367,0.0375158,0.0373066,0.0372846,0.0385652,0.0372846,0.0373241,0.0372887,0.0413529,0.0372846,0.0372916,0.0373451,0.0372851,0.0375131,0.037286,0.0376661,0.0373118,0.0373029,0.0372865,0.0372874,0.101008,0.0372847
0.0384344,0.0384372,0.0410098,0.0384344,0.0433827,0.0400073,0.0386141,0.0384346,0.0974589,0.0384344,0.0384434,0.038696,0.0465818,0.0384344,0.0384683,0.0384369,0.0384378,0.0384344,0.0391944,0.0384357,0.0384858,0.0384346,0.0384344,0.0384345
0.0356471,0.0355457,0.0355503,0.0356151,0.0355462,0.0355457,0.0422166,0.0355487,0.0355463,0.0355614,0.0356029,0.0355457,0.0364362,0.0355457,0.035605,0.0355683,0.0822838,0.0355501,0.0839735,0.0355457,0.0355472,0.0355786,0.0793485,0.0355457
0.0377398,0.0377304,0.037812,0.0377305,0.0385061,0.0377314,0.0382969,0.0377305,0.0392033,0.0377305,0.037734,0.0377316,0.101743,0.0377304,0.0378395,0.0377443,0.045482,0.0377305,0.0567165,0.0377305,0.0381096,0.0378437,0.037923,0.0377305
0.0386342,0.0386326,0.0387018,0.0386319,0.0386319,0.0420299,0.0386559,0.038633,0.0386328,0.0388322,0.0386322,0.103966,0.0386319,0.038632,0.0408926,0.0386322,0.0386318,0.038869,0.0386318,0.0386366,0.0390077,0.0395444,0.0386431,0.0386326
0.0372199,0.0386358,0.0371665,0.0786951,0.0371418,0.0371422,0.037146,0.0380009,0.0371418,0.100886,0.0372228,0.037142,0.0371418,0.0374321,0.037143,0.0371418,0.037142,0.0374525,0.0371845,0.0371421,0.0371503,0.0371875,0.0371813,0.0371602
0.0378481,0.0378481,0.0397226,0.0378481,0.0513115,0.0498729,0.0988071,0.0378484,0.0381766,0.0378481,0.0378489,0.0380118,0.0402638,0.0378481,0.0378894,0.0380746,0.0378528,0.0378481,0.0378678,0.0378906,0.0379254,0.0378502,0.0378481,0.0378489
0.0388346,0.0388281,0.0388518,0.038833,0.0388283,0.0388311,0.105504,0.0388444,0.0388281,0.0392469,0.0388293,0.0388281,0.0388702,0.0388281,0.0388283,0.0389218,0.0388854,0.0388282,0.039135,0.0388282,0.0388426,0.0392531,0.0388626,0.0388289
0.0380005,0.100682,0.0380409,0.0380183,0.0380083,0.0571939,0.0380044,0.038381,0.0380007,0.0383007,0.0380016,0.0420972,0.0380005,0.0380187,0.0380068,0.0380025,0.0380005,0.0380903,0.0380005,0.038712,0.038012,0.0380088,0.0380005,0.0384176
0.0958177,0.036272,0.0363124,0.0374017,0.0362719,0.0362719,0.0362723,0.0362719,0.0362805,0.04224,0.0365642,0.0362837,0.0362735,0.0363139,0.0362831,0.0362738,0.0362734,0.0364777,0.0362727,0.0362729,0.0365078,0.0363621,0.0976014,0.0368274
0.0385324,0.0385486,0.038532,0.0387855,0.038532,0.0389973,0.0385329,0.0385413,0.038534,0.0386915,0.0385323,0.0393567,0.038532,0.0386016,0.0385387,0.0443543,0.0385351,0.0385984,0.038532,0.0405393,0.0385343,0.0387699,0.0385325,0.103815
0.038177,0.0379958,0.0554351,0.0383892,0.0380064,0.0379944,0.0379959,0.0379945,0.0380337,0.0379954,0.101988,0.0379944,0.0379963,0.0380875,0.038145,0.0379946,0.0380503,0.0379949,0.0389256,0.0379944,0.0379959,0.0379944,0.0428052,0.038016
0.0386873,0.038687,0.0389757,0.0388404,0.0389278,0.0386877,0.0386873,0.0386889,0.0388287,0.0386872,0.0387793,0.0386869,0.0422919,0.0386886,0.0387462,0.0386871,0.0391695,0.0386869,0.105085,0.0386869,0.0386882,0.0386892,0.0387294,0.0386869
0.0384515,0.0396884,0.0384516,0.038489,0.0384538,0.0432361,0.0384598,0.104431,0.0384515,0.0392428,0.0384831,0.0384604,0.0384516,0.0384516,0.0384629,0.0384515,0.0386452,0.0384517,0.0424829,0.0384516,0.0384519,0.0384965,0.0384515,0.0384519
0.0366067,0.036716,0.0366072,0.0367283,0.0366071,0.0372518,0.0366242,0.0366159,0.0368479,0.0366067,0.0366069,0.0375186,0.0366067,0.0376922,0.0366067,0.0891403,0.0366067,0.0366601,0.0366067,0.0992624,0.0366067,0.0367141,0.0366067,0.0395535
0.0379055,0.0379052,0.0379202,0.0379051,0.0398523,0.0379047,0.0379972,0.0388067,0.037905,0.037931,0.102341,0.0379047,0.0379049,0.0379048,0.0583483,0.0379047,0.0387415,0.0379163,0.0393698,0.0379047,0.0379048,0.0379047,0.0380124,0.0379047
0.0364558,0.0369934,0.0374857,0.0981074,0.0364349,0.0364394,0.0364349,0.0364349,0.0364554,0.0364379,0.036435,0.0364354,0.036435,0.0968217,0.0364349,0.0368503,0.0364349,0.0364454,0.0364679,0.0373589,0.0364356,0.0368755,0.0364488,0.0364411
0.0365592,0.0365619,0.0365636,0.0365629,0.0365819,0.0366237,0.0371964,0.0365583,0.0375993,0.0365583,0.0365585,0.0365706,0.0365583,0.0365881,0.0365585,0.0991892,0.0365583,0.0365821,0.0365582,0.0850752,0.0365605,0.0365608,0.0365609,0.0461554
0.0388818,0.0388867,0.039104,0.0388812,0.038885,0.0400034,0.0388829,0.0388815,0.0391243,0.0388816,0.0388843,0.102331,0.0388811,0.0388872,0.0402473,0.0388864,0.038881,0.03914,0.038881,0.0390019,0.0388831,0.0389148,0.0388853,0.0388831
0.0364504,0.0367261,0.0378751,0.0978249,0.0364051,0.0364054,0.0364053,0.0364054,0.0364082,0.0364142,0.0364165,0.036405,0.036405,0.096987,0.036405,0.0369349,0.036405,0.0364464,0.0364133,0.0379016,0.0364051,0.0364507,0.0364352,0.0366693
0.0380778,0.0394845,0.0380748,0.0380731,0.0380778,0.0382029,0.0380738,0.0380736,0.0383196,0.039022,0.0380793,0.102737,0.0380731,0.0380734,0.0384456,0.0380735,0.0380731,0.0381012,0.0380731,0.0380975,0.0430325,0.0380743,0.0380734,0.0515131
0.0383471,0.0383475,0.0383471,0.0383471,0.0383754,0.0424792,0.0389655,0.0384136,0.0437103,0.0383475,0.0383522,0.103888,0.0383596,0.0383471,0.0406294,0.0383838,0.0383671,0.0383607,0.0383472,0.0396098,0.0383569,0.0383541,0.0383472,0.038617
0.0387141,0.0386649,0.0386646,0.0387162,0.0386646,0.0387085,0.0390634,0.0387018,0.0386646,0.10489,0.0386647,0.0387774,0.0386646,0.038665,0.038696,0.0387036,0.0386652,0.0387295,0.0386647,0.0386649,0.0388947,0.0420161,0.0387623,0.039979
0.0376018,0.0376018,0.0376019,0.0376017,0.0382237,0.0376121,0.0376556,0.0376794,0.0376936,0.0376055,0.0482384,0.038104,0.0376033,0.0376017,0.102111,0.0376018,0.0585491,0.037667,0.0376077,0.0376018,0.0376066,0.0376018,0.0376186,0.0376104
0.0382924,0.0382746,0.0389128,0.0382794,0.0425018,0.0382742,0.0382896,0.0382746,0.0404958,0.0382743,0.103255,0.0382742,0.0383776,0.0382776,0.0383217,0.0382743,0.0383299,0.0382744,0.0450793,0.0382744,0.0382762,0.0382742,0.0405668,0.0382743
0.0746354,0.0352728,0.0353043,0.0352749,0.0352764,0.0352729,0.0352827,0.0352728,0.0353152,0.0355082,0.035273,0.0352764,0.0354602,0.0352729,0.0352804,0.0352879,0.0352775,0.0352866,0.0352857,0.0352728,0.0947042,0.0359143,0.0887193,0.0352731
0.0382127,0.038205,0.038205,0.038205,0.0383011,0.038205,0.0382158,0.0382104,0.0390304,0.038207,0.0515656,0.0382051,0.0385838,0.038205,0.0397842,0.0382098,0.10335,0.0382058,0.0384851,0.038205,0.0383114,0.038205,0.038694,0.0389925
0.0374761,0.0374756,0.0374793,0.0374756,0.0383662,0.0374769,0.0376125,0.0374757,0.0712492,0.0374755,0.0374807,0.037485,0.0991414,0.0374755,0.037477,0.037491,0.0385877,0.0374756,0.0399761,0.0374758,0.0379111,0.0375038,0.0374802,0.0374766
0.0385889,0.0385912,0.104758,0.0385926,0.0446802,0.0386425,0.0386329,0.0385861,0.0387691,0.0385861,0.0386395,0.0385863,0.0386144,0.0385898,0.0385946,0.0385894,0.0385864,0.0385865,0.0394805,0.0385875,0.0389285,0.0385863,0.0386169,0.0385861
0.0379585,0.0398221,0.0380186,0.0381173,0.0379602,0.100824,0.0379933,0.061032,0.0379585,0.0379933,0.0379586,0.0379743,0.0379585,0.0379622,0.0379762,0.037959,0.0379591,0.0379585,0.0387111,0.0379592,0.0379592,0.0380673,0.0379585,0.0379602
0.0383415,0.0383412,0.0383954,0.038341,0.0438584,0.0383463,0.0385116,0.0383432,0.0384702,0.0383419,0.0480348,0.0384104,0.038342,0.038341,0.10193,0.0383422,0.0387965,0.0383505,0.038342,0.0383411,0.038402,0.038341,0.038356,0.0383795
0.0367057,0.0366835,0.0366834,0.036695,0.0366834,0.0369843,0.036725,0.0366909,0.0366834,0.0960626,0.0366834,0.0387455,0.0366835,0.0366835,0.0366972,0.0367079,0.0366844,0.0367309,0.0366839,0.0366836,0.0522858,0.0786922,0.0367166,0.0367245
0.0383247,0.0440302,0.0383282,0.0387744,0.0383245,0.0384619,0.0383244,0.0383255,0.0383987,0.0383272,0.038327,0.0385602,0.0383244,0.0403703,0.0383249,0.0396882,0.0383245,0.0383458,0.0383244,0.0426963,0.0383258,0.038326,0.0383245,0.104118
0.0375121,0.0523765,0.0379475,0.043777,0.0375138,0.0375388,0.037512,0.0375124,0.0375167,0.0375124,0.0375226,0.0375335,0.0375113,0.0618765,0.0375113,0.0376405,0.0375113,0.0375239,0.0375115,0.0909474,0.0375115,0.0375189,0.0375115,0.037649
0.0387157,0.0387179,0.0387129,0.0387814,0.0387129,0.0388464,0.0387764,0.0397549,0.0387129,0.105091,0.0387134,0.038956,0.0387129,0.0387131,0.0388252,0.0387137,0.0387162,0.0387496,0.0387132,0.0387131,0.0388013,0.0406029,0.0387186,0.039528
0.0385553,0.0385566,0.0385821,0.0385553,0.0385771,0.0449797,0.0385568,0.0385591,0.0385646,0.0386022,0.0386385,0.0395889,0.0385553,0.0385553,0.104744,0.0385555,0.038622,0.0385582,0.0385634,0.0385553,0.0393022,0.0385554,0.0385573,0.03856
0.0370972,0.0370969,0.0370971,0.0370969,0.0371114,0.0371078,0.0371483,0.0371399,0.0371198,0.0371022,0.0373529,0.037112,0.0371161,0.0370969,0.0871192,0.0371005,0.0960147,0.0371187,0.0371487,0.0370969,0.0371922,0.0371,0.037213,0.0371009
0.0384796,0.0391488,0.0384829,0.038516,0.0385007,0.0389019,0.0385832,0.104459,0.0384796,0.038885,0.0387591,0.03848,0.0384797,0.0384799,0.038486,0.0384796,0.0391647,0.0384876,0.0462827,0.0384797,0.0384804,0.0385446,0.0384796,0.0384796
0.0370727,0.0370722,0.0370832,0.0370727,0.0374167,0.0370737,0.0389192,0.0370731,0.0371727,0.0370723,0.0370778,0.0370722,0.0750754,0.0370722,0.0370919,0.0370843,0.0449841,0.0370722,0.0990028,0.0370722,0.0371023,0.0370814,0.0371106,0.0370722
0.0384133,0.0384117,0.0384116,0.0384233,0.0384128,0.0384392,0.0384381,0.0384119,0.0398005,0.0384114,0.0384112,0.0384484,0.0384113,0.0384561,0.0384122,0.103516,0.0384147,0.0392604,0.0384112,0.047575,0.0384136,0.0385068,0.0384319,0.0397572
0.0389967,0.0387571,0.0387571,0.0387654,0.0387571,0.0387611,0.0387755,0.0387587,0.0387601,0.0395584,0.0387571,0.0395362,0.0387931,0.0387574,0.0387577,0.0388479,0.0387726,0.0391007,0.0387576,0.0387593,0.03967,0.104738,0.0393367,0.0387684
0.0392966,0.0391983,0.0391986,0.0392453,0.0391983,0.039199,0.039237,0.0392061,0.0391984,0.0392991,0.0391983,0.0391997,0.0392041,0.0391988,0.0392253,0.0392431,0.0393641,0.0397939,0.039237,0.0391985,0.0391993,0.0958175,0.0406446,0.0391991
0.0384143,0.0384339,0.0388602,0.0384148,0.103992,0.038415,0.0384149,0.0384184,0.0487383,0.0384143,0.0386666,0.0384144,0.0384415,0.0384159,0.0384296,0.0384188,0.0384477,0.038417,0.0397588,0.0384155,0.0384148,0.0384143,0.0384146,0.0384145
0.0370685,0.0370681,0.0371557,0.0370682,0.0390007,0.03707,0.0374498,0.0370682,0.0734573,0.0370681,0.0370754,0.0370746,0.0969084,0.0370681,0.0370686,0.0370798,0.0371949,0.0370681,0.0485268,0.0370699,0.0370834,0.0371513,0.0370879,0.0370681
0.0385085,0.0416388,0.0385193,0.0397501,0.0385073,0.0387074,0.0385085,0.038512,0.0385075,0.038769,0.0385094,0.0386161,0.0385073,0.039929,0.0385081,0.0394066,0.0385073,0.0386907,0.0385073,0.0408807,0.0385086,0.0385165,0.0385073,0.104477
0.0368437,0.0367513,0.0368229,0.0367633,0.0367654,0.0367538,0.036754,0.0367513,0.0981826,0.0367513,0.0367514,0.0367797,0.0380089,0.0367803,0.0367519,0.0867016,0.0367538,0.0367783,0.0367578,0.0369227,0.0367555,0.0369423,0.0414224,0.0367537
0.0387899,0.0387689,0.0387692,0.0391306,0.0387687,0.0388062,0.0387696,0.038772,0.0387687,0.0409361,0.0387687,0.038841,0.0388179,0.0387696,0.0387687,0.038772,0.0387696,0.0387692,0.0389559,0.0387687,0.0391173,0.105056,0.0387725,0.0387725
0.0367251,0.0452041,0.0367832,0.0985066,0.0366973,0.0366974,0.0366972,0.0367877,0.0366973,0.0598082,0.0369116,0.0366973,0.0366972,0.0611896,0.0366974,0.0366973,0.0366978,0.0372033,0.0367334,0.0366979,0.0366985,0.036705,0.0367221,0.0370474
0.0385445,0.0389066,0.0384226,0.0484062,0.0384084,0.0384085,0.0384118,0.0387435,0.0384084,0.104313,0.0385789,0.0384096,0.0384084,0.0387158,0.0384321,0.0384084,0.0384085,0.0389421,0.0384376,0.0384085,0.0384129,0.0384195,0.0386326,0.0384116
0.0371404,0.0371311,0.0371469,0.0371337,0.038211,0.037132,0.0371722,0.0371311,0.0991454,0.0371311,0.0371311,0.0371316,0.0644895,0.0371323,0.0371344,0.0513502,0.0371713,0.0371329,0.0402814,0.0371336,0.0371316,0.0372249,0.0379493,0.0371312
0.0380434,0.0380495,0.10331,0.0380944,0.0387057,0.0380302,0.0380409,0.038028,0.0385287,0.038028,0.0520511,0.0380281,0.0380854,0.0380703,0.0380404,0.0380282,0.0380281,0.038028,0.0445662,0.0380285,0.0380353,0.038028,0.0380954,0.038028
0.0382638,0.103338,0.0386941,0.0383642,0.038289,0.0518158,0.0382638,0.0383988,0.0382651,0.0382723,0.0382724,0.0392249,0.0382638,0.038634,0.0382721,0.0382643,0.0382638,0.0382647,0.0382645,0.0383279,0.0382659,0.0382645,0.0382638,0.0391889
0.0378708,0.0376897,0.037688,0.0654226,0.0376876,0.0376878,0.0376955,0.0377363,0.0376876,0.0987594,0.0376879,0.0376877,0.0376877,0.0378,0.0376877,0.0376936,0.037688,0.0377404,0.0379103,0.037688,0.0376924,0.0431881,0.0382308,0.0376921
0.0385243,0.0385897,0.0414602,0.0385245,0.10314,0.0385326,0.0386295,0.038605,0.0385536,0.0385243,0.039878,0.0385247,0.0385913,0.0385246,0.0385303,0.0385243,0.0385296,0.0385253,0.0446578,0.0385301,0.0385269,0.0385247,0.0385244,0.0385243
0.0381935,0.038133,0.0381314,0.0475662,0.0381309,0.0381314,0.0381313,0.0381316,0.0381334,0.0382668,0.0381483,0.038132,0.0381309,0.0417055,0.0381367,0.0432569,0.0381362,0.0387221,0.038131,0.0387027,0.038131,0.0381548,0.0383154,0.103247
0.0379551,0.0380213,0.103073,0.0379816,0.0530735,0.0379619,0.0379584,0.0379529,0.0386289,0.0379529,0.0436361,0.0379529,0.0379596,0.0380085,0.0379796,0.0379533,0.0379529,0.0379531,0.0402465,0.0379556,0.0379633,0.0379529,0.0379735,0.0379529
0.0386683,0.0386749,0.0387374,0.0386649,0.0428587,0.0386595,0.0386989,0.038694,0.0387208,0.0386617,0.104881,0.0386596,0.0386607,0.0386634,0.0386964,0.0386596,0.038671,0.038666,0.0394812,0.0386633,0.0386597,0.0386595,0.0392796,0.0386597
0.0389434,0.0387847,0.0387848,0.0399086,0.0387847,0.0387897,0.0387856,0.0387855,0.0387849,0.0391634,0.0387847,0.0388926,0.0388402,0.0387886,0.0387847,0.0388652,0.038789,0.0388771,0.038807,0.0387874,0.0391376,0.105308,0.0390343,0.0387882
0.0386187,0.0413553,0.0386316,0.0393368,0.0386257,0.038655,0.0386385,0.0386544,0.0386401,0.0386197,0.0387992,0.0386331,0.0386187,0.0429521,0.0386187,0.0393753,0.0386187,0.0386721,0.0386187,0.100386,0.0386187,0.0386192,0.0386188,0.0410752
0.0388419,0.0432351,0.038866,0.0389483,0.0392624,0.040234,0.0389143,0.0394114,0.0393295,0.0388419,0.0388462,0.0388755,0.0388493,0.0389794,0.0388419,0.0388617,0.0388419,0.0388504,0.0390074,0.0987264,0.0388438,0.0389075,0.0388419,0.0388421
0.0381636,0.047706,0.0921071,0.0381664,0.0534926,0.0396982,0.038168,0.0381637,0.0386547,0.0381636,0.0381899,0.0381652,0.0382028,0.0381652,0.0381642,0.0381641,0.0381637,0.0381636,0.0409105,0.0381644,0.038571,0.0381636,0.0381636,0.0381642
0.036317,0.0377452,0.0369732,0.0984714,0.0363155,0.0363187,0.0363154,0.0363172,0.0363167,0.0363185,0.0363161,0.0363153,0.0363153,0.09683,0.0363153,0.0384614,0.0363153,0.0363208,0.0363725,0.0373754,0.0363154,0.0363854,0.0363165,0.0366366
0.0363894,0.036417,0.0364393,0.0365647,0.0364016,0.0363948,0.0363916,0.0363861,0.0472103,0.0363861,0.0363868,0.0363977,0.0363861,0.0394628,0.036386,0.0969602,0.036386,0.03651,0.0363861,0.0865236,0.0363869,0.0363886,0.0363925,0.0380658
0.0388971,0.0387295,0.0386999,0.0388687,0.0386998,0.0386999,0.0387027,0.0388706,0.0386998,0.105086,0.0387395,0.0387445,0.0386998,0.0387133,0.0388048,0.0386999,0.0387008,0.0419283,0.0387001,0.0387001,0.0387761,0.0387505,0.0390615,0.0390271
0.0343848,0.0812102,0.0347589,0.0932694,0.0343834,0.0343942,0.0343834,0.0343962,0.0343838,0.0349578,0.0343959,0.0343842,0.0343834,0.0931045,0.0343834,0.0343914,0.0343834,0.0346812,0.0343839,0.0352732,0.0343835,0.0343929,0.0343837,0.0425532
0.0372413,0.0398364,0.037248,0.0372994,0.0373328,0.037313,0.0372725,0.100459,0.0372413,0.0372455,0.0721088,0.0372413,0.0372413,0.0372461,0.0373246,0.0372413,0.0405799,0.0372552,0.0390472,0.0372488,0.0372413,0.0372415,0.0372413,0.0372524
0.0383893,0.039702,0.0383823,0.0386547,0.0383799,0.0383892,0.03838,0.0384301,0.0383798,0.0471933,0.038443,0.0384369,0.0383798,0.0386108,0.0384129,0.0383809,0.0383804,0.0719763,0.0383798,0.0384847,0.0383958,0.0383932,0.0383876,0.0726571
0.0375772,0.0377334,0.0375503,0.0445258,0.0375489,0.0375486,0.0375557,0.0421269,0.0375485,0.101846,0.0377101,0.0375496,0.0375485,0.0380289,0.0375557,0.0375485,0.0375486,0.0594253,0.0375561,0.037551,0.0375509,0.0375609,0.0377554,0.0375499
0.0362831,0.0392147,0.0363734,0.09803,0.036268,0.036269,0.036268,0.0362795,0.0362683,0.0404507,0.0362781,0.0362685,0.036268,0.0947626,0.036268,0.0362738,0.036268,0.0376686,0.0362735,0.0368293,0.0362682,0.0362882,0.0362955,0.0362849
0.0363789,0.0377588,0.0370641,0.0987781,0.0363441,0.0363447,0.0363441,0.0363451,0.0363444,0.0365249,0.0363459,0.0363441,0.0363441,0.0984932,0.0363441,0.036536,0.0363441,0.036436,0.0364021,0.03653,0.0363443,0.0364305,0.0363854,0.0364932
0.0361876,0.0383339,0.0363347,0.0922384,0.0361799,0.0361817,0.0361798,0.0361805,0.0361843,0.0361912,0.0361956,0.0361802,0.0361798,0.0933369,0.0361798,0.0362646,0.0361798,0.0363028,0.0361801,0.0391227,0.0361805,0.0361907,0.0361837,0.049131
0.0367859,0.036784,0.0368147,0.0367859,0.0428874,0.036784,0.0368261,0.0367906,0.0381011,0.0367841,0.0397124,0.036784,0.0811916,0.0367841,0.0367845,0.0367842,0.0377637,0.036784,0.0979967,0.036784,0.0368237,0.0367864,0.0368929,0.036784
0.0388277,0.0388189,0.0388226,0.0388201,0.0388204,0.0388225,0.105347,0.0388245,0.0388192,0.0388363,0.0388207,0.0388203,0.0389522,0.0388189,0.0388189,0.0394268,0.0388193,0.0388195,0.0388743,0.0390483,0.0388229,0.0393397,0.0390402,0.0388189
0.0376578,0.0377634,0.0376646,0.0376579,0.0376591,0.0995903,0.0382654,0.0376638,0.0376601,0.0376698,0.0376578,0.0686581,0.0376578,0.0376578,0.0377342,0.0382897,0.0376578,0.037658,0.0376578,0.0376676,0.0389337,0.0376984,0.0376578,0.0381614
0.0386137,0.0382494,0.0384519,0.0382515,0.0382771,0.0382494,0.099893,0.0382494,0.0383265,0.0382515,0.0382721,0.0382494,0.0539733,0.0382494,0.0382494,0.0383241,0.0382611,0.0382494,0.0383828,0.0382498,0.0416249,0.0382569,0.0385853,0.0382587
0.0390718,0.039426,0.0390733,0.0390808,0.0390717,0.0418687,0.039072,0.0391224,0.0390724,0.048548,0.0390717,0.0878088,0.0390716,0.0390889,0.0392277,0.0390737,0.0390716,0.0392603,0.0390717,0.0390797,0.0391732,0.0394069,0.0390717,0.0391151
0.0398812,0.0436944,0.0398992,0.0406102,0.0398816,0.041731,0.0399141,0.0400159,0.0398836,0.0398915,0.0398821,0.0401412,0.0398812,0.0401933,0.0398812,0.0399203,0.0398812,0.0398867,0.0398828,0.0753243,0.0398817,0.0399761,0.0398812,0.0399842
0.0383663,0.0383693,0.038369,0.0383663,0.0447304,0.0387757,0.10334,0.0409692,0.0383696,0.0383665,0.0383758,0.0384115,0.0384266,0.0383663,0.0383664,0.0383883,0.038367,0.038367,0.0384085,0.0430079,0.0383673,0.0383922,0.0383663,0.0383665
0.037339,0.0377628,0.0373416,0.0375768,0.0373438,0.0374481,0.0373393,0.03734,0.0430189,0.0373389,0.0373424,0.0378891,0.0373389,0.0436195,0.037339,0.0630339,0.0373389,0.0373853,0.037339,0.100565,0.037339,0.0373415,0.0373393,0.0389396
0.0429301,0.0385088,0.0385119,0.0385385,0.0385149,0.0385088,0.0385118,0.0385092,0.0385865,0.0385598,0.0415191,0.038509,0.0385146,0.0385115,0.0385645,0.0385093,0.0391639,0.0404502,0.0385242,0.0385089,0.0388026,0.0385279,0.103705,0.038509
0.0388633,0.038863,0.0388632,0.038863,0.0388979,0.0388699,0.0398333,0.0389459,0.0388688,0.0388693,0.0389732,0.0388777,0.0389,0.038863,0.0405452,0.0388647,0.102024,0.0388704,0.0388681,0.038863,0.039804,0.0388682,0.0388663,0.0390741
0.0386491,0.104711,0.038728,0.0391686,0.0386741,0.03998,0.0386491,0.038931,0.0386551,0.0386617,0.0387416,0.0388011,0.0386491,0.0402981,0.0386501,0.0386501,0.0386491,0.0386507,0.0386501,0.0395606,0.0386499,0.0386493,0.0386491,0.0399431
0.0376718,0.0376688,0.0376686,0.0378059,0.0376695,0.0376715,0.0378096,0.0376999,0.037694,0.0376832,0.0376688,0.0376695,0.0376686,0.037734,0.03767,0.101631,0.0377054,0.0464254,0.0376687,0.0593021,0.037669,0.0377406,0.0377815,0.0386223
0.0388389,0.0388386,0.0388385,0.0394722,0.0388379,0.0392858,0.0388383,0.0388427,0.038838,0.0388656,0.0388379,0.0390157,0.0388456,0.0388535,0.0388379,0.0389543,0.038838,0.0388517,0.0388758,0.0388643,0.038851,0.1052,0.0388386,0.0388392
0.038435,0.0390652,0.038446,0.0414584,0.038432,0.0384328,0.0384359,0.0450207,0.0384319,0.103784,0.0395871,0.0384321,0.0384319,0.038675,0.0384777,0.0384319,0.0384336,0.0389367,0.0384396,0.038432,0.0384352,0.0384329,0.0384468,0.0384659
0.0386049,0.0385875,0.0385886,0.0387902,0.0385874,0.0386918,0.0390372,0.0386366,0.0385874,0.0452086,0.0385874,0.03863,0.0386113,0.0385878,0.0385875,0.0386108,0.0385951,0.0386141,0.0386278,0.0385896,0.0388027,0.104652,0.0385925,0.0385907
0.0393714,0.0391317,0.039132,0.0391321,0.0391367,0.0391318,0.0393641,0.0391357,0.0391376,0.0394605,0.0392601,0.0391344,0.0391415,0.0391317,0.0399695,0.0391325,0.0419074,0.0397207,0.0391564,0.0391317,0.0395532,0.0392679,0.0942278,0.0391317
0.0377449,0.0377418,0.0377418,0.0377418,0.0377461,0.037743,0.048868,0.0378127,0.037742,0.0378676,0.0377802,0.0377418,0.0380962,0.0377418,0.0532826,0.0377594,0.101718,0.0377435,0.0399253,0.0377418,0.0378043,0.0377903,0.0383823,0.0377429
0.0396505,0.0396496,0.0396566,0.0396498,0.0396853,0.0396522,0.0397087,0.0396502,0.0449898,0.0396496,0.0405162,0.0396621,0.0735072,0.0396496,0.0396763,0.0396531,0.0419881,0.0396496,0.045411,0.039652,0.0397106,0.0396526,0.0396789,0.0396504
0.0392315,0.039232,0.0392316,0.0392315,0.0392852,0.0400193,0.0394261,0.0393103,0.0435636,0.0392315,0.0392393,0.0911441,0.0393975,0.0392315,0.0396977,0.0392553,0.0393348,0.0392322,0.039233,0.0394139,0.0392323,0.039247,0.0392315,0.0393474
0.0379726,0.0478529,0.0379787,0.0379727,0.0379819,0.0396261,0.0379727,0.0379743,0.0383364,0.0379812,0.0379817,0.10303,0.0379725,0.0379829,0.0379937,0.0379736,0.0379725,0.0380007,0.0379725,0.0479457,0.0380394,0.0379761,0.0379725,0.0395364
0.0419336,0.0385339,0.0402593,0.0385344,0.0385521,0.0385386,0.0385421,0.0385337,0.0385507,0.0386045,0.0385338,0.0385413,0.0386019,0.0385338,0.0385637,0.0385468,0.0385343,0.038535,0.0385406,0.0385337,0.104627,0.0387317,0.0420589,0.0385341
0.0357302,0.0670203,0.0357603,0.0961115,0.0357289,0.0357315,0.0357285,0.0357472,0.0357287,0.0371705,0.0357328,0.0357286,0.0357285,0.0843423,0.0357285,0.0357438,0.0357285,0.0358483,0.0357349,0.0359522,0.0357296,0.0357342,0.0357294,0.0360809
0.0378951,0.0378567,0.0378542,0.0378657,0.0378547,0.0378546,0.0379959,0.0387081,0.0378542,0.0624562,0.0378753,0.0382689,0.0378542,0.0378613,0.0378637,0.037855,0.0378549,0.101538,0.0378542,0.0385017,0.0378585,0.0386843,0.0380242,0.0379111
0.0345035,0.0884938,0.0349256,0.0765973,0.0345054,0.0346159,0.0345033,0.0345069,0.0345049,0.0345402,0.0345053,0.0345054,0.0345032,0.0883044,0.0345032,0.0347224,0.0345032,0.0345711,0.0345033,0.046508,0.0345044,0.0345047,0.0345032,0.0436614
0.0382581,0.0382579,0.0382639,0.0382579,0.0384076,0.0382675,0.0384319,0.0382672,0.0384955,0.0382579,0.0402442,0.0382615,0.041682,0.0382579,0.0472871,0.0382593,0.103414,0.0382594,0.0398311,0.038258,0.0382824,0.0382587,0.0382763,0.0382632
0.0384191,0.0408711,0.0385067,0.0384192,0.0391351,0.104351,0.0390986,0.0385257,0.0384294,0.0384192,0.0384192,0.0452181,0.0384193,0.0384193,0.0385866,0.0388641,0.0384192,0.0384192,0.0384223,0.0389247,0.0384361,0.0384199,0.0384191,0.0384382
0.0380582,0.0522705,0.103178,0.0380854,0.0433887,0.0391097,0.0380591,0.0380582,0.038104,0.0380582,0.0380863,0.0380602,0.0380589,0.0381575,0.0380641,0.0380587,0.0380582,0.0380582,0.0385522,0.0380592,0.0382419,0.0380582,0.0380582,0.0380582
0.036499,0.0364947,0.0364996,0.036679,0.0365787,0.0364954,0.0365104,0.0364947,0.0978774,0.0364947,0.0364947,0.0364948,0.0464195,0.0365329,0.0364947,0.0835887,0.0364986,0.0364964,0.040933,0.036593,0.0364949,0.0368257,0.0370148,0.0364947
0.0392246,0.0392029,0.0392296,0.0393347,0.0393399,0.0392031,0.0392039,0.0392029,0.0906733,0.0392029,0.0392034,0.0392031,0.0399804,0.0392641,0.039203,0.0403203,0.0392213,0.0392584,0.0405436,0.0392269,0.0392072,0.0393469,0.0430008,0.0392029
0.0354551,0.0356612,0.0354528,0.0742361,0.0354434,0.0354447,0.0354435,0.0354476,0.0354458,0.0355765,0.0356307,0.0354445,0.0354434,0.0803709,0.0354444,0.0361441,0.0354436,0.0360925,0.0354434,0.0405679,0.0354435,0.035445,0.0354783,0.0940008
0.0386315,0.0407408,0.0404471,0.0386316,0.104916,0.0387805,0.0386383,0.0386697,0.0396124,0.0386315,0.0390497,0.0386335,0.0386346,0.0386331,0.038649,0.0386322,0.0386318,0.0386319,0.039615,0.0386509,0.0386443,0.0386315,0.0386315,0.0386315
0.0365158,0.0436082,0.0365774,0.082134,0.0365154,0.0366065,0.0365156,0.0365191,0.0365162,0.0365355,0.036516,0.0365171,0.0365154,0.0754073,0.0365154,0.0377004,0.0365154,0.0365452,0.0365156,0.0654567,0.0365171,0.0365703,0.0365156,0.0381489
0.0404813,0.0385829,0.0389593,0.0385849,0.0385871,0.0385865,0.0385878,0.0385829,0.0386098,0.0386667,0.0385829,0.0385849,0.0393714,0.0385829,0.0386098,0.0385875,0.0385851,0.0385829,0.0388611,0.0385829,0.104047,0.039195,0.0430146,0.038583
0.0387459,0.0387445,0.0387443,0.0387436,0.0387441,0.0390127,0.0387479,0.0387452,0.0392919,0.0387535,0.0387456,0.104415,0.0387437,0.0387443,0.0394071,0.0387503,0.0387438,0.040707,0.0387436,0.0391526,0.0388699,0.0389889,0.0387529,0.0389614
0.0387049,0.0387259,0.0387509,0.0387097,0.0387219,0.105105,0.0389974,0.0388871,0.0387063,0.038705,0.0387049,0.0410984,0.0387051,0.0387068,0.0387219,0.0397018,0.0387049,0.0387053,0.0387261,0.0388902,0.0387113,0.0391993,0.0387049,0.0387052
0.0375411,0.0376027,0.0378037,0.0375413,0.0375637,0.101447,0.0375913,0.0375735,0.0375936,0.0375412,0.0375411,0.0715137,0.0375415,0.0375414,0.0378791,0.0375876,0.0375415,0.0375456,0.0375434,0.0375847,0.0375449,0.0377521,0.0375411,0.0375433
0.0400569,0.0384222,0.0384064,0.0435666,0.0384056,0.0384056,0.0384057,0.0384212,0.0384056,0.104002,0.0384335,0.0384066,0.0384056,0.0384449,0.0384566,0.0384057,0.0384129,0.0394284,0.0384067,0.0384056,0.0384628,0.0384629,0.0399575,0.0414127
0.0386087,0.0385916,0.0385953,0.0385911,0.0386745,0.0385913,0.0433245,0.0385919,0.0387201,0.0385909,0.038628,0.0387036,0.0385946,0.038592,0.038591,0.0392435,0.0385953,0.0457898,0.0385908,0.0990179,0.038594,0.0386755,0.0386228,0.0388813
0.0391408,0.0386566,0.104515,0.0393408,0.0390565,0.0386519,0.0386516,0.0386513,0.0392467,0.0386513,0.038667,0.0386513,0.0387858,0.0388426,0.0386519,0.038689,0.0386515,0.0386514,0.0398279,0.0386513,0.0405332,0.0386519,0.0395312,0.0386515
0.0434226,0.0387292,0.0387298,0.0388702,0.0387292,0.0387306,0.0388573,0.0387292,0.0387292,0.0410337,0.0387292,0.0387824,0.0387306,0.0387312,0.0387293,0.0394904,0.0387306,0.0394095,0.0387293,0.038761,0.0395779,0.0932097,0.0449953,0.0388327
0.0387957,0.038795,0.038795,0.0388779,0.0387949,0.038868,0.0388787,0.039696,0.0387949,0.0397745,0.0387949,0.0388023,0.0388,0.038795,0.038795,0.0388108,0.0389425,0.0388627,0.0388716,0.0387957,0.0388915,0.105176,0.0387965,0.0387953
0.038631,0.0386308,0.0386425,0.0386308,0.0391485,0.0387147,0.104922,0.0386319,0.0386351,0.038631,0.0386312,0.0386311,0.0390505,0.0386308,0.0386472,0.0439487,0.0386357,0.0386309,0.0387845,0.038635,0.0386326,0.0386569,0.0386355,0.0386308
0.0380077,0.0380045,0.0423121,0.038004,0.0448166,0.0380065,0.0380045,0.0380032,0.103108,0.0380032,0.0380056,0.0380281,0.0470726,0.0380046,0.0380042,0.0380374,0.0380046,0.0380035,0.0384905,0.0380037,0.0400245,0.0380039,0.0380434,0.0380033
0.0354406,0.035434,0.0354621,0.0354358,0.0354451,0.0354346,0.0356518,0.0354341,0.035594,0.0354341,0.0354357,0.035434,0.0951674,0.035434,0.0354368,0.0354572,0.0678128,0.035434,0.0918333,0.035434,0.0356789,0.0356752,0.035566,0.0354343
0.0381142,0.0442503,0.0381159,0.0385099,0.0381142,0.0395342,0.0381141,0.0381207,0.0381254,0.0381222,0.0381152,0.0394555,0.0381141,0.0396334,0.0381186,0.03856,0.0381142,0.0381387,0.0381141,0.0477809,0.0381147,0.0381354,0.0381141,0.10237
0.036356,0.0391174,0.0364581,0.0926055,0.0363567,0.0363576,0.0363556,0.0363846,0.0363733,0.0363591,0.0372525,0.0363557,0.0363556,0.0952275,0.0363557,0.0366164,0.0363556,0.0364574,0.036359,0.0384,0.0363556,0.0363557,0.0363587,0.0424705
0.0387309,0.0387162,0.0445659,0.0387748,0.0387544,0.0387178,0.0387211,0.0387162,0.0387167,0.0387195,0.038746,0.0387161,0.0390811,0.0387163,0.0388704,0.0387162,0.038884,0.0387162,0.101841,0.0387161,0.0389793,0.0387383,0.03943,0.0387161
0.0359941,0.0359894,0.0473087,0.0359912,0.0367119,0.0359925,0.0361167,0.0359894,0.0369645,0.0359894,0.0359948,0.0359895,0.0970045,0.0359894,0.0359907,0.0359897,0.0360002,0.0359894,0.0973312,0.0359894,0.036672,0.0360078,0.0360142,0.0359894
0.0380403,0.0380382,0.0380406,0.0380712,0.038039,0.0380391,0.038108,0.0381563,0.0380383,0.0380409,0.0380597,0.0380382,0.0381593,0.0380382,0.0383351,0.038051,0.103273,0.0380623,0.0579059,0.0380382,0.038039,0.0384663,0.0388827,0.0380392
0.0385104,0.0385106,0.0385109,0.0385105,0.0385353,0.0386496,0.0395514,0.0435402,0.0385132,0.038511,0.0389947,0.0385116,0.0386806,0.0385104,0.0395182,0.0385113,0.103229,0.0385106,0.0416096,0.0385105,0.0385109,0.0385139,0.0385105,0.038535
0.0386395,0.0389153,0.0386395,0.0386425,0.0386719,0.0386799,0.0393288,0.0391414,0.0386679,0.0386406,0.0386798,0.0416429,0.0386395,0.0387043,0.0386395,0.0395398,0.0386395,0.0390817,0.0386395,0.104971,0.0386395,0.0386449,0.0386395,0.038931
0.0390829,0.0387175,0.0387176,0.0387299,0.0387175,0.0387189,0.0388164,0.038719,0.038719,0.038901,0.0387175,0.0389295,0.0387487,0.038718,0.0387178,0.0388816,0.0387225,0.0411435,0.0387199,0.038727,0.0387859,0.104887,0.0397436,0.0387181
0.0374631,0.0374222,0.0374213,0.0375343,0.0374213,0.0374365,0.0375232,0.0376395,0.0374213,0.101245,0.0374218,0.0374476,0.0374213,0.0374223,0.037614,0.0374371,0.0374393,0.0395843,0.0374213,0.0374221,0.0374435,0.0381528,0.0374641,0.0717814
0.0400181,0.0386694,0.0388033,0.0386698,0.0386734,0.0386756,0.0387689,0.0386694,0.0386988,0.0388424,0.0386695,0.038865,0.0386869,0.0386694,0.0386833,0.0386804,0.0386699,0.0387054,0.0386705,0.0386698,0.104307,0.0390408,0.0425232,0.0386696
0.0386998,0.0387024,0.0386999,0.0386998,0.0387013,0.0401326,0.0387544,0.039081,0.0387948,0.0387062,0.0389511,0.101074,0.0387055,0.0386998,0.0450513,0.0386999,0.0387964,0.0387024,0.0387006,0.0387132,0.0387155,0.0387091,0.0386999,0.0388093
0.0654346,0.0377384,0.0377411,0.0378444,0.0377389,0.0377384,0.0377418,0.0377384,0.0382774,0.0377492,0.0396235,0.0377391,0.0377785,0.0377521,0.0377436,0.0378209,0.0377754,0.037862,0.0377503,0.037762,0.0377554,0.0377518,0.101386,0.0377574
0.0978885,0.0363974,0.0364252,0.0370204,0.0363985,0.0363974,0.0364018,0.0363974,0.0368816,0.0364086,0.0364411,0.0363974,0.0364958,0.0364994,0.036398,0.0367608,0.0364002,0.0367577,0.0364097,0.0363985,0.0365926,0.0365353,0.0988965,0.0364001
0.0377623,0.0377618,0.0377803,0.0377621,0.037781,0.0377691,0.0380982,0.0377633,0.0377946,0.0377618,0.0378028,0.0377634,0.0941692,0.0377618,0.037768,0.0377625,0.0396865,0.0377618,0.0722689,0.037762,0.0379405,0.0379899,0.0377666,0.0377618
0.0386445,0.0388917,0.0386451,0.038702,0.038659,0.0387972,0.0386775,0.104917,0.0386445,0.0387207,0.0393269,0.038645,0.0386445,0.0386459,0.0386565,0.0386445,0.0413675,0.0387275,0.0407931,0.0386452,0.0386445,0.0386702,0.0386445,0.0386447
0.0389291,0.0378816,0.0378444,0.0400072,0.0378437,0.0378432,0.0378432,0.0378439,0.0379771,0.0379333,0.0387461,0.0378606,0.0378432,0.0422609,0.037846,0.0378736,0.0378459,0.0978397,0.0378432,0.0425773,0.0378447,0.0378514,0.0403651,0.0534553
0.0387268,0.0389513,0.041893,0.0387268,0.102706,0.040428,0.0389174,0.0387294,0.039617,0.0387268,0.0387918,0.0387363,0.0387276,0.0387268,0.0389573,0.0387574,0.0387288,0.0387272,0.0387352,0.0387526,0.0387495,0.0387268,0.0387268,0.0387338
0.0388775,0.039188,0.0388845,0.0389347,0.0388878,0.103735,0.0388799,0.0397805,0.0388788,0.0388778,0.0388775,0.0389609,0.0388779,0.0388799,0.0388812,0.038944,0.038878,0.0388776,0.039362,0.0388797,0.0388818,0.0390162,0.0388775,0.0388817
0.0374218,0.0375063,0.0374285,0.0374221,0.0374232,0.101607,0.037717,0.0379217,0.0374222,0.0374259,0.0374218,0.0732865,0.0374219,0.0374219,0.0376083,0.0374742,0.037422,0.0374221,0.0374233,0.0374306,0.0374423,0.0380628,0.0374218,0.0374452
0.038188,0.0385637,0.03819,0.0381945,0.0382069,0.103474,0.0381948,0.0542642,0.038188,0.0381885,0.038188,0.0388924,0.0381881,0.0381881,0.0381993,0.038195,0.038189,0.038188,0.0384681,0.0381887,0.0381899,0.0388956,0.038188,0.0381889
0.0395934,0.0396058,0.0395893,0.0396133,0.0395898,0.0396222,0.0395954,0.0396336,0.0395893,0.0440901,0.0395896,0.0396723,0.0395892,0.0395983,0.0396723,0.0398347,0.039593,0.0782574,0.0395893,0.0398062,0.0396042,0.0397413,0.0396052,0.0453248
0.0388167,0.0388114,0.0388239,0.0388194,0.038817,0.0388298,0.0389155,0.0388114,0.0410831,0.0388114,0.0388114,0.0388218,0.0388143,0.038836,0.0388126,0.104278,0.0388115,0.0388164,0.038812,0.0392501,0.0388149,0.0388418,0.0388468,0.0388928
0.0396935,0.0409577,0.0678361,0.0397017,0.0475054,0.0399123,0.0415271,0.0397005,0.0397157,0.0396936,0.0399834,0.039694,0.0397607,0.0396947,0.0396935,0.0396937,0.0396936,0.0396935,0.0473214,0.0397274,0.0397197,0.0396936,0.0396935,0.0396936
0.0378692,0.0378658,0.0378661,0.0378657,0.0380831,0.0378709,0.0382558,0.0378657,0.101789,0.0378657,0.0378661,0.039141,0.0569799,0.0378657,0.0378683,0.0415292,0.0379574,0.0378661,0.0378664,0.0378772,0.0395694,0.037876,0.0378836,0.0386566
0.0387089,0.0401449,0.0396104,0.0387116,0.0388276,0.104846,0.0393914,0.0389225,0.0387096,0.038709,0.0387089,0.0396126,0.0387089,0.0387122,0.0387126,0.038806,0.0387089,0.0387102,0.0387123,0.0390905,0.0387116,0.0388046,0.0387089,0.0387101
0.0364722,0.0375454,0.0410528,0.0989501,0.0364595,0.0364613,0.0364594,0.0364603,0.0364594,0.0365541,0.0364769,0.0364595,0.0364594,0.0929061,0.0364594,0.0364604,0.0364594,0.0364798,0.0365769,0.0364836,0.0364595,0.0364744,0.0364853,0.0364848
0.0392939,0.0387544,0.0389353,0.038755,0.0387668,0.0387572,0.0387845,0.0387543,0.0387677,0.0390243,0.0387545,0.0387569,0.0387941,0.0387544,0.0388298,0.0387606,0.0387597,0.0387548,0.0388222,0.0387543,0.104639,0.0387961,0.0414762,0.0387544
0.0384104,0.0384068,0.0384068,0.0384086,0.0384106,0.0384068,0.0384071,0.0384537,0.0384264,0.0384359,0.0414897,0.0384068,0.0384084,0.0384067,0.0453072,0.0384087,0.102573,0.0384239,0.0384406,0.0384067,0.0384387,0.0384069,0.0386889,0.0420209
0.0379746,0.0380114,0.0379737,0.0380296,0.0379739,0.0379803,0.037974,0.038001,0.0380856,0.0379944,0.0379882,0.0393575,0.0379737,0.0384179,0.0379842,0.0386555,0.037974,0.0397441,0.0379737,0.0611434,0.0379737,0.0380082,0.0379752,0.0988323
0.0354211,0.0383435,0.0356457,0.0927503,0.0354195,0.0354503,0.0354195,0.0354217,0.0354203,0.035452,0.0354224,0.0354211,0.0354195,0.0929645,0.0354197,0.0356727,0.0354195,0.0356524,0.0354196,0.0371067,0.0354198,0.0354397,0.0354206,0.0650581
0.0382797,0.0382797,0.0382798,0.0382797,0.0383028,0.038329,0.0385896,0.039539,0.0383305,0.03828,0.0393886,0.0382842,0.039966,0.0382797,0.0409664,0.0382801,0.103636,0.0382798,0.0470223,0.0382798,0.0382812,0.0382818,0.03828,0.038284
0.0399779,0.0384394,0.0384354,0.0438124,0.0384354,0.0384348,0.0384348,0.0384355,0.0387153,0.0384482,0.0394346,0.0384359,0.0384348,0.0425902,0.038435,0.0385655,0.0384371,0.0830955,0.0384351,0.0420815,0.0384352,0.0384547,0.0544271,0.0391689
0.0384524,0.07948,0.0385534,0.0548996,0.0384529,0.0384863,0.0384528,0.0384557,0.0384529,0.0384865,0.0384532,0.0384572,0.0384519,0.0480102,0.0384519,0.0384989,0.0384519,0.0384544,0.0384526,0.0477117,0.038455,0.0384628,0.0384519,0.0390641
