0.0394579,0.0394579,0.0394582,0.0394579,0.0394681,0.0397662,0.0394579,0.0394606,0.0395586,0.0395025,0.0398828,0.0395516,0.0394579,0.0394872,0.0908907,0.039464,0.0400038,0.0394674,0.0394582,0.0394579,0.039458,0.0394579,0.0394587,0.0394579
0.0389061,0.0388943,0.0388774,0.0388765,0.0388853,0.0388765,0.0388796,0.0388764,0.0388764,0.03888,0.0389173,0.0388764,0.0388777,0.0388764,0.0389332,0.038878,0.0388838,0.0388764,0.038881,0.0388766,0.105583,0.0389466,0.0388888,0.0388764
0.0387448,0.0387448,0.0387452,0.0388522,0.0387448,0.0387471,0.0387447,0.0387448,0.0387473,0.0387447,0.0387449,0.0387454,0.0387447,0.1053,0.0387447,0.038745,0.0387447,0.0387448,0.0387456,0.0414926,0.0387447,0.0387447,0.038745,0.0394531
0.0398263,0.0398263,0.0398263,0.0398263,0.039827,0.0398263,0.0398263,0.0398263,0.0826168,0.0398263,0.039827,0.0398263,0.0398272,0.0398544,0.0398265,0.0398456,0.0398286,0.0398263,0.0410373,0.0398263,0.0398263,0.0398265,0.0399413,0.0398263
0.0382516,0.0382516,0.0383579,0.0382515,0.0382515,0.0382682,0.0542639,0.0382516,0.0383229,0.0383447,0.0382515,0.0382517,0.0382515,0.0382516,0.0382515,0.103895,0.0382518,0.0382526,0.0382515,0.0382573,0.0382515,0.0382518,0.0382518,0.0382629
0.0385384,0.0385392,0.038539,0.0473809,0.0385383,0.0385383,0.0385396,0.0385383,0.0385384,0.0385399,0.0385437,0.0385388,0.0385383,0.0385383,0.0385383,0.0385501,0.0385388,0.104711,0.0385383,0.0385634,0.0385421,0.0385499,0.0385402,0.0385383
0.0388985,0.0388773,0.0389056,0.0388773,0.0388786,0.0388773,0.038878,0.0388773,0.0388899,0.0388773,0.0388775,0.0388783,0.105662,0.0388773,0.0388779,0.0388774,0.0388781,0.0388773,0.0388774,0.0388773,0.0389699,0.0388773,0.0388773,0.0388773
0.0389275,0.0389276,0.0389483,0.0389275,0.0389352,0.0389276,0.0389474,0.0389275,0.0389276,0.0389275,0.104361,0.0389276,0.0389275,0.0389275,0.0391825,0.0389275,0.0389308,0.0389275,0.0389275,0.0389275,0.0389275,0.0389275,0.0389278,0.0389275
0.0383798,0.0383799,0.0383799,0.0384113,0.0383835,0.0383798,0.0383795,0.0384431,0.0383826,0.0383805,0.0383801,0.103622,0.0383795,0.0383795,0.0384542,0.0383795,0.0383795,0.0518447,0.0383795,0.0383796,0.0383796,0.0383807,0.0383818,0.0383796
0.0388608,0.0388603,0.0388613,0.038861,0.0388603,0.038861,0.0388617,0.0388606,0.0388602,0.0388603,0.0388605,0.0388603,0.038861,0.0388602,0.0388611,0.0388626,0.0394718,0.0388603,0.10559,0.0388602,0.0388603,0.0388638,0.0388602,0.0388602
0.0389182,0.03892,0.0389183,0.0389182,0.0389184,0.0389351,0.0390301,0.0389182,0.0389356,0.0389182,0.0389182,0.0389182,0.0389182,0.0389182,0.0389182,0.104684,0.0389182,0.0389182,0.038947,0.0389381,0.0389182,0.0389182,0.0389182,0.0389183
0.0388757,0.0388601,0.0388725,0.0388601,0.0388603,0.038861,0.0389036,0.03886,0.0388602,0.0388611,0.03886,0.0388602,0.0388701,0.03886,0.0388602,0.0388616,0.0388602,0.0388602,0.0388602,0.0388601,0.105612,0.0393723,0.038868,0.03886
0.0386206,0.0386232,0.0386214,0.0386212,0.0386299,0.0386206,0.103497,0.0387642,0.0386209,0.0386238,0.0386208,0.0386206,0.0386215,0.0386207,0.0386207,0.0386575,0.0466496,0.0386218,0.0386206,0.0386206,0.0386207,0.0386208,0.0386207,0.0386207
0.0389299,0.0389274,0.039063,0.0389274,0.0389274,0.0389274,0.0389338,0.0389274,0.0389277,0.0389278,0.0389312,0.0389274,0.0389274,0.0389312,0.0389274,0.0389471,0.0389277,0.0389314,0.0389274,0.0389274,0.0389879,0.0389279,0.104432,0.0389274
0.0386697,0.040522,0.0386701,0.0386698,0.0386699,0.0408102,0.0386799,0.102028,0.0386697,0.0432002,0.03867,0.0386699,0.0386697,0.0386717,0.0386736,0.0386704,0.0386957,0.0386699,0.0386701,0.0386699,0.0386698,0.0386702,0.0386698,0.0386702
0.0568541,0.038157,0.0384077,0.0381405,0.0381413,0.0381403,0.0381965,0.0381403,0.0381406,0.038178,0.0381419,0.0381403,0.0382166,0.0381403,0.0381454,0.0381642,0.0381404,0.0381405,0.0381404,0.0381405,0.103569,0.0381437,0.0381405,0.0381404
0.037796,0.0372882,0.0372985,0.0372852,0.037287,0.0372852,0.0373167,0.0372852,0.0372852,0.037291,0.037297,0.0372852,0.0377016,0.0372852,0.0372994,0.0372861,0.0372928,0.0372853,0.100576,0.0372926,0.0781217,0.0372881,0.0372852,0.0372852
0.0386412,0.0386412,0.0417538,0.0386412,0.0418794,0.0386412,0.104878,0.0386412,0.0386438,0.0386412,0.0386455,0.0386412,0.0386412,0.0386412,0.0386493,0.0386483,0.0386412,0.0386412,0.0386413,0.0386413,0.0386417,0.0386412,0.0386421,0.0386412
0.0387877,0.0387885,0.0387877,0.0388063,0.0388747,0.0395246,0.0387878,0.105436,0.0387877,0.0398428,0.0387998,0.0387883,0.0387877,0.0387881,0.0388339,0.0387877,0.0389354,0.0387887,0.0391168,0.0387877,0.0387877,0.0387978,0.0387885,0.0387882
0.0388806,0.0388807,0.0388806,0.0388806,0.0388871,0.0388806,0.0388827,0.0388806,0.0388806,0.0389017,0.0388836,0.0388806,0.0388806,0.0388806,0.0388958,0.0388808,0.105678,0.038881,0.0388838,0.0388806,0.0388824,0.0388806,0.0388953,0.0388806
0.0388501,0.0388494,0.0388489,0.0390506,0.0388526,0.0388489,0.0389494,0.0388491,0.0388657,0.0388489,0.0392645,0.0388493,0.0388752,0.0388489,0.0388489,0.0388536,0.0388495,0.0389361,0.0388489,0.0388552,0.0388504,0.0388562,0.105601,0.0388489
0.0386358,0.0386359,0.0446724,0.0386359,0.0387233,0.0386405,0.0388421,0.0386358,0.105005,0.0386358,0.0386358,0.0386479,0.0386495,0.0386359,0.0386426,0.0386371,0.0386362,0.0386359,0.0386361,0.0386359,0.0386364,0.0386358,0.0386359,0.0386358
0.0915523,0.0365923,0.0365962,0.0366747,0.0365923,0.0365926,0.0371792,0.0365924,0.0365923,0.0366772,0.0372253,0.0365923,0.037464,0.0365923,0.036593,0.037213,0.0371055,0.036717,0.0994541,0.0365923,0.0365926,0.0366402,0.0369827,0.0365939
0.0386354,0.038636,0.0386354,0.0386354,0.0386518,0.0386354,0.0386488,0.0386354,0.0386374,0.0386354,0.0386354,0.0386354,0.104199,0.0386354,0.0386402,0.0386356,0.0457658,0.0386354,0.0386532,0.0386354,0.0386358,0.0386356,0.0386364,0.0386354
0.0388458,0.0388419,0.0388424,0.038842,0.038842,0.0388737,0.0389672,0.0388422,0.0388789,0.0388434,0.0388438,0.105472,0.0388419,0.038842,0.0396512,0.0388419,0.0388419,0.0389362,0.0388419,0.0388419,0.0388622,0.0388723,0.038849,0.0388419
0.0389196,0.0388832,0.0388898,0.0389032,0.0388791,0.0388794,0.0388791,0.0388811,0.0388791,0.105676,0.0388795,0.0388791,0.0388791,0.0388981,0.0388794,0.0388791,0.0388791,0.0388793,0.0388792,0.0388791,0.0388815,0.0388795,0.0388791,0.0388791
0.037901,0.037901,0.0380069,0.037901,0.0720183,0.0386196,0.0932531,0.037901,0.0379059,0.037901,0.037901,0.0379022,0.0379047,0.037901,0.0379672,0.0379055,0.0379018,0.037901,0.037901,0.0379012,0.0379013,0.037901,0.037901,0.0379011
0.0388766,0.0388765,0.0389143,0.0388763,0.0388763,0.0388763,0.105674,0.0388833,0.0388763,0.0389565,0.0388887,0.0388763,0.0388763,0.0388763,0.0388764,0.0388999,0.0388822,0.0388776,0.0388763,0.0388763,0.0388764,0.0388787,0.0388764,0.0388763
0.0388859,0.105513,0.038886,0.0388861,0.0388881,0.0389171,0.0388885,0.0388861,0.0388859,0.0388869,0.0388861,0.038886,0.0388859,0.0388859,0.0388869,0.0388861,0.038886,0.0389381,0.0388859,0.0388903,0.0388969,0.0388911,0.0388859,0.0388859
0.102419,0.0388594,0.0388591,0.0389344,0.038859,0.038859,0.038859,0.038859,0.0388597,0.0391551,0.0388594,0.0422738,0.0388591,0.0388591,0.03886,0.0388592,0.0388592,0.038859,0.0388591,0.038859,0.0388613,0.0388635,0.0388857,0.0388597
0.0388813,0.0388814,0.0388813,0.0388813,0.0388813,0.0394401,0.0388813,0.0388814,0.0388813,0.0388822,0.0388844,0.0388878,0.0388813,0.0389048,0.0388822,0.0388957,0.0388826,0.0388814,0.0388815,0.0389918,0.0388813,0.0388862,0.0388814,0.105005
0.0389112,0.0389093,0.0391754,0.0389093,0.0389093,0.0389098,0.0389094,0.0389093,0.0389099,0.0389102,0.104769,0.0389093,0.0389094,0.0389539,0.0389096,0.0389094,0.0389094,0.0389093,0.0389094,0.0389093,0.0389093,0.0389093,0.0389102,0.0389104
0.0388778,0.0388736,0.0388737,0.0388738,0.0390229,0.0388739,0.0388736,0.0388737,0.0388741,0.0388745,0.0388736,0.0388736,0.0389444,0.0388756,0.0388823,0.0388738,0.0388783,0.0388736,0.105661,0.0388736,0.0388736,0.0388736,0.0388771,0.0388736
0.0388728,0.0388742,0.0388729,0.038874,0.0388735,0.0390594,0.0388728,0.105667,0.0388728,0.0388758,0.0388773,0.0388731,0.0388728,0.0388731,0.0388794,0.0388728,0.0389218,0.0388728,0.0388768,0.0388728,0.0388728,0.038874,0.0388728,0.0388729
0.037649,0.0376496,0.0376491,0.0376496,0.037649,0.0387691,0.0376509,0.0376517,0.0376494,0.0376491,0.0376491,0.0386033,0.037649,0.0376491,0.037649,0.0681171,0.0376491,0.0376543,0.03765,0.100229,0.037649,0.0380217,0.0376492,0.0385642
0.0393689,0.0393748,0.0393689,0.0393689,0.0393836,0.0393689,0.0393856,0.039378,0.0393689,0.0393689,0.0888954,0.0393689,0.0393689,0.0393689,0.0449293,0.0393689,0.0393694,0.0393689,0.03938,0.0393689,0.0393689,0.0393689,0.0393709,0.0393689
0.0387748,0.0387766,0.038774,0.0548944,0.0387741,0.0387989,0.0387737,0.0387737,0.0396657,0.0387738,0.0387737,0.0387767,0.0387737,0.0910864,0.0387737,0.0388236,0.0387737,0.0387737,0.0387905,0.0387745,0.0387737,0.0387738,0.0387789,0.0387737
0.0388662,0.0388664,0.0388664,0.0388672,0.0388695,0.038905,0.0388683,0.0388662,0.0388706,0.0388674,0.0388663,0.0388662,0.0388662,0.0388662,0.0388662,0.105647,0.0388662,0.0388662,0.0389673,0.0391412,0.0388663,0.0388678,0.0388664,0.0388675
0.0388866,0.0388865,0.0388866,0.0388866,0.0388905,0.0388889,0.0388866,0.0388865,0.0389071,0.0388866,0.0388868,0.105428,0.0388865,0.0388874,0.0388886,0.0388866,0.0388865,0.0388888,0.0388865,0.0388882,0.0388865,0.0388879,0.0390328,0.0388865
0.038867,0.0388615,0.0388609,0.0388656,0.0388607,0.0388607,0.0388607,0.0388607,0.0388644,0.0388619,0.0388611,0.0388607,0.0388607,0.105611,0.0388607,0.0389977,0.0388607,0.0388607,0.0388619,0.0388621,0.0388607,0.0388607,0.0388626,0.0392944
0.0391139,0.0391568,0.0391111,0.0391111,0.0391529,0.0391113,0.0391112,0.0391115,0.0391216,0.0406852,0.0391433,0.0982369,0.0391111,0.0395961,0.0391131,0.0391112,0.0391119,0.0391112,0.0391111,0.0391111,0.0391168,0.0391111,0.0391142,0.0391142
0.0383874,0.0383875,0.0383874,0.0383874,0.0383884,0.0479875,0.0383884,0.0383976,0.0384594,0.0383875,0.0385913,0.104345,0.0383875,0.0383874,0.0384412,0.0383874,0.0384571,0.0384108,0.0383874,0.0383874,0.0383874,0.0383885,0.0410958,0.0383875
0.0388365,0.0388343,0.0388428,0.0388368,0.0388343,0.0388933,0.0394086,0.0390072,0.0388343,0.105562,0.0388343,0.038835,0.0388343,0.0388343,0.0388639,0.0391821,0.0388348,0.0388365,0.0388343,0.0388343,0.0388551,0.0388564,0.0388395,0.0388348
0.0388688,0.038869,0.0388689,0.0388688,0.0389559,0.038869,0.0388693,0.0388726,0.0388776,0.0388688,0.0388693,0.0388711,0.0388689,0.0388688,0.105655,0.0388689,0.0391227,0.0388716,0.0388689,0.0388688,0.0388689,0.0388688,0.0388707,0.0388688
0.0386019,0.0386013,0.0386063,0.038601,0.0433579,0.0386011,0.0386012,0.0386011,0.0388332,0.038601,0.104834,0.038601,0.0387134,0.0386155,0.038601,0.038601,0.0386022,0.038601,0.0408119,0.038601,0.038601,0.038601,0.0386089,0.038601
0.0416984,0.0388274,0.038829,0.0388364,0.0388275,0.0388274,0.0388274,0.0388274,0.0388274,0.0388367,0.0388274,0.0388276,0.0388274,0.0388274,0.0388296,0.0388299,0.0388275,0.0388322,0.0388277,0.0388274,0.103954,0.0388889,0.0388802,0.0388274
0.0388548,0.039213,0.0388548,0.0388549,0.0391158,0.0388548,0.0388549,0.0388549,0.0388641,0.0388549,0.0388586,0.0388548,0.0388574,0.0388548,0.0389492,0.038855,0.105605,0.0388548,0.0388561,0.0388548,0.0388574,0.0388548,0.0388548,0.038855
0.0388679,0.0388761,0.0388679,0.0388679,0.0388799,0.0388679,0.0388701,0.0388682,0.0398034,0.0388679,0.0388681,0.0388679,0.104387,0.0388679,0.0388679,0.038868,0.0395234,0.0388679,0.0388681,0.0388679,0.0389048,0.0388681,0.038868,0.0388679
0.0388809,0.0388807,0.105666,0.0388866,0.0388807,0.038881,0.0388808,0.0388805,0.0388944,0.0388805,0.0388806,0.0388805,0.0388806,0.0388805,0.038881,0.0388848,0.0388806,0.0388808,0.0389346,0.0388806,0.0388814,0.0388806,0.0388805,0.0388805
0.038872,0.0388721,0.0388721,0.038872,0.038872,0.105589,0.0388722,0.0390745,0.038872,0.0388828,0.0388723,0.038872,0.038872,0.0388877,0.0388721,0.0388729,0.038872,0.038872,0.038875,0.038872,0.038872,0.0389914,0.0388725,0.0388731
0.0389007,0.0389007,0.0389424,0.0389007,0.0389024,0.0389007,0.0390098,0.0389007,0.0389095,0.0389008,0.0391757,0.0389007,0.0389012,0.0389008,0.104818,0.0389009,0.0389276,0.0389019,0.0389007,0.0389007,0.0389016,0.0389007,0.0389007,0.0389007
0.0371631,0.0371617,0.0371596,0.0371603,0.0371596,0.0371602,0.0371599,0.0371599,0.0371596,0.100007,0.0371596,0.0371622,0.0371596,0.0371596,0.0371638,0.03716,0.0371607,0.0371622,0.0371596,0.0371596,0.0732182,0.0464046,0.0371597,0.0371596
0.0388603,0.0389456,0.0388681,0.0388633,0.0388607,0.0390727,0.0388599,0.038863,0.0388599,0.0388609,0.0388602,0.0389788,0.0388599,0.0388683,0.0388601,0.0389382,0.0388737,0.038862,0.03886,0.038911,0.0388601,0.0388614,0.0388599,0.105632
0.0388722,0.0409941,0.0388732,0.0388924,0.0388742,0.0388723,0.038872,0.038872,0.038872,0.038872,0.0388727,0.0388743,0.038872,0.0388807,0.0388719,0.0388733,0.0388719,0.038872,0.0388721,0.103734,0.0388734,0.038874,0.0389168,0.0388747
0.0388448,0.0388442,0.0388442,0.0388495,0.0388442,0.0388689,0.0388475,0.0388575,0.0388442,0.105588,0.0388662,0.0390433,0.0388442,0.0388442,0.0388487,0.0388557,0.0388446,0.0388498,0.0388442,0.0388442,0.0388456,0.0395482,0.0388443,0.0388442
0.0387071,0.0387071,0.0387075,0.0387071,0.038724,0.0430279,0.0387072,0.0387071,0.038708,0.0387079,0.0387074,0.0389306,0.0387071,0.0387071,0.105116,0.0387072,0.0387075,0.0387075,0.0387082,0.0387071,0.038761,0.0387077,0.0387072,0.0387071
0.0388439,0.0388485,0.038844,0.0388444,0.0388974,0.0388444,0.0388446,0.0388465,0.0388441,0.0388441,0.0388452,0.038844,0.038844,0.0388439,0.0398531,0.0388444,0.105491,0.0388446,0.0388442,0.0388439,0.0388444,0.0388444,0.0388671,0.0388439
0.0388437,0.0388784,0.0388518,0.0388761,0.0388438,0.0388456,0.0388441,0.105585,0.0388437,0.0388456,0.0394771,0.0388439,0.0388437,0.0388438,0.038844,0.0388438,0.0390545,0.0388444,0.0389091,0.0388438,0.0388439,0.0388629,0.0388437,0.0388438
0.0388467,0.0388466,0.0388468,0.0388468,0.0388491,0.0388957,0.0388467,0.0388466,0.038848,0.0388491,0.0388465,0.0388466,0.0395351,0.0388466,0.0388476,0.0389877,0.0389014,0.0388465,0.105587,0.0388465,0.0388466,0.0388466,0.0388467,0.0388466
0.0388817,0.038885,0.0388818,0.0388818,0.0388818,0.0389108,0.0388818,0.0388818,0.0388838,0.0388819,0.0388817,0.0388818,0.0388817,0.0388818,0.0388818,0.105664,0.0388881,0.0388823,0.0388837,0.0388915,0.0388818,0.0388839,0.0388818,0.0388818
0.0389554,0.0389339,0.0389339,0.0389339,0.0389339,0.0389339,0.0389348,0.0389339,0.0389339,0.0389342,0.0389339,0.0389534,0.0389396,0.0389339,0.0389362,0.0389341,0.0389344,0.0389344,0.0389339,0.0389339,0.0389723,0.104349,0.0390155,0.0389339
0.0389109,0.0389104,0.0389105,0.0390507,0.0389104,0.0389106,0.0389104,0.0389107,0.0389104,0.0389109,0.0389104,0.0389104,0.0389104,0.0389104,0.0389105,0.0389106,0.0389221,0.0389128,0.0389104,0.0389104,0.0389106,0.104901,0.0389135,0.0389104
0.0388478,0.0388485,0.0388532,0.0388539,0.105591,0.0388478,0.0388479,0.0388513,0.0394596,0.0388478,0.038848,0.0388479,0.0388479,0.0388478,0.0388588,0.0388478,0.0391161,0.0388497,0.0388479,0.0388478,0.0388478,0.0388478,0.038848,0.0388478
0.0372332,0.0372334,0.0372332,0.0372332,0.0372359,0.0372332,0.0372346,0.0372332,0.0833919,0.0372332,0.0372349,0.0372337,0.097386,0.0372332,0.0372332,0.0372334,0.0372895,0.0372332,0.0372398,0.0372332,0.0372333,0.0372341,0.0372545,0.0372332
0.038811,0.0388653,0.0388053,0.0388052,0.0388051,0.0388064,0.0388052,0.0388052,0.0388051,0.0388071,0.0388052,0.0388106,0.0388051,0.0415045,0.0388052,0.0388161,0.0388053,0.038821,0.0388051,0.038806,0.0388051,0.0388061,0.0388051,0.104679
0.0388378,0.0388376,0.0388377,0.0388377,0.0388409,0.0388386,0.0388376,0.0388376,0.10517,0.0388376,0.0388376,0.0388378,0.0389243,0.0395023,0.0388382,0.0389541,0.0388441,0.0388384,0.0388973,0.038838,0.0388376,0.0388377,0.0394617,0.0388378
0.0388878,0.0388782,0.0388782,0.0389272,0.0388782,0.0388804,0.0388782,0.0388787,0.0388782,0.0388835,0.0388783,0.0388843,0.0388872,0.0388782,0.0388782,0.0388784,0.0388783,0.0388786,0.0388788,0.0388783,0.038916,0.10568,0.0388782,0.0388784
0.0387455,0.0405228,0.0387422,0.105266,0.0387293,0.0387293,0.0387293,0.0387377,0.0387293,0.0405625,0.0387294,0.0387293,0.0387293,0.0387301,0.0387293,0.0387293,0.0387297,0.0390215,0.0387294,0.0387293,0.0387308,0.0387303,0.0387293,0.0387296
0.0408178,0.0387862,0.0391985,0.0388011,0.0387858,0.0387858,0.0387927,0.0387872,0.0387872,0.10543,0.0387858,0.0387858,0.0387858,0.038795,0.0387996,0.0387868,0.0387865,0.0387865,0.0387859,0.0387858,0.0387859,0.0387864,0.0387858,0.0387858
0.0388805,0.0388799,0.0388799,0.0388805,0.0389371,0.03888,0.0388833,0.0388799,0.105183,0.0388799,0.0388799,0.0388799,0.039016,0.03888,0.0388802,0.0390102,0.0388885,0.03888,0.0390904,0.0388799,0.0388799,0.0388799,0.0389119,0.0388799
0.0388792,0.0388792,0.105566,0.0388792,0.0388792,0.0388793,0.0388894,0.0388788,0.038883,0.0388788,0.0388792,0.0388789,0.0388791,0.0388788,0.0388788,0.038879,0.0388789,0.0388788,0.0390823,0.0388789,0.0388788,0.0388788,0.0388788,0.0388788
0.039938,0.0797102,0.0400165,0.0399462,0.039942,0.0415368,0.039938,0.0399403,0.0399382,0.039938,0.0399384,0.0399388,0.039938,0.0399382,0.0399382,0.039938,0.039938,0.0399381,0.0399381,0.0399572,0.039938,0.0399403,0.039938,0.0399383
0.0388856,0.0389422,0.0388558,0.0388727,0.0388558,0.0388625,0.0388699,0.0388684,0.0388558,0.104812,0.0388558,0.0388558,0.0388558,0.0388558,0.0388558,0.0389867,0.0388559,0.0388559,0.0388613,0.0388558,0.0388564,0.040056,0.0388559,0.0388558
0.0387826,0.0387867,0.0387832,0.0387892,0.105419,0.0387826,0.0387827,0.0387834,0.0387828,0.0387826,0.0387951,0.0387838,0.0387845,0.0387848,0.0387826,0.0387826,0.0387834,0.0387826,0.0413289,0.0387861,0.0387827,0.0387826,0.0387829,0.0387826
0.0388674,0.0388589,0.0388589,0.0388609,0.0388589,0.0388603,0.038859,0.0388598,0.0388589,0.0388631,0.038859,0.0388622,0.038859,0.0393958,0.0388602,0.0388906,0.038859,0.0388815,0.0388589,0.0388616,0.0388589,0.0388604,0.0388593,0.105628
0.0388831,0.038883,0.105646,0.0388831,0.0389002,0.0388833,0.038883,0.038883,0.0388925,0.038883,0.0388987,0.038883,0.038883,0.0388832,0.0388836,0.038883,0.038883,0.038883,0.038884,0.0388833,0.0388832,0.038883,0.038883,0.038883
0.0388439,0.0396892,0.0388513,0.0388437,0.0388492,0.0388437,0.0388443,0.0388438,0.0388439,0.0388437,0.105471,0.0388438,0.0388439,0.0388437,0.0388437,0.0388437,0.0388442,0.0388439,0.0388613,0.038844,0.0388437,0.0388437,0.0390892,0.0388437
0.0387808,0.0387667,0.0387669,0.0416093,0.0387667,0.0387684,0.0387667,0.0387667,0.0387667,0.0387698,0.0387667,0.0387729,0.0387678,0.0387667,0.0387667,0.0387668,0.0387667,0.0387873,0.038767,0.0387729,0.0389255,0.10531,0.0387667,0.0387681
0.0390021,0.0390065,0.0390021,0.0390022,0.0390037,0.039009,0.0390022,0.0390031,0.0390021,0.0390022,0.0390686,0.0390234,0.0390021,0.0625513,0.0390021,0.0390038,0.0390021,0.0390022,0.0390021,0.0791808,0.0390021,0.0390021,0.0390578,0.0390644
0.0388946,0.0389602,0.0388946,0.0388948,0.0388947,0.0388962,0.0388946,0.0389016,0.038926,0.0388946,0.0389014,0.0388951,0.0388946,0.0389192,0.0388946,0.0388946,0.0388946,0.0389009,0.0388991,0.105266,0.0388982,0.0388999,0.0388946,0.0388947
0.0399065,0.0399511,0.0433992,0.0399139,0.0783264,0.0401508,0.0399066,0.0399065,0.0399066,0.0399066,0.0399066,0.0399084,0.0399065,0.0399069,0.0399065,0.0399066,0.0399065,0.0399065,0.0399346,0.0399066,0.0399102,0.0399065,0.0399066,0.0399066
0.0390063,0.039071,0.039007,0.039183,0.0390067,0.0390063,0.0390062,0.0390063,0.0390078,0.0390063,0.0390063,0.0390063,0.0390062,0.102014,0.0390062,0.0391251,0.0390063,0.0390063,0.0390065,0.0390064,0.0390062,0.0390066,0.0390306,0.0394598
0.0386993,0.038701,0.0386995,0.0386992,0.0386993,0.0387051,0.0386992,0.0386992,0.0387146,0.0386994,0.0386994,0.0386993,0.0386992,0.0387,0.0386992,0.105036,0.0386992,0.0386993,0.038703,0.0435451,0.0386994,0.0386996,0.0386994,0.0387065
0.0388866,0.0388843,0.0388843,0.0388843,0.0388843,0.0388843,0.0388844,0.0388878,0.0388843,0.105547,0.0388843,0.0388916,0.0388843,0.0388959,0.038956,0.0388843,0.0388843,0.0388856,0.0388843,0.0388843,0.0388843,0.0388844,0.0389007,0.0388843
0.038256,0.0382957,0.0383147,0.0546387,0.0382537,0.0382538,0.0382537,0.0382549,0.0382697,0.0382629,0.0382537,0.0382537,0.0382537,0.10361,0.0382537,0.0382584,0.0382538,0.0382705,0.0382538,0.0382538,0.0382537,0.038254,0.0382537,0.0382692
0.038144,0.0388291,0.0381441,0.03815,0.0381485,0.0381488,0.0381444,0.103429,0.038144,0.038144,0.041496,0.038144,0.038144,0.0381464,0.0381489,0.038144,0.0530153,0.0381445,0.0384655,0.038144,0.038144,0.0381461,0.038144,0.0381474
0.0391251,0.0391294,0.0391258,0.039324,0.039123,0.0391231,0.039123,0.039123,0.039123,0.0391668,0.0391313,0.0391235,0.039123,0.0391231,0.0391235,0.039123,0.0391233,0.0997918,0.039123,0.039123,0.0391272,0.0391241,0.039123,0.0392311
0.0387131,0.0387076,0.0391248,0.0387551,0.0387076,0.0387076,0.0387107,0.0388526,0.0387083,0.105209,0.0387081,0.0387082,0.0387076,0.0387428,0.0387914,0.0387077,0.0387113,0.0424805,0.0387076,0.0387076,0.0387078,0.0387076,0.0387077,0.0387076
0.0403643,0.040362,0.0403931,0.0596564,0.040362,0.0403621,0.040362,0.0403621,0.0403736,0.040518,0.040362,0.0403625,0.040362,0.0518598,0.040362,0.0403658,0.040362,0.040626,0.0403637,0.0403803,0.040362,0.0403622,0.040392,0.040362
0.0387898,0.0387877,0.0399343,0.105431,0.0387872,0.0387874,0.0387872,0.0387873,0.0387891,0.0388811,0.0387872,0.0387873,0.0387872,0.0399486,0.0387872,0.0388233,0.0387873,0.0387971,0.0387901,0.0387894,0.0387875,0.0387905,0.0387873,0.0387875
0.0374032,0.0374017,0.037401,0.0374012,0.0374012,0.037401,0.037401,0.0374011,0.037401,0.037401,0.0374076,0.0374012,0.037401,0.101277,0.037401,0.037401,0.037401,0.0374011,0.037401,0.0375871,0.037401,0.037401,0.0374017,0.0757038
0.0367089,0.0367094,0.0367089,0.0423194,0.0378289,0.0367088,0.0367088,0.0367905,0.0369379,0.0367088,0.0367735,0.0367088,0.0866804,0.0367088,0.0367089,0.0367089,0.0369798,0.0367088,0.0982972,0.0367088,0.0367567,0.0367112,0.0367089,0.0367088
0.0367115,0.0367114,0.0367116,0.0367114,0.0367114,0.0367149,0.0990441,0.0367123,0.0367115,0.0367961,0.0367117,0.0367708,0.0367114,0.0367115,0.0367114,0.0367573,0.0367114,0.0367115,0.0367121,0.0371839,0.0367116,0.0368872,0.0924605,0.0367114
0.0397675,0.0397765,0.0397675,0.0397677,0.0397677,0.08531,0.0397733,0.0397677,0.0397676,0.0397676,0.0397675,0.0397728,0.0397675,0.0397675,0.0397675,0.0397734,0.0397678,0.0397675,0.0397675,0.0397676,0.0397683,0.0397712,0.0397678,0.0397729
0.0386726,0.0386279,0.0385386,0.0385291,0.0444882,0.038529,0.104461,0.038529,0.0385421,0.0385291,0.038531,0.038529,0.0415293,0.038529,0.038529,0.0386075,0.0385337,0.038529,0.0385317,0.038529,0.0385809,0.0385291,0.0385298,0.038535
0.0389971,0.0389971,0.0389971,0.0389971,0.0389971,0.0390038,0.0389972,0.0389982,0.0389984,0.0465028,0.0389972,0.0953378,0.0389971,0.0390013,0.0392001,0.0389971,0.0389971,0.0390031,0.0389971,0.0389971,0.0389973,0.0389973,0.0389973,0.0389971
0.0383224,0.0383225,0.0383223,0.0383226,0.0383223,0.0388437,0.0383223,0.0383224,0.0383226,0.0383224,0.038323,0.0383374,0.0383223,0.0536975,0.0383223,0.0383235,0.0383223,0.0383224,0.0383238,0.102536,0.0383223,0.0383224,0.0383223,0.0384565
0.0382024,0.0382027,0.0382082,0.0382024,0.0383358,0.038307,0.101197,0.0398024,0.0382025,0.0382025,0.0382034,0.0494757,0.0382025,0.0382025,0.0382025,0.0382078,0.0382025,0.0382025,0.0382076,0.0451253,0.0382026,0.0382391,0.03826,0.0382027
0.0387164,0.0387183,0.0387166,0.0387166,0.0388117,0.0387425,0.0387164,0.0387169,0.0387171,0.0387164,0.0387165,0.0387627,0.0387164,0.0405045,0.0387164,0.0410959,0.0387164,0.0387179,0.0387171,0.105047,0.0387164,0.0387166,0.0387824,0.0387845
0.038871,0.0388684,0.0388684,0.0388685,0.038874,0.0388684,0.0388684,0.0388684,0.0389092,0.0388698,0.039307,0.038869,0.0388684,0.0388695,0.0388707,0.0388687,0.0388906,0.0389227,0.0388684,0.0388684,0.038875,0.0388719,0.105447,0.0388684
0.0387965,0.0387996,0.0387972,0.0387966,0.0387966,0.0387965,0.0406473,0.0387967,0.0387974,0.0387967,0.03928,0.0387966,0.0388008,0.0387965,0.038798,0.0387968,0.10515,0.0389751,0.0387965,0.0387965,0.0388022,0.0387967,0.0387965,0.0387966
0.0388769,0.105672,0.0388771,0.0389946,0.0388804,0.0388776,0.0388769,0.0388774,0.0388781,0.038877,0.0389112,0.0388769,0.0388769,0.0388769,0.0388769,0.0388769,0.0388771,0.0388769,0.0388769,0.0388774,0.0388772,0.0388772,0.0388769,0.038877
0.038786,0.0387865,0.038786,0.0387861,0.038786,0.0388084,0.0387862,0.0387871,0.0387862,0.0387921,0.0387862,0.038786,0.038786,0.0387863,0.0387861,0.105402,0.0387912,0.0387902,0.0388004,0.0412413,0.0387861,0.0387951,0.0387861,0.0387864
0.0388409,0.0388409,0.0388411,0.0388419,0.0388408,0.0390133,0.0388408,0.0388415,0.0388408,0.0388409,0.0388408,0.0388449,0.0388508,0.0388408,0.038841,0.038844,0.0388408,0.0388532,0.038981,0.0396736,0.0388416,0.105482,0.0388408,0.0388409
0.0388597,0.0388586,0.0388699,0.0388586,0.0388586,0.0388586,0.0388587,0.0388821,0.0388586,0.105621,0.0388602,0.0388586,0.0388586,0.0394213,0.0388789,0.0388651,0.0388594,0.0388588,0.038862,0.0388586,0.0388586,0.0388586,0.0388586,0.0388586
0.0388846,0.0388843,0.0388843,0.0388843,0.0388843,0.0388853,0.0388843,0.0388854,0.0388843,0.0388845,0.0388843,0.0388844,0.0388844,0.038885,0.0388843,0.0388843,0.0388843,0.0388843,0.0388924,0.0388874,0.0388923,0.105636,0.0388849,0.0388862
0.0387977,0.0387974,0.0387975,0.0387975,0.0387975,0.0387976,0.041721,0.0387976,0.0388031,0.0388218,0.038798,0.0388221,0.0387975,0.0387975,0.0404681,0.0387976,0.0388,0.0388353,0.0387974,0.0387974,0.0388232,0.0388141,0.102926,0.0387974
0.0383269,0.0383267,0.0383265,0.0383265,0.0383266,0.0383286,0.0387818,0.038329,0.0383265,0.039108,0.0383269,0.0383265,0.0383268,0.0383265,0.0512064,0.0383304,0.104114,0.0383322,0.0383534,0.0383265,0.038328,0.0384559,0.0384127,0.0383265
0.0396887,0.0396932,0.0396888,0.0396888,0.0396888,0.0396892,0.0396887,0.0396886,0.039701,0.0396886,0.0396952,0.0397201,0.0867079,0.0396886,0.0396887,0.039691,0.0396909,0.0396886,0.0397215,0.0396888,0.0396938,0.03969,0.0400419,0.0396886
0.0388927,0.0389141,0.0388927,0.0388927,0.0389017,0.039068,0.0388927,0.0388971,0.039053,0.0388927,0.0389053,0.104949,0.0388948,0.0388927,0.0388941,0.0388928,0.03899,0.0388927,0.0388927,0.0388929,0.0388927,0.038894,0.0389235,0.0388955
0.038804,0.0388037,0.0388035,0.0388035,0.0388061,0.0388104,0.0388035,0.0388038,0.0388083,0.0388206,0.0388688,0.105469,0.0388035,0.0388164,0.0388082,0.0388035,0.0388035,0.0388109,0.0388035,0.040698,0.0388036,0.0388036,0.0388333,0.0388067
0.0394349,0.0388065,0.0400303,0.0388064,0.0388064,0.0388064,0.0388066,0.0388064,0.0388064,0.0388473,0.0388065,0.0388064,0.038819,0.0388064,0.0388391,0.0388116,0.0388066,0.0388089,0.0388064,0.0388064,0.105484,0.0388256,0.0388096,0.0388064
0.0376697,0.0688295,0.0376703,0.102393,0.0376703,0.0376697,0.0376697,0.037671,0.0376704,0.0376905,0.0376697,0.0376698,0.0376697,0.0376703,0.0376697,0.0376736,0.0376703,0.0376744,0.0376715,0.0376698,0.0376777,0.0376699,0.0376697,0.0376697
0.0387699,0.0387623,0.0387659,0.038819,0.0387621,0.0387621,0.0388721,0.038765,0.0387621,0.0392616,0.038763,0.0409536,0.0387621,0.0387621,0.0387621,0.0387621,0.0387623,0.105362,0.0387621,0.0387627,0.038901,0.0388594,0.0387621,0.0387621
0.0383515,0.0384101,0.0384013,0.0383926,0.0386626,0.0383578,0.0383512,0.0383512,0.0383577,0.0384211,0.0383513,0.0383624,0.0383512,0.100391,0.0383512,0.0403681,0.0383512,0.038352,0.0383565,0.0402391,0.0383513,0.0383512,0.038352,0.0514142
0.0388415,0.0388421,0.0388427,0.0388415,0.0388742,0.0388416,0.0388416,0.0388415,0.0388416,0.0388416,0.0398611,0.0388422,0.0388436,0.0388415,0.0388436,0.0388417,0.105577,0.0388416,0.038847,0.0388415,0.0388445,0.0388416,0.0388416,0.0388415
0.0388644,0.0390433,0.0389709,0.0388644,0.0388654,0.105644,0.0388648,0.0388743,0.0388695,0.0388666,0.0388644,0.0388661,0.0388644,0.0388652,0.0388833,0.038999,0.0388644,0.0388644,0.0388728,0.038865,0.0388652,0.0388651,0.0388644,0.0388681
0.0388751,0.0388753,0.105548,0.0388751,0.038918,0.0390592,0.0388751,0.0388751,0.0388898,0.0388752,0.0388752,0.0388751,0.0388751,0.0389499,0.0388752,0.0388752,0.0388751,0.0388751,0.038882,0.0388752,0.0388752,0.0388751,0.0388751,0.0388751
0.0368284,0.0368293,0.0368283,0.0368529,0.03683,0.0368287,0.0368283,0.0368283,0.0988789,0.0368283,0.0368283,0.0368283,0.0368297,0.0368292,0.0368283,0.0493773,0.0368283,0.0368283,0.0783126,0.0368329,0.0368283,0.0368288,0.0368298,0.0368283
0.0398598,0.0398491,0.0398504,0.0398707,0.0398495,0.0398488,0.0398488,0.0398488,0.0829532,0.0398488,0.0398488,0.0398488,0.0399025,0.0398489,0.0398488,0.0399004,0.0398688,0.0398537,0.0402022,0.0398492,0.0398488,0.0398508,0.0398515,0.0398488
0.0372348,0.037234,0.0372341,0.0372341,0.037234,0.0372341,0.037234,0.0372389,0.037234,0.0372397,0.0372423,0.0372363,0.037234,0.0922836,0.0372348,0.0372354,0.037234,0.0372343,0.037234,0.0372419,0.037234,0.0372341,0.0372392,0.0885304
0.0388596,0.0388607,0.0388623,0.0388596,0.105631,0.0388881,0.0388628,0.0388606,0.0388611,0.0388596,0.0388983,0.0388597,0.0388633,0.0392212,0.0388648,0.0388596,0.0388596,0.0388596,0.0390091,0.0388603,0.0388601,0.0388596,0.0388597,0.0388596
0.0398535,0.0398798,0.0398569,0.0399363,0.0398556,0.0398752,0.0398535,0.0398552,0.0398535,0.0398544,0.0398535,0.039854,0.0398535,0.045466,0.0398535,0.0400035,0.0398535,0.0398536,0.039884,0.0774207,0.0398539,0.0398555,0.0398545,0.0398661
0.0392145,0.0388589,0.0388565,0.038857,0.0388589,0.0388565,0.0388643,0.0388565,0.0388566,0.038859,0.0388569,0.0388565,0.0391254,0.0388565,0.0388636,0.0388573,0.0388571,0.0388565,0.0388583,0.0388566,0.105546,0.0388857,0.0389282,0.0388565
0.038787,0.038786,0.038786,0.038786,0.0387918,0.0388162,0.0387868,0.0387928,0.0402487,0.0387862,0.0387979,0.105322,0.038786,0.0388066,0.0390422,0.0387883,0.0387884,0.0394023,0.038786,0.0387915,0.0389116,0.038794,0.0387881,0.0388276
0.0387611,0.0387612,0.0392336,0.0387612,0.0387612,0.105364,0.0387613,0.0387704,0.0387618,0.0387666,0.0387611,0.0387621,0.0387611,0.0387665,0.0387619,0.0405663,0.0387612,0.0387612,0.0387664,0.0387621,0.0387612,0.039584,0.0387612,0.0387615
0.0384838,0.0384957,0.0484154,0.0384838,0.0384841,0.104396,0.0384839,0.0384851,0.0384995,0.0385215,0.0384838,0.038485,0.0384838,0.0384868,0.0385007,0.03893,0.0384888,0.0384845,0.0384839,0.0384882,0.0384838,0.0384839,0.038484,0.0384839
0.0392199,0.038763,0.0387645,0.0416025,0.0387629,0.0387629,0.0387629,0.0387642,0.0387629,0.105117,0.0387629,0.038763,0.0387629,0.0387631,0.0387656,0.0387629,0.0387632,0.0387769,0.0387629,0.0387629,0.038777,0.0387676,0.0387629,0.0387632
0.0510777,0.0374812,0.0374738,0.0374734,0.0374734,0.0374734,0.0374843,0.0374735,0.0374757,0.0374734,0.0374872,0.0374736,0.0375539,0.0374735,0.0374737,0.0374735,0.0374737,0.0600274,0.0374735,0.101724,0.0375196,0.0375303,0.0374735,0.0374823
0.0390388,0.0390382,0.100228,0.039111,0.0390725,0.039039,0.0390382,0.0390382,0.039244,0.0390382,0.0390382,0.0390382,0.0390389,0.0390469,0.0390382,0.0390481,0.0390382,0.0390382,0.0405421,0.0390382,0.0390921,0.0390382,0.0390403,0.0390382
0.0391571,0.0389384,0.0389385,0.0389398,0.0389384,0.0389385,0.038942,0.0389384,0.0389384,0.0390636,0.0389385,0.0414503,0.0389384,0.0389384,0.0389384,0.0389688,0.0389386,0.0389873,0.0389384,0.0389394,0.0389875,0.101377,0.0389882,0.0389384
0.0387723,0.0387723,0.0387733,0.0389654,0.0387723,0.0388499,0.0387723,0.0387741,0.0387723,0.038779,0.0387723,0.0387754,0.0387723,0.0387723,0.0387724,0.0387736,0.0387731,0.038774,0.0387777,0.0387744,0.0413233,0.105391,0.0387723,0.0387723
0.0388945,0.0388942,0.0388942,0.0388942,0.038965,0.0390652,0.104631,0.0388942,0.0388944,0.0388963,0.0388942,0.0388943,0.0389278,0.0388943,0.0389002,0.0394008,0.0388944,0.0388942,0.0388942,0.0388943,0.0388943,0.0388942,0.0389058,0.0388942
0.038877,0.0388738,0.039042,0.0389546,0.0388741,0.038872,0.0388721,0.038872,0.105658,0.038872,0.038872,0.0388725,0.0388892,0.038872,0.038872,0.038873,0.0388727,0.0388732,0.0388721,0.038872,0.0388757,0.038872,0.0388723,0.038872
0.0381089,0.0381082,0.0381082,0.0381085,0.0381108,0.0381081,0.0381124,0.0381081,0.0381087,0.0381081,0.0381081,0.0381081,0.103058,0.0381081,0.0381082,0.0381124,0.0382765,0.0381081,0.0583775,0.0381081,0.0381093,0.0381089,0.0381106,0.0381083
0.0386529,0.0386576,0.0386531,0.0386529,0.0386529,0.0414471,0.0386529,0.0386531,0.0386529,0.0386531,0.0386538,0.0386799,0.0386529,0.0386661,0.0386535,0.0386578,0.0386532,0.038653,0.0386648,0.0417292,0.038653,0.0386764,0.0386532,0.105025
0.0403966,0.0403966,0.0403966,0.0404027,0.0403977,0.0404028,0.0403966,0.0403967,0.0403967,0.0403966,0.0403967,0.0403968,0.0403966,0.0701861,0.0403966,0.0404038,0.0403966,0.0403966,0.0403992,0.0404007,0.0403966,0.0403966,0.0409462,0.0405116
0.038874,0.0388835,0.0392342,0.038873,0.0388724,0.0388753,0.0388724,0.0388724,0.0388724,0.0388726,0.0388728,0.0388724,0.0388736,0.0388724,0.0388726,0.0388726,0.0388806,0.0388724,0.105441,0.0388724,0.0388758,0.0389741,0.0388724,0.0388724
0.0388684,0.0388632,0.039098,0.0388633,0.0388681,0.0388633,0.0388649,0.0388631,0.0388694,0.0388641,0.0388631,0.0388632,0.105599,0.0388632,0.0388634,0.0388634,0.0388632,0.0388631,0.0390149,0.0388631,0.0390057,0.0388631,0.0388631,0.0388631
0.0388705,0.0388704,0.0388764,0.0389102,0.0388704,0.0388704,0.0388739,0.0388789,0.0388704,0.0388704,0.0388706,0.0388704,0.038885,0.0388704,0.0388708,0.0388722,0.105617,0.0389042,0.038871,0.0388704,0.0388704,0.0391251,0.0388704,0.0388704
0.0388476,0.0388478,0.0388476,0.0388533,0.0388486,0.0388483,0.0388502,0.0397309,0.0388476,0.0388476,0.0388502,0.0388477,0.0388494,0.0388476,0.038848,0.038848,0.105553,0.0388476,0.0388999,0.0388476,0.0388476,0.038848,0.0388477,0.0388479
0.0388685,0.0390572,0.0388685,0.0388685,0.0388708,0.0388689,0.0388792,0.0388875,0.0388685,0.0388685,0.0388711,0.0389278,0.0388685,0.0388685,0.0388685,0.0388726,0.0388685,0.0389312,0.0388685,0.105654,0.0388687,0.0388802,0.0388686,0.0388773
0.0388911,0.0388761,0.0388761,0.0388761,0.0388761,0.0388761,0.0388763,0.0388763,0.0388761,0.0388763,0.0388761,0.0388812,0.0388775,0.0388761,0.0388763,0.0388764,0.0388761,0.0388907,0.0388761,0.0388766,0.0388776,0.10565,0.0390371,0.0388761
0.0387528,0.038748,0.0387542,0.0387492,0.038748,0.0387809,0.0387502,0.0389042,0.038748,0.105308,0.0387492,0.0387489,0.038748,0.0387484,0.0393866,0.0387523,0.0387498,0.0395858,0.038748,0.038748,0.0387506,0.0387516,0.038748,0.0405411
0.0389046,0.0388744,0.0390956,0.038879,0.0388751,0.0388745,0.0388743,0.0388743,0.0388745,0.0388772,0.0388743,0.0388745,0.0388743,0.0388743,0.0388751,0.0388771,0.0388744,0.0388757,0.0388743,0.0388775,0.105556,0.0388939,0.0389204,0.0388743
0.0387973,0.0387974,0.0387973,0.0387973,0.0387975,0.0389698,0.0387987,0.0389396,0.0387985,0.0387973,0.040551,0.105453,0.0387973,0.0387973,0.0388092,0.0387973,0.0387991,0.0387975,0.0387974,0.0387973,0.0387973,0.0388119,0.0389062,0.0387974
0.0389654,0.0388772,0.0388772,0.0388798,0.0388776,0.0388772,0.0388772,0.0388772,0.0388773,0.0388774,0.0389051,0.0390773,0.0388785,0.0388772,0.0388773,0.0388773,0.0388772,0.0388772,0.0389176,0.0388774,0.0388774,0.0388896,0.105449,0.0388779
0.104071,0.0387982,0.0387982,0.0388727,0.0387983,0.0387982,0.0387982,0.0387982,0.0388003,0.0387985,0.0387982,0.0387982,0.0388122,0.0387982,0.0387985,0.0387985,0.0387983,0.038809,0.0387986,0.0387982,0.0388164,0.0388077,0.0422375,0.0387989
0.0395639,0.0395655,0.0395639,0.0395639,0.0395655,0.0395639,0.0395639,0.0395639,0.0395639,0.0395639,0.0395642,0.0395679,0.0886438,0.0395639,0.039564,0.0395639,0.0395678,0.0395639,0.0395905,0.0395642,0.0404554,0.0398876,0.039697,0.0395639
0.0388131,0.0388163,0.0388131,0.0388254,0.0388131,0.0388174,0.0388132,0.105504,0.0388131,0.0388154,0.0388223,0.0388132,0.0388131,0.0388131,0.0388137,0.0388131,0.0405542,0.0388186,0.0388258,0.0388131,0.0388132,0.0388163,0.0388131,0.0388133
0.0395381,0.0384704,0.0384905,0.0395243,0.0384681,0.0384682,0.038468,0.038468,0.0384705,0.0385161,0.0384686,0.0387815,0.0384687,0.0384683,0.038468,0.0393474,0.0384775,0.104378,0.0384683,0.0385932,0.0388614,0.0389207,0.0384681,0.0449477
0.0389989,0.0389992,0.0399014,0.0389989,0.102023,0.0390887,0.0389992,0.0389989,0.038999,0.0389989,0.0389989,0.0389989,0.0389989,0.0389993,0.0389992,0.0389989,0.0390018,0.0389989,0.0390047,0.038999,0.038999,0.0389989,0.0389989,0.0389989
0.0390485,0.0390485,0.0390485,0.0390494,0.0390488,0.101776,0.0390485,0.0390828,0.0390497,0.0390485,0.0390485,0.0390824,0.0390485,0.0390489,0.0390485,0.0390706,0.0390485,0.0390485,0.0390486,0.0390614,0.0390485,0.0390495,0.0390485,0.0390502
0.0388457,0.0388458,0.0388464,0.0388458,0.0388457,0.105581,0.0388482,0.0388747,0.0388479,0.0388464,0.0388457,0.0395849,0.0388457,0.0388475,0.0388471,0.0388466,0.0388462,0.0388457,0.0388458,0.0388457,0.0388457,0.0390058,0.0388678,0.0388529
0.0386364,0.038743,0.0386365,0.040499,0.038637,0.104967,0.0386364,0.042244,0.0386364,0.0386364,0.0386364,0.0386375,0.0386364,0.0386364,0.0386364,0.038637,0.0386364,0.0386364,0.0386427,0.0386365,0.0386364,0.0394462,0.0386364,0.0386365
0.0415729,0.0415802,0.0415724,0.0415725,0.0415754,0.0415816,0.0415724,0.0415724,0.0415724,0.0415777,0.0415724,0.0415725,0.0415724,0.0415724,0.041583,0.0415758,0.0415725,0.0437558,0.0415724,0.041575,0.0415746,0.0415747,0.0415724,0.0416043
0.0388747,0.0388748,0.0388749,0.0388748,0.0388747,0.0389739,0.0388764,0.0388747,0.0390074,0.038875,0.0388747,0.0388748,0.0388747,0.0388748,0.0388747,0.105632,0.0388747,0.0388747,0.0388815,0.038875,0.0388747,0.0388751,0.038881,0.0388763
0.0380263,0.0380456,0.0401331,0.0380263,0.0989858,0.0504521,0.0380336,0.0380263,0.0380263,0.0380265,0.0380313,0.0380268,0.0380263,0.0381625,0.0380263,0.0380263,0.0380263,0.0380263,0.0497314,0.0380297,0.0380263,0.0380263,0.0380263,0.0380263
0.0388303,0.0388399,0.0388288,0.0388288,0.0388308,0.0388289,0.038838,0.0388288,0.105413,0.0388288,0.038829,0.0388289,0.0390117,0.0388288,0.0388289,0.0397499,0.038997,0.0388333,0.0388288,0.0388289,0.0389141,0.0388288,0.0389665,0.0388295
0.0387768,0.0387773,0.0413282,0.0387785,0.0387775,0.105406,0.0387769,0.0387769,0.0387771,0.0387769,0.0387768,0.0387772,0.0387768,0.0387769,0.0387774,0.0389412,0.0387769,0.0387797,0.0387769,0.0387774,0.0387772,0.0387803,0.0387768,0.0387769
0.0388433,0.0388436,0.0388922,0.104981,0.0388434,0.0388438,0.0388432,0.0388432,0.0388451,0.0388441,0.0388438,0.0388481,0.0388432,0.0403143,0.0388432,0.0388432,0.0388432,0.0389175,0.0388432,0.0388443,0.0388432,0.0388432,0.0388632,0.0388434
0.0406943,0.0388231,0.0388282,0.0388243,0.0388231,0.038823,0.0388234,0.038823,0.0388231,0.0388518,0.0388231,0.0388231,0.0388232,0.038823,0.0388243,0.038828,0.0388233,0.0388232,0.0388231,0.038823,0.10515,0.038824,0.038828,0.038823
0.0388796,0.0388826,0.0388796,0.0388999,0.0388938,0.0388797,0.0388796,0.0388805,0.0388797,0.0388802,0.0389397,0.0388796,0.0388796,0.0388796,0.0388827,0.0388797,0.105614,0.0388796,0.0388796,0.0388796,0.0388806,0.0388797,0.0388824,0.0389286
0.038736,0.0387357,0.0387356,0.0387357,0.0387357,0.0387358,0.0387356,0.0387399,0.0387357,0.0387357,0.0387447,0.0396759,0.0387357,0.0387412,0.0387699,0.0387358,0.0387357,0.0387366,0.0387357,0.0422708,0.0387357,0.0387381,0.0387365,0.104546
0.0388599,0.0388538,0.0389086,0.038861,0.0388534,0.0388539,0.0388534,0.0388535,0.0388534,0.0388538,0.0388552,0.0388534,0.0388534,0.104657,0.0388566,0.0388536,0.0388534,0.0388538,0.0388535,0.0388803,0.0388534,0.0388563,0.0388535,0.0404616
0.038797,0.0387986,0.038797,0.0387974,0.0388022,0.0387981,0.0387972,0.0388274,0.038797,0.038797,0.038801,0.038798,0.0390416,0.038797,0.0388117,0.0387971,0.105395,0.0387971,0.0407671,0.038797,0.0387971,0.0387972,0.0387971,0.0387972
0.0394876,0.0391751,0.0391334,0.0396097,0.0391333,0.0391332,0.0391332,0.0391333,0.0391357,0.0391335,0.0391978,0.0391608,0.0391337,0.0391354,0.0391332,0.0391461,0.0391346,0.09883,0.0391363,0.0391336,0.0391335,0.0391858,0.0391877,0.0391436
0.0389076,0.104564,0.0389071,0.0389221,0.038907,0.0389071,0.0389095,0.0389077,0.038907,0.0389149,0.0389079,0.0389077,0.0389069,0.038907,0.0389069,0.0389197,0.038907,0.0389074,0.0389069,0.0389416,0.0389077,0.038908,0.0389069,0.0394049
0.0388923,0.0388924,0.0388924,0.0388923,0.0388926,0.0389015,0.0388924,0.0388924,0.0388962,0.0388927,0.0388937,0.105451,0.0388934,0.0388923,0.0388932,0.0388925,0.0388924,0.0388923,0.038894,0.0388978,0.0388924,0.0388923,0.038893,0.0388923
