0.0387212,0.0387201,0.0387245,0.0387206,0.0391699,0.0387222,0.0387192,0.0387922,0.0410983,0.0388314,0.039071,0.0387258,0.0387191,0.0387361,0.101801,0.0387219,0.0424728,0.0391434,0.0387203,0.0387191,0.0387214,0.0387193,0.0387238,0.0387856
0.0396784,0.038958,0.0389904,0.038958,0.0389854,0.038958,0.0389884,0.0389578,0.0389586,0.0389598,0.0389996,0.0389578,0.0389674,0.0389578,0.0391869,0.0389677,0.0389682,0.0389604,0.0391676,0.0389578,0.102471,0.0391278,0.0389599,0.0389578
0.038715,0.0387267,0.0387213,0.0413568,0.0387185,0.038796,0.0387142,0.038725,0.0387169,0.0387161,0.0387189,0.0387177,0.0387146,0.104145,0.0387142,0.0387239,0.0387142,0.0387188,0.0387152,0.0405775,0.0387143,0.0387142,0.0387154,0.0394897
0.0408649,0.0408689,0.0408603,0.0408606,0.0408668,0.0408603,0.0408629,0.0408605,0.0593863,0.0408642,0.0408604,0.0408603,0.0408956,0.0408614,0.0408621,0.0408997,0.0409611,0.0408602,0.0409091,0.0408602,0.0408606,0.0408631,0.0414301,0.0408606
0.0381785,0.038176,0.0385685,0.0381689,0.0381689,0.0383928,0.0506117,0.0381692,0.0416042,0.0390617,0.0381688,0.0381708,0.0381787,0.0381691,0.0381742,0.103694,0.038172,0.0381732,0.0381689,0.0383705,0.0381698,0.0384296,0.0381704,0.0386892
0.0382169,0.0381888,0.0381541,0.0548519,0.0381454,0.038145,0.0381589,0.0381485,0.0381451,0.0381474,0.038158,0.0381474,0.038145,0.0381697,0.0381449,0.0384616,0.0381625,0.102676,0.0381463,0.0389559,0.0381466,0.038219,0.0399943,0.0381714
0.0389173,0.038866,0.0391098,0.038858,0.039062,0.0388588,0.0388672,0.0388574,0.0389993,0.0388575,0.0390888,0.0388789,0.105216,0.0388647,0.0388577,0.0388966,0.0388577,0.0388574,0.03892,0.038859,0.0388724,0.0388586,0.0388602,0.0388581
0.0385553,0.0385642,0.0402281,0.0385549,0.0386192,0.0385552,0.038568,0.0385609,0.0385552,0.0385555,0.104221,0.0385756,0.0385549,0.0385554,0.0457166,0.038555,0.0385593,0.0385558,0.0385567,0.0385556,0.0385611,0.0385566,0.0386026,0.0385574
0.0387975,0.0386653,0.038861,0.0386649,0.0386586,0.0387242,0.0386563,0.0387209,0.0386879,0.0386791,0.0388294,0.104638,0.0386562,0.0386804,0.0416052,0.0386645,0.0386563,0.041086,0.0386562,0.0386811,0.0386576,0.038751,0.0386642,0.0386586
0.0388957,0.0388592,0.038886,0.0392083,0.038861,0.0388909,0.038866,0.0388602,0.0388592,0.0388608,0.038868,0.0388601,0.0392442,0.0388593,0.0388679,0.0388598,0.0389401,0.0388641,0.105279,0.0388592,0.0388635,0.0388661,0.0388592,0.0388622
0.0389473,0.0389461,0.0389528,0.0389455,0.0389676,0.0395857,0.0391117,0.0389455,0.0389625,0.0389457,0.0389455,0.0389458,0.0389701,0.0389456,0.0389462,0.103166,0.0389455,0.0389455,0.0389488,0.0391404,0.0389467,0.0389475,0.0389457,0.0389496
0.0399932,0.0388345,0.0391775,0.0388348,0.0388368,0.0388363,0.0388359,0.0388345,0.0388383,0.0388352,0.0388351,0.038835,0.0389689,0.0388345,0.0388395,0.0388458,0.0388348,0.0388345,0.0388484,0.0388345,0.104299,0.0396624,0.0388365,0.0388345
0.0384255,0.0388475,0.0384257,0.0384252,0.0384291,0.0384254,0.10426,0.0407969,0.0385025,0.0453959,0.0384349,0.0384252,0.038856,0.0384252,0.0393784,0.0384383,0.0388885,0.0384276,0.0384258,0.0384252,0.0384267,0.0384613,0.0386269,0.0384264
0.0386233,0.0384487,0.0459103,0.038451,0.0384485,0.0384483,0.0386008,0.0384483,0.0384624,0.038459,0.0384595,0.0384483,0.0384504,0.0384487,0.0384615,0.0384671,0.0386755,0.0384594,0.0384483,0.0384484,0.0448594,0.0384508,0.101173,0.0384491
0.0387073,0.0412109,0.0387078,0.0387078,0.0387108,0.0390293,0.0387088,0.105148,0.0387079,0.0394934,0.0387082,0.0387224,0.0387073,0.0387123,0.039183,0.0387079,0.0389687,0.0387142,0.0387195,0.0388311,0.0387086,0.0387262,0.0387074,0.0387519
0.0449839,0.0382893,0.0483385,0.0382809,0.0382818,0.0382809,0.0384372,0.0382809,0.0382889,0.0382822,0.0382853,0.0382809,0.038532,0.0382809,0.0383222,0.0387375,0.0382813,0.0382819,0.0382826,0.0382827,0.10183,0.0382911,0.0382834,0.0382836
0.0386832,0.0384456,0.0385162,0.0384487,0.0384443,0.0384453,0.0384683,0.0384446,0.0384443,0.0385913,0.0384597,0.0384443,0.041446,0.0384444,0.0386001,0.0384637,0.0384492,0.0384596,0.104433,0.0384457,0.0460835,0.0384461,0.0384443,0.0384487
0.038519,0.0385171,0.0387079,0.0385124,0.0493895,0.0385545,0.102456,0.038512,0.0385216,0.0385147,0.0385238,0.0385135,0.0385331,0.0385119,0.0386029,0.038833,0.0385125,0.0385144,0.0385264,0.0385126,0.0385443,0.0385127,0.0386423,0.0385119
0.0386934,0.0387219,0.0386934,0.0404959,0.0386951,0.0389502,0.0386937,0.105158,0.0386933,0.039626,0.0387009,0.0386936,0.0386934,0.0387042,0.0387405,0.0386989,0.0389137,0.0387176,0.0400658,0.0386946,0.0386957,0.0388689,0.0386938,0.0386974
0.038794,0.0387938,0.0387927,0.038819,0.0387932,0.0387926,0.0390043,0.038803,0.0388063,0.0388023,0.0387979,0.0387927,0.0387938,0.0387926,0.0394608,0.0387932,0.10457,0.0387964,0.0388013,0.0387926,0.0391651,0.0387947,0.040655,0.0387927
0.038911,0.0387598,0.0387595,0.0393863,0.0387513,0.0387444,0.0406283,0.0387444,0.0387667,0.0387531,0.0387811,0.0387447,0.0390082,0.0388709,0.0387447,0.0391232,0.0387464,0.0387686,0.0387467,0.0387453,0.0387459,0.0387459,0.105279,0.0387444
0.0385657,0.0385773,0.0429782,0.0385653,0.0387264,0.0386307,0.0386254,0.0385657,0.104787,0.038567,0.0385658,0.0386099,0.0385827,0.0385655,0.0416024,0.0385772,0.0386101,0.0385653,0.0386089,0.0385656,0.0388607,0.038566,0.0385656,0.0385654
0.0467606,0.0359645,0.0361975,0.0361509,0.0359646,0.0359877,0.0556102,0.0359653,0.0359645,0.0364714,0.0429155,0.0359645,0.0365393,0.0360225,0.0359664,0.0399082,0.035988,0.0683026,0.0974529,0.0359645,0.0359711,0.036019,0.0359773,0.0359711
0.0389341,0.0389359,0.0389515,0.0389343,0.0392876,0.0389375,0.0389737,0.0389341,0.038942,0.0389341,0.0389346,0.0389341,0.102782,0.0389371,0.0389522,0.0389352,0.0392681,0.038934,0.039722,0.0389347,0.0389876,0.0389374,0.0390417,0.0389343
0.0383137,0.0382665,0.0383507,0.0382667,0.038266,0.0389078,0.0382727,0.0382765,0.0383584,0.0382816,0.0382769,0.10234,0.0382658,0.0382918,0.0539397,0.0382971,0.0382658,0.0385009,0.0382657,0.0382751,0.0383641,0.0387842,0.0383067,0.0382658
0.0386228,0.0386455,0.0388108,0.0460929,0.0385726,0.038575,0.038574,0.0386106,0.0385726,0.104557,0.0385734,0.0385727,0.0385726,0.0388047,0.0385798,0.038573,0.0385726,0.0386036,0.0386424,0.0385727,0.0385791,0.0385736,0.0385731,0.0385731
0.0365947,0.0365949,0.0371239,0.0365947,0.0550852,0.0788041,0.0967565,0.0366054,0.0366238,0.0365947,0.0366054,0.0366449,0.036624,0.0365955,0.0366215,0.0366077,0.0366172,0.0365953,0.0366177,0.0366893,0.0365978,0.0366132,0.0365962,0.0365963
0.0388151,0.0390162,0.0388431,0.0388093,0.0388072,0.0388143,0.105488,0.0389665,0.0388086,0.0392795,0.0388078,0.038807,0.0388277,0.038807,0.0388145,0.0388347,0.0389726,0.0392953,0.0389231,0.038809,0.038823,0.0389083,0.0389128,0.0388097
0.0387778,0.105203,0.0387939,0.0387931,0.0387939,0.0388424,0.038939,0.0388423,0.0387789,0.0388789,0.0387767,0.040542,0.0387767,0.0387769,0.0388219,0.0387948,0.0387768,0.0392754,0.0387767,0.0389053,0.038783,0.0387913,0.0387768,0.0387829
0.103906,0.0387541,0.0387731,0.039043,0.0387526,0.0387526,0.0387526,0.0387527,0.0387576,0.0390923,0.0391905,0.0408089,0.0387545,0.0387603,0.0387635,0.0387567,0.0387531,0.0387539,0.0387817,0.0387529,0.0392354,0.0390706,0.0394172,0.0388639
0.0387319,0.0387337,0.0387331,0.038732,0.0387306,0.0391703,0.0387306,0.0387518,0.0387308,0.0388997,0.0387373,0.0394942,0.0387307,0.0392979,0.0387354,0.0390613,0.0387347,0.0387413,0.0387354,0.0407011,0.0387354,0.0389275,0.0387307,0.104692
0.0391342,0.038833,0.0393502,0.0388334,0.0388382,0.0388317,0.0388324,0.0388329,0.0388367,0.0388336,0.105372,0.038832,0.0388444,0.0391273,0.0389656,0.0388335,0.0388409,0.0388387,0.0388864,0.0388315,0.0388317,0.0388315,0.038859,0.038949
0.0384599,0.0383336,0.0383543,0.0387084,0.0393262,0.0383551,0.0383336,0.0383338,0.0383393,0.0383541,0.0383401,0.0383336,0.0507711,0.0384466,0.0383375,0.0383346,0.0383593,0.0383337,0.104172,0.0383335,0.0383336,0.0383336,0.0383361,0.0383366
0.0388231,0.038935,0.0388312,0.0389068,0.0388285,0.0397039,0.0388232,0.105508,0.0388231,0.0389446,0.0388308,0.0388294,0.0388231,0.0388346,0.0388782,0.0388232,0.0389849,0.0388245,0.0388337,0.0388269,0.0388296,0.0389019,0.0388231,0.0388289
0.0377619,0.0377944,0.0377626,0.0377845,0.0377642,0.0418546,0.0377628,0.0377766,0.0377903,0.0377621,0.0377619,0.038319,0.0377643,0.0377852,0.0377619,0.062454,0.0377619,0.0377661,0.0377623,0.101201,0.0377625,0.0385164,0.0377882,0.0377816
0.0372868,0.037283,0.0373456,0.0372771,0.0375742,0.0372772,0.0373082,0.0373122,0.0372774,0.0372784,0.0989717,0.0372779,0.0372776,0.0372804,0.0795676,0.0372773,0.037294,0.03729,0.0381442,0.0372771,0.0372781,0.0372772,0.0372893,0.0372775
0.0374481,0.0374392,0.0375262,0.0747152,0.0374166,0.0395991,0.0374156,0.0374158,0.0374366,0.0374212,0.0374162,0.0374623,0.0374617,0.0993886,0.0374156,0.0376788,0.0374156,0.0374164,0.0374163,0.0374273,0.0374156,0.0374195,0.0374168,0.0374157
0.038407,0.0384065,0.0384086,0.0384076,0.0384263,0.0385115,0.0384243,0.0384063,0.0384466,0.0384068,0.0384066,0.0384089,0.0384065,0.0384065,0.0384064,0.104366,0.0384077,0.0384074,0.0384063,0.0502356,0.0384165,0.0384198,0.0384144,0.03864
0.0391918,0.0387698,0.0389372,0.0387653,0.038807,0.0393504,0.0387725,0.0387669,0.0391211,0.038767,0.0390835,0.103553,0.0387653,0.0402121,0.0390881,0.0389005,0.0387651,0.0396018,0.0387652,0.0387764,0.0387653,0.0389245,0.0387838,0.0387666
0.0388957,0.0389578,0.0386817,0.0388678,0.0386829,0.0386937,0.0386797,0.0386816,0.0386908,0.0386967,0.0388099,0.0386968,0.039012,0.105027,0.0386789,0.0389365,0.038679,0.0386983,0.0387326,0.0387307,0.038679,0.0386811,0.0386854,0.0424244
0.0379817,0.0479313,0.0379034,0.0378997,0.0383754,0.0379034,0.0378998,0.0378998,0.04396,0.0425241,0.0379097,0.102775,0.0378997,0.0379217,0.0388222,0.0379145,0.0379001,0.0379008,0.0378997,0.0379,0.0383125,0.0379007,0.0379012,0.0407636
0.0384383,0.0384407,0.0384385,0.0384384,0.038444,0.0388332,0.0385906,0.0384613,0.046661,0.0384426,0.0392147,0.104358,0.0384464,0.0384396,0.0385378,0.0384398,0.0387918,0.0384394,0.0384383,0.0384972,0.0384407,0.0390592,0.0392251,0.0384834
0.0387989,0.0387893,0.0387892,0.0388335,0.0387887,0.0389922,0.0388723,0.0388513,0.0387897,0.105429,0.0387887,0.0388653,0.0387887,0.038791,0.0388554,0.0394462,0.0387892,0.0389527,0.0387896,0.0387888,0.0389681,0.0396106,0.0388343,0.0387977
0.0388002,0.0388024,0.0388039,0.0387999,0.0388955,0.0388008,0.0388589,0.0389012,0.0391499,0.0388123,0.0388864,0.0388257,0.0388001,0.0388,0.105445,0.0388,0.0401808,0.0388016,0.0388007,0.0387999,0.0388014,0.0388,0.0388332,0.0388002
0.0381545,0.038011,0.0384357,0.0380111,0.0516712,0.0380108,0.0380124,0.0380121,0.0380403,0.0380121,0.103217,0.0380151,0.0399687,0.0382608,0.0380111,0.0380176,0.0380363,0.0380125,0.0413668,0.0380111,0.0380116,0.0380109,0.040641,0.0380479
0.0744717,0.0375305,0.0375568,0.0382216,0.0375315,0.0375298,0.0375323,0.0375298,0.0375555,0.0376244,0.0375301,0.0375304,0.0375312,0.0375298,0.0375434,0.0375354,0.037538,0.0376016,0.0375397,0.0375298,0.0956468,0.0379662,0.0403638,0.0375298
0.0386357,0.0386384,0.0386378,0.0386356,0.0386695,0.0386355,0.0386361,0.0386398,0.0386764,0.0386412,0.0413957,0.0386379,0.0386932,0.0386355,0.0407582,0.0386368,0.104477,0.0386359,0.038795,0.0386355,0.0396906,0.0386358,0.0386405,0.0392864
0.0388078,0.0388542,0.0388103,0.0388098,0.0399629,0.0388081,0.038833,0.038808,0.0391299,0.0388078,0.038822,0.0388129,0.104225,0.038808,0.03881,0.0388141,0.0400262,0.0388078,0.0388089,0.0388558,0.0391038,0.0388162,0.0388488,0.0388088
0.038874,0.0388714,0.105541,0.0390305,0.0388747,0.0388912,0.0388754,0.0388713,0.0390114,0.0388716,0.0388715,0.0388714,0.0388728,0.0388714,0.0388721,0.0388721,0.0388726,0.0388744,0.0389163,0.0388716,0.0388995,0.0388725,0.0388782,0.0388713
0.0381057,0.0381109,0.0381462,0.0381113,0.0381058,0.103129,0.0381181,0.0428119,0.0381057,0.0381354,0.0381059,0.0381068,0.0381074,0.0510262,0.0381122,0.0381189,0.0381056,0.0381062,0.0391574,0.0381524,0.038106,0.0396962,0.0381056,0.0381133
0.0388461,0.0388637,0.0395692,0.0388454,0.0389109,0.0388455,0.0389926,0.0388467,0.0392807,0.0389109,0.0391104,0.0388506,0.0388473,0.0388458,0.104775,0.0388456,0.038866,0.0388475,0.0388463,0.0388455,0.0388688,0.0388455,0.0388473,0.0388467
0.0362915,0.0362465,0.0362489,0.0362554,0.0362454,0.0364606,0.0362541,0.0362618,0.0362501,0.09782,0.0362454,0.0365253,0.0362454,0.0362465,0.0362903,0.0363007,0.0362455,0.0364254,0.0362469,0.036246,0.0904662,0.0496898,0.036247,0.0362455
0.03881,0.0392659,0.0388208,0.0388416,0.0388462,0.0388473,0.0388094,0.0388101,0.0388119,0.0388112,0.0388365,0.039253,0.0388095,0.0388598,0.0388094,0.0392545,0.0388706,0.0388142,0.0388095,0.0390886,0.0388101,0.0388098,0.0388095,0.10549
0.03799,0.0641444,0.0380943,0.0396882,0.0380051,0.0379909,0.0379876,0.0379928,0.037988,0.0379879,0.0379879,0.0380025,0.0379993,0.0395722,0.0379876,0.0380008,0.0379876,0.0379887,0.0379897,0.0964957,0.037995,0.0380031,0.0380771,0.0380437
0.0388711,0.0388015,0.0388011,0.0390276,0.0388006,0.0388107,0.0388043,0.0388537,0.038804,0.105458,0.0388019,0.0391377,0.0388007,0.0388013,0.0388412,0.0391109,0.0388018,0.0389737,0.0388015,0.0388007,0.0389668,0.0395165,0.038802,0.0388108
0.0387072,0.0387078,0.038759,0.0387074,0.0387197,0.0394624,0.0387115,0.0387594,0.038709,0.0387466,0.0387098,0.0387355,0.0387071,0.0387073,0.10505,0.0387074,0.0388385,0.0387164,0.0387161,0.0387071,0.0422781,0.0387212,0.0387085,0.0387071
0.0375372,0.0375495,0.0375404,0.0375453,0.037539,0.0375406,0.0375579,0.0375768,0.0378661,0.0375468,0.0375421,0.0375425,0.0375375,0.0375372,0.0703005,0.037706,0.101775,0.0375459,0.0375391,0.0375372,0.0377191,0.0375556,0.0388251,0.0375379
0.0383642,0.0383832,0.0383831,0.0383817,0.0383661,0.0389609,0.0383659,0.104266,0.0383643,0.0383979,0.039343,0.0383655,0.0383645,0.0384056,0.0383869,0.0383643,0.0390928,0.0384448,0.0487213,0.0383693,0.0383716,0.0388085,0.0383642,0.0383644
0.0388001,0.0387996,0.038803,0.038807,0.0388455,0.0388029,0.0389449,0.0387998,0.0388036,0.0388082,0.0388001,0.0387995,0.0392351,0.0387995,0.0387997,0.0388136,0.0407192,0.0388001,0.104934,0.0387996,0.0388139,0.0387998,0.0388312,0.0388396
0.0388363,0.0388356,0.0388366,0.0388344,0.0388347,0.0389854,0.0388381,0.0388352,0.0389055,0.0388349,0.0388359,0.0388392,0.0388349,0.0388422,0.0388382,0.105383,0.038847,0.0389075,0.0388349,0.0396321,0.0388354,0.0389991,0.0388437,0.0389505
0.0388706,0.038824,0.0388263,0.0388266,0.038824,0.0388243,0.0388681,0.038835,0.0389212,0.0403607,0.0388242,0.0388526,0.0388775,0.0388242,0.0388391,0.0388259,0.0388317,0.0388293,0.038824,0.0388247,0.0402809,0.103687,0.0388726,0.0388253
0.0397865,0.0392465,0.0392498,0.0421994,0.0392465,0.0392479,0.0392504,0.0392553,0.0392494,0.0393325,0.0392466,0.0392473,0.0392476,0.0392468,0.0393822,0.0393942,0.0392946,0.039277,0.0392491,0.0392464,0.0392505,0.0932188,0.0393884,0.0392464
0.0388016,0.0388745,0.0388819,0.0389009,0.1054,0.0388064,0.0388017,0.0388024,0.0400647,0.0388015,0.0388685,0.0388401,0.0388026,0.0388063,0.0388188,0.0388017,0.0392781,0.0388031,0.0388017,0.0388022,0.0388016,0.0388016,0.0388354,0.0388028
0.0388565,0.0388566,0.0388621,0.0388563,0.0395932,0.0388594,0.0392242,0.0388562,0.0397807,0.0388562,0.0389195,0.0388727,0.103737,0.038858,0.0388563,0.0388701,0.0388764,0.0388563,0.0391304,0.0388677,0.0388599,0.0389107,0.0389264,0.038857
0.0385011,0.0428862,0.038496,0.0384906,0.0384834,0.038848,0.0384839,0.0384876,0.0384824,0.0385081,0.0385039,0.0395646,0.038482,0.0419492,0.0384843,0.040003,0.0384892,0.0385446,0.038482,0.0384847,0.0384819,0.0384833,0.0384819,0.103898
0.0385776,0.0385767,0.038587,0.0385765,0.0386385,0.0385792,0.0385768,0.0385764,0.104159,0.0385764,0.0385765,0.0385777,0.0398636,0.038606,0.0385765,0.0449587,0.0385928,0.0385765,0.0385789,0.0386191,0.0385768,0.0385766,0.0393181,0.0385778
0.040229,0.0387767,0.0387804,0.0388386,0.0387757,0.0388409,0.0387803,0.0387787,0.0387758,0.0389231,0.038778,0.0392649,0.0391131,0.0387762,0.0387779,0.0387782,0.038776,0.0387765,0.0387761,0.0387761,0.0389894,0.105363,0.038776,0.0387796
0.0387103,0.0417187,0.0388504,0.104972,0.0386867,0.0386872,0.0386866,0.0387432,0.0386872,0.0400484,0.0386873,0.0386872,0.0386866,0.0389221,0.0386868,0.0386869,0.0387315,0.038981,0.0386885,0.0386866,0.0386884,0.0386895,0.0386922,0.0386949
0.0575297,0.038063,0.039909,0.0380202,0.0379941,0.0379943,0.0379959,0.0380094,0.0380082,0.103257,0.0379944,0.0379964,0.0379942,0.0380258,0.0391892,0.0379967,0.0379941,0.0380452,0.038,0.0379941,0.0379986,0.0380002,0.0379942,0.0379956
0.0391754,0.0386616,0.0386583,0.0386661,0.0387421,0.0386574,0.0390563,0.0386572,0.104525,0.0386622,0.0386572,0.0386603,0.0387893,0.0386573,0.0386639,0.038945,0.0414999,0.0386589,0.0387064,0.0386573,0.0386576,0.0386616,0.0406661,0.038658
0.0388758,0.0388695,0.105217,0.0389152,0.0390008,0.0388678,0.0388709,0.0388659,0.03897,0.038867,0.0390469,0.0388666,0.0389311,0.0388755,0.0388694,0.0388665,0.0388665,0.0388675,0.0391451,0.0388666,0.0388672,0.0388659,0.0388786,0.0388668
0.0390548,0.101105,0.0391685,0.0390626,0.0390811,0.0391892,0.0390581,0.0390608,0.0390653,0.0390601,0.0390545,0.0391409,0.0390541,0.0390737,0.03921,0.0390555,0.0390542,0.0390668,0.0390542,0.0390718,0.0390942,0.0390563,0.0390542,0.0390545
0.038847,0.039026,0.0388215,0.0402534,0.0388171,0.0388179,0.038825,0.0388366,0.0388176,0.104641,0.0388171,0.0388172,0.0388172,0.0388221,0.0388185,0.0391957,0.0388173,0.0388572,0.0388232,0.0388181,0.0388448,0.0391979,0.0388327,0.0388177
0.0387788,0.0387796,0.0388034,0.0387792,0.105306,0.0387924,0.0387905,0.0387889,0.0387792,0.0387787,0.0395231,0.0387921,0.0388487,0.0387807,0.0387792,0.0387787,0.0387873,0.0387793,0.0406052,0.038795,0.0387796,0.038813,0.0387809,0.0387807
0.0375454,0.037518,0.0375237,0.0375208,0.0375181,0.0375212,0.0375182,0.0375279,0.0375226,0.037653,0.0376851,0.0375195,0.0375185,0.0710784,0.037518,0.0378862,0.0375327,0.0375494,0.0375792,0.038306,0.037518,0.0375465,0.0375773,0.101816
0.0386929,0.0386988,0.104588,0.0387277,0.0438818,0.0387059,0.0386914,0.0386913,0.038842,0.0386914,0.0387143,0.0386922,0.0386919,0.0387115,0.0387134,0.0386914,0.0386917,0.0386942,0.038728,0.0386918,0.0386923,0.0386913,0.0386933,0.0386913
0.0387171,0.0387403,0.0388206,0.038682,0.0391378,0.0386812,0.0386915,0.0386843,0.0386847,0.0386943,0.103297,0.0387024,0.0386998,0.0387,0.0386839,0.0386825,0.0387095,0.0386997,0.0442969,0.0386815,0.0386812,0.0386812,0.039245,0.0387054
0.0441427,0.0383898,0.0383965,0.038411,0.0383898,0.0383987,0.0383904,0.0383928,0.0383899,0.0386267,0.0384758,0.0389313,0.0384406,0.0383898,0.0383902,0.0383986,0.0383917,0.0386645,0.0385612,0.0384067,0.0439034,0.104316,0.0383901,0.038412
0.0381986,0.0383187,0.0382012,0.03821,0.0382999,0.0382673,0.0382027,0.0382455,0.0382051,0.0381982,0.0382307,0.0382446,0.0382061,0.0746408,0.0381972,0.0382311,0.0381972,0.0382005,0.0381982,0.0828137,0.0381972,0.0382014,0.0382678,0.0398262
0.0385211,0.0397671,0.0385215,0.0385274,0.0385379,0.0388324,0.0385484,0.0431185,0.0393398,0.0385212,0.0385221,0.0385367,0.0389184,0.0398265,0.0385211,0.0385307,0.0385211,0.0385557,0.0385266,0.104646,0.0386186,0.0389866,0.0385312,0.0385233
0.0384548,0.0386145,0.070803,0.0384717,0.0819021,0.0385241,0.0384547,0.0384547,0.0386679,0.0384547,0.0384555,0.0384827,0.0384756,0.0384579,0.0384547,0.0384556,0.0386227,0.0384547,0.0387528,0.038478,0.0386705,0.0384549,0.0384572,0.0385252
0.0384552,0.0401446,0.0384598,0.0450152,0.0384558,0.0385657,0.0384548,0.0384598,0.0384873,0.0384577,0.0384559,0.0384551,0.0384587,0.104234,0.0384547,0.0393428,0.0384565,0.0384616,0.03846,0.0385984,0.0384548,0.0384562,0.0384875,0.0402674
0.0373625,0.0373639,0.0373829,0.0373608,0.0374171,0.0373949,0.0373613,0.0373608,0.0378159,0.0373609,0.0373656,0.0373656,0.0373611,0.0373873,0.0373607,0.0989412,0.0373608,0.0373674,0.0373639,0.0780367,0.0373671,0.0373622,0.0373626,0.0378168
0.0405881,0.038798,0.038797,0.0388017,0.0387961,0.0387963,0.0387972,0.0388048,0.0388844,0.105421,0.0387969,0.0388077,0.0387961,0.0388025,0.039046,0.0388076,0.0387961,0.0388125,0.0388026,0.038796,0.0388148,0.0388242,0.0388027,0.0388095
0.0373286,0.0455506,0.0383208,0.0697382,0.0373267,0.0373376,0.0373267,0.0373627,0.0373507,0.0379409,0.0373267,0.0373326,0.0373268,0.0982649,0.0373267,0.0373424,0.0373267,0.0381644,0.0373278,0.0373618,0.0373268,0.0373281,0.0373273,0.0373338
0.0351614,0.0354261,0.0351699,0.0351762,0.0354403,0.0352013,0.0351689,0.0954614,0.0351619,0.035164,0.0845919,0.0351626,0.0351618,0.0351827,0.0351821,0.0351619,0.0680514,0.0352998,0.0475287,0.0351669,0.0351617,0.0352363,0.0351615,0.0354192
0.0388928,0.0388538,0.0391163,0.0401527,0.0388366,0.0388391,0.0388366,0.0388468,0.0388365,0.0390517,0.0389012,0.0388433,0.0388365,0.0389627,0.0388436,0.0388427,0.0388468,0.0997961,0.0388388,0.0389169,0.0388768,0.0388837,0.0388387,0.0435092
0.0425483,0.0386004,0.0395068,0.039928,0.0385915,0.0385932,0.0385933,0.0387398,0.038598,0.104878,0.0385927,0.0385983,0.0385915,0.0386597,0.0387418,0.0385929,0.0385915,0.0394672,0.0386038,0.0385916,0.0386105,0.0385966,0.0385927,0.0385918
0.0374522,0.0374197,0.0378515,0.0963405,0.0374,0.0374459,0.0374,0.0374022,0.0374034,0.0390569,0.0374,0.0374097,0.0374001,0.078073,0.0374,0.0374035,0.0374,0.0377928,0.0375113,0.0374154,0.0374028,0.0374021,0.0374169,0.0374
0.0378645,0.0379797,0.0390703,0.100609,0.0378618,0.0378642,0.0378618,0.0378643,0.0378701,0.039175,0.0378618,0.0378618,0.0378621,0.0636112,0.0378618,0.0378737,0.0378619,0.0378759,0.0379106,0.0379004,0.0378647,0.0378634,0.0379067,0.0378637
0.0387209,0.038748,0.0387078,0.0387988,0.0387124,0.0387111,0.0386997,0.0387053,0.0387008,0.0387007,0.0387184,0.0387065,0.0387065,0.103467,0.0386997,0.0387039,0.0386998,0.0387069,0.0387083,0.039248,0.0387001,0.0387001,0.0387084,0.0443206
0.0398904,0.0398104,0.0398151,0.0400534,0.0424607,0.0398119,0.0398176,0.0398123,0.0398444,0.0398173,0.0428312,0.039811,0.0571452,0.0398107,0.0398118,0.0398119,0.0398423,0.0398104,0.0605597,0.0398104,0.0401232,0.0398598,0.0398286,0.0398104
0.0400883,0.0400827,0.0400797,0.0401031,0.0400781,0.0400909,0.0668342,0.04008,0.040078,0.0401332,0.0400777,0.0401268,0.0401126,0.0400791,0.0400778,0.0401649,0.0400781,0.0400786,0.0400822,0.0402325,0.0400829,0.0486285,0.0424522,0.040078
0.0399325,0.0408166,0.0399326,0.0399375,0.0400032,0.0780556,0.0408355,0.0399413,0.0399334,0.0399328,0.0399324,0.040632,0.0399432,0.0399331,0.0399328,0.0407986,0.0399331,0.0399325,0.0399326,0.0399344,0.0399429,0.0399352,0.0399328,0.0399631
0.0372492,0.0357865,0.0357758,0.0357884,0.0358432,0.0357756,0.0967635,0.0357748,0.035779,0.0360615,0.035816,0.0357784,0.0961045,0.0357807,0.0357748,0.035944,0.0358592,0.0359509,0.0358135,0.035775,0.0381018,0.0357788,0.0358805,0.0510444
0.0381453,0.0382567,0.0381408,0.0381412,0.0381407,0.0382258,0.0381406,0.0382031,0.0382607,0.0564944,0.0381411,0.10026,0.0381402,0.0413587,0.038481,0.0381433,0.0381402,0.0382208,0.0381404,0.0381506,0.0382136,0.0381752,0.038141,0.0381444
0.037822,0.0378215,0.0378319,0.0379565,0.0378219,0.0432639,0.0378216,0.0383232,0.037826,0.0378272,0.0378216,0.0378673,0.0378252,0.0633734,0.0378213,0.0378234,0.0378213,0.0378216,0.0380046,0.0970916,0.0378215,0.0379214,0.0378215,0.0388483
0.0385547,0.0385739,0.0385641,0.0385547,0.0473286,0.0397348,0.10034,0.0387215,0.038556,0.0385549,0.0385556,0.0400787,0.0388111,0.0385553,0.0385547,0.0385587,0.0385549,0.0385547,0.0385597,0.0393446,0.038555,0.038722,0.0385561,0.0385558
0.038423,0.0385461,0.038425,0.0384967,0.0384651,0.0387382,0.038423,0.0384236,0.0386011,0.038423,0.038423,0.0386155,0.0384234,0.0392798,0.038423,0.0519632,0.0384246,0.0384288,0.0384239,0.100712,0.0384257,0.0384255,0.0384646,0.0386026
0.03964,0.0388171,0.0388218,0.0388227,0.0388834,0.0388169,0.0388186,0.0388193,0.0389489,0.0388503,0.0392482,0.0388185,0.0388195,0.0388176,0.0388505,0.0388178,0.0389316,0.0389689,0.0388172,0.0388169,0.0390005,0.0388195,0.105217,0.038817
0.0387656,0.0389582,0.0387873,0.0387695,0.0387681,0.0387657,0.0388766,0.0387926,0.0388038,0.0387725,0.0388594,0.0387712,0.0387657,0.0387656,0.0412716,0.0387659,0.105015,0.0387962,0.0387658,0.0387656,0.0390695,0.0387714,0.0387674,0.0387898
0.0388315,0.105506,0.0388358,0.0397257,0.0388652,0.0388376,0.0388327,0.038847,0.0389683,0.0388824,0.0388319,0.038867,0.0388312,0.0388481,0.0388406,0.0388736,0.0388321,0.038853,0.0388312,0.038901,0.0388534,0.0388341,0.0388313,0.0388392
0.0380482,0.0380484,0.038049,0.0380501,0.0380467,0.038063,0.0380481,0.0380562,0.0380573,0.038077,0.038048,0.0380469,0.0380466,0.0380599,0.0380469,0.103213,0.0381732,0.0386393,0.0380867,0.057671,0.0380651,0.0382573,0.0380866,0.0390155
0.0386487,0.0386463,0.0386478,0.038646,0.0386465,0.0390166,0.0386462,0.0386669,0.0386476,0.0386537,0.0386707,0.0401865,0.0387197,0.0386993,0.0386479,0.0386579,0.0386461,0.0387764,0.0387897,0.0428342,0.0386798,0.10451,0.0386462,0.038669
0.0388581,0.0387763,0.0388231,0.0387366,0.0387353,0.0387361,0.0387369,0.040512,0.0387657,0.105163,0.0387463,0.038737,0.0387352,0.0390438,0.0402002,0.0387547,0.0387353,0.038782,0.0387373,0.0387353,0.0387364,0.0387375,0.0387353,0.0387412
0.0388386,0.0388289,0.038829,0.0388385,0.0388287,0.0388404,0.0390184,0.0391921,0.0388291,0.0391999,0.0388296,0.0388348,0.0388479,0.0388296,0.0388288,0.038831,0.0388308,0.0388376,0.0388509,0.0388493,0.039318,0.105402,0.0388336,0.0388322
0.0399651,0.0398811,0.0398823,0.0398832,0.0398812,0.0398805,0.0403473,0.0398875,0.039957,0.0399003,0.0399646,0.0398845,0.0398816,0.0398805,0.0402737,0.0398807,0.0398978,0.0398929,0.0398805,0.0398805,0.0400359,0.039892,0.0814088,0.0398805
0.037519,0.03752,0.0375185,0.037519,0.0375207,0.0375186,0.050109,0.037534,0.0375276,0.0375937,0.0375188,0.0375184,0.0375277,0.0375184,0.0603423,0.0375763,0.100543,0.037519,0.037792,0.0375184,0.0376895,0.0375603,0.0379751,0.0375213
0.0399057,0.0399062,0.0399072,0.0399057,0.0399097,0.0399103,0.0399113,0.0399056,0.0399333,0.0399055,0.0415592,0.0399218,0.0760529,0.0399511,0.0399058,0.0399701,0.0404664,0.0399054,0.0402146,0.039925,0.0404303,0.0399275,0.0426659,0.0400036
0.0397539,0.0397792,0.039754,0.0397539,0.0398935,0.0397893,0.0397575,0.0397712,0.041837,0.039754,0.0397931,0.0818492,0.0397723,0.0397538,0.0401169,0.0397682,0.0402033,0.0397538,0.0397539,0.0397597,0.0397541,0.0402972,0.0397545,0.0398267
0.0387811,0.0388034,0.0387646,0.0387623,0.0388534,0.0387746,0.0387628,0.0387622,0.0391348,0.0387922,0.0387775,0.105296,0.0387621,0.0391155,0.0387684,0.0387623,0.0387621,0.0389018,0.038762,0.040181,0.0391397,0.0387859,0.0387998,0.038994
0.0398334,0.038677,0.0424277,0.0386766,0.0386773,0.0386768,0.038688,0.0386765,0.0386807,0.0386917,0.0386805,0.0386766,0.0387146,0.0386765,0.0387911,0.0387732,0.0386776,0.038682,0.0387103,0.0386782,0.105111,0.0387423,0.0387019,0.0386784
0.0379229,0.0632411,0.0378948,0.102874,0.0378919,0.0378894,0.0378869,0.0378924,0.0378899,0.0380483,0.0378869,0.0378877,0.0378869,0.0379538,0.037887,0.0379004,0.0378876,0.0379315,0.0378875,0.0378922,0.0379001,0.0378887,0.0378904,0.0378882
0.0385681,0.0387773,0.0384869,0.0387217,0.0384864,0.038486,0.0385638,0.0385422,0.0384863,0.0397371,0.0384903,0.0458796,0.038486,0.0384896,0.0385051,0.0384875,0.0385187,0.104517,0.038486,0.0385083,0.038512,0.0387436,0.0390326,0.0384883
0.0384911,0.0413638,0.0385769,0.0402356,0.0385287,0.038632,0.0384892,0.03849,0.0384903,0.0385187,0.0384947,0.038491,0.0384892,0.0878422,0.0384891,0.0394624,0.0384892,0.0386521,0.0385576,0.040524,0.0384965,0.0384892,0.0384902,0.0572164
0.038861,0.0388619,0.0388774,0.0388684,0.0389489,0.0388718,0.0388694,0.0388616,0.0389222,0.0388611,0.0388763,0.0388762,0.0388811,0.038861,0.0388852,0.0388909,0.105316,0.0388614,0.0393039,0.038861,0.0388746,0.0388719,0.0388893,0.0389468
0.0385297,0.0385796,0.038549,0.0385298,0.0386556,0.104714,0.0393368,0.0386474,0.0385556,0.0385302,0.0385297,0.0388679,0.0385298,0.0385529,0.0454344,0.0391565,0.0385298,0.0385298,0.0385305,0.0385816,0.0385323,0.038537,0.0385297,0.0385301
0.0388468,0.0390868,0.104837,0.0388506,0.0393205,0.0389822,0.0388467,0.0388467,0.0388962,0.0388483,0.0388483,0.0388516,0.0388473,0.039059,0.0389106,0.0388468,0.0388495,0.0388483,0.0393156,0.0388473,0.0388725,0.0388467,0.0388472,0.0388472
0.037792,0.0377603,0.0377587,0.0377578,0.0377965,0.0377598,0.0377588,0.0377574,0.0985339,0.0377574,0.0377574,0.0377617,0.038159,0.0377581,0.0377574,0.0698949,0.0377766,0.0377574,0.0381348,0.0377659,0.0377574,0.0377591,0.0377661,0.0377615
0.0393298,0.0393727,0.039076,0.0390982,0.0390561,0.0390528,0.0390536,0.0390528,0.100289,0.0390544,0.0390528,0.0390539,0.039588,0.039053,0.0390543,0.0390754,0.0392326,0.0390571,0.039057,0.0390532,0.0390529,0.0390585,0.0391225,0.0390529
0.0371263,0.0371391,0.0371462,0.0371649,0.0371255,0.0371357,0.0371255,0.0372009,0.0371288,0.0372138,0.0371748,0.0371262,0.0371256,0.0965935,0.0371258,0.0377032,0.0371267,0.0371477,0.0371262,0.0379023,0.0371255,0.0371274,0.0371787,0.0849099
0.0388199,0.0388363,0.0389831,0.0388199,0.105513,0.0393655,0.0388208,0.0388242,0.0390566,0.0388199,0.0391465,0.0388418,0.0388432,0.0388362,0.0388422,0.0388199,0.0388203,0.03882,0.0388762,0.0389712,0.0388626,0.03882,0.0388202,0.0388202
0.0385894,0.0386872,0.0386228,0.0388719,0.0385901,0.0387069,0.0385893,0.0386237,0.0385897,0.038595,0.0385895,0.0385907,0.0385949,0.046864,0.0385894,0.0392449,0.0385897,0.0385923,0.0390134,0.0991804,0.0387061,0.0386124,0.0385982,0.0417682
0.0397722,0.0388378,0.0388434,0.038836,0.0388419,0.0388358,0.0388654,0.0388358,0.0388398,0.0388392,0.0388387,0.0388358,0.0394355,0.0388358,0.0388623,0.0388466,0.0388556,0.038836,0.0388884,0.0388358,0.105017,0.038879,0.038847,0.0388392
0.038764,0.0386792,0.0386796,0.0386792,0.0386852,0.0387028,0.0386793,0.0387127,0.0418108,0.0386916,0.0387226,0.104725,0.0386793,0.0389794,0.0391924,0.0386841,0.0386794,0.0389721,0.0386793,0.0390817,0.0387351,0.0391805,0.0387412,0.0388637
0.0373256,0.0373384,0.0373317,0.0373325,0.0373374,0.101435,0.037757,0.0373571,0.0373288,0.0373258,0.0373256,0.0374525,0.0373257,0.0373412,0.0400405,0.0728848,0.0373259,0.0373302,0.0373259,0.0382226,0.0373554,0.0375464,0.0373279,0.0373257
0.0384584,0.0385631,0.0459643,0.0384716,0.0384659,0.104468,0.0384719,0.0385285,0.0388493,0.0384588,0.0384582,0.0385341,0.0384589,0.0390559,0.0385039,0.0405717,0.0384583,0.0384599,0.0384583,0.0384612,0.0384582,0.0384956,0.0384582,0.0384672
0.0399367,0.0385267,0.0384999,0.0467276,0.038491,0.0384911,0.038491,0.0385109,0.0384911,0.103853,0.0384967,0.0384968,0.038491,0.0384927,0.0386056,0.0385119,0.0384969,0.038753,0.038508,0.0384911,0.0388999,0.0385228,0.0384936,0.0387208
0.038289,0.0387513,0.038363,0.0382866,0.0382919,0.0382865,0.0397581,0.0383203,0.0382892,0.0382857,0.0382885,0.0382926,0.0392135,0.0382861,0.0382865,0.0382938,0.0382859,0.0506622,0.0382859,0.103895,0.0383576,0.0383219,0.0382997,0.0383098
0.0390558,0.0387926,0.102136,0.0390048,0.0415637,0.038809,0.0387926,0.0387926,0.0388546,0.0387927,0.038795,0.0387927,0.0389921,0.039525,0.0387926,0.0389197,0.038794,0.0387927,0.0398875,0.0387975,0.0388818,0.0387936,0.0388342,0.0388066
0.0443846,0.0383629,0.0383667,0.041996,0.0383629,0.0384311,0.0383782,0.0383641,0.0383631,0.0384077,0.0383664,0.0392463,0.038363,0.0383752,0.0383629,0.0388955,0.0383914,0.0432223,0.0383735,0.0383711,0.0384076,0.0984531,0.0413837,0.0383707
0.0387444,0.0387031,0.0387089,0.0387489,0.0387029,0.038714,0.0387037,0.0391805,0.0387029,0.0387971,0.0387038,0.038816,0.0387095,0.0387029,0.0387053,0.0387037,0.0387081,0.038833,0.0387165,0.0387679,0.0424052,0.105115,0.0387029,0.0387035
0.0388053,0.0388026,0.0388031,0.0388022,0.0398247,0.0389849,0.105389,0.0388046,0.0388028,0.0388128,0.0388038,0.0388036,0.0390273,0.0388023,0.0388185,0.0393136,0.0388023,0.0388027,0.038906,0.0388182,0.0388025,0.0388065,0.038844,0.0388171
0.0388651,0.0388435,0.0396108,0.0388391,0.0389312,0.0388398,0.0388373,0.0388372,0.105568,0.0388384,0.0388374,0.0388785,0.0388518,0.038838,0.0388515,0.0388844,0.0388525,0.0388372,0.0388379,0.0388372,0.0389675,0.0388387,0.03884,0.0388372
0.0368594,0.0368478,0.0368515,0.0369086,0.0368541,0.0368683,0.0369183,0.0368478,0.0368511,0.0368481,0.036849,0.0368478,0.0998906,0.0368552,0.0368483,0.0368711,0.0394933,0.0368479,0.0864794,0.0368478,0.0368909,0.0368817,0.0368647,0.0368772
0.037804,0.0378348,0.03781,0.0378103,0.0378056,0.0383397,0.0378036,0.0378149,0.0378039,0.0378086,0.0378061,0.0380633,0.0378038,0.0381739,0.0378044,0.0378898,0.0378058,0.0378085,0.037809,0.0644489,0.0378117,0.0378963,0.0378037,0.102439
0.0383536,0.0383978,0.0383985,0.0383925,0.0383593,0.0383598,0.0383534,0.038371,0.0383701,0.0383571,0.038376,0.0383538,0.0383535,0.103614,0.0383534,0.0383833,0.0383535,0.0383558,0.0384096,0.0395216,0.0383534,0.0383535,0.038394,0.0511117
0.0386187,0.0386149,0.0405887,0.038758,0.0386181,0.0386168,0.0386166,0.0386149,0.0386148,0.0386223,0.0386248,0.0386148,0.0387134,0.0386151,0.0386588,0.038615,0.0389083,0.0386329,0.104662,0.0386148,0.043186,0.038621,0.0386346,0.0386149
0.0384126,0.0367605,0.0383095,0.0369781,0.0370638,0.0367712,0.0367642,0.0367599,0.0368233,0.036766,0.036767,0.0367627,0.0990862,0.0367625,0.03676,0.0367638,0.0367607,0.0367599,0.0883298,0.0367599,0.0367944,0.0367638,0.0367605,0.0367599
0.0385115,0.0385117,0.0385264,0.04358,0.0385116,0.0385122,0.0385713,0.0387215,0.0385459,0.0385139,0.0385148,0.0385111,0.0385175,0.038511,0.0386204,0.038524,0.104672,0.0385585,0.0417327,0.038511,0.0385138,0.0387998,0.038992,0.0385154
0.0387773,0.038778,0.0387775,0.038798,0.038966,0.0388056,0.0388464,0.0398071,0.0387791,0.038778,0.0393253,0.0387929,0.0387956,0.0387774,0.0388027,0.0387813,0.105048,0.038778,0.0391461,0.0387773,0.0387776,0.0388011,0.0387797,0.0395038
0.038813,0.0396353,0.0388134,0.0388131,0.0388705,0.0388212,0.038826,0.0389259,0.0388157,0.0388134,0.0388136,0.0389015,0.0388141,0.0388265,0.0388129,0.0388417,0.0388129,0.0389734,0.038813,0.105492,0.0388177,0.0388151,0.0388198,0.039298
0.0393174,0.0388049,0.0388065,0.0388142,0.0388048,0.0388074,0.0388172,0.0388154,0.0388169,0.038907,0.038805,0.0398562,0.0388559,0.0388054,0.0388161,0.0388109,0.0388082,0.0390426,0.0388072,0.0388112,0.0389139,0.105196,0.0389551,0.038805
0.0381413,0.0381278,0.0381334,0.038157,0.0381269,0.0381695,0.0381957,0.0392542,0.0381269,0.10317,0.0381273,0.0381291,0.0381269,0.0381276,0.0381628,0.0389916,0.0381352,0.0404328,0.0381289,0.0381277,0.0381368,0.0386547,0.0381297,0.0529863
0.0388329,0.0387827,0.038792,0.0398446,0.0387827,0.0387813,0.0387836,0.0387772,0.0387913,0.0388831,0.0387774,0.0388202,0.0387777,0.0387771,0.0388058,0.0387894,0.0387956,0.0391726,0.038778,0.0387799,0.105258,0.0392786,0.0393612,0.0387771
0.0378698,0.0379661,0.0378698,0.0378699,0.0378744,0.0379472,0.0379067,0.0381553,0.0379666,0.0378893,0.0599989,0.102666,0.0378839,0.0378705,0.0385894,0.0378701,0.0399528,0.0378743,0.0378699,0.0378706,0.0379012,0.0381309,0.0379127,0.0382938
0.0393284,0.0388592,0.0388612,0.0388998,0.0388628,0.0388592,0.0388596,0.0388592,0.0388706,0.0388641,0.0390769,0.0389285,0.0390455,0.038933,0.0388599,0.0388901,0.0390702,0.0388668,0.0389759,0.0389239,0.0388997,0.0389502,0.104567,0.0388881
0.095541,0.0363978,0.0364006,0.0662653,0.0364022,0.0363977,0.0363982,0.0363977,0.0364375,0.0363991,0.0363984,0.0363978,0.0366926,0.0364071,0.0363993,0.0365202,0.0364001,0.0364494,0.036399,0.0364021,0.0365136,0.0364255,0.0731594,0.0363984
0.0396285,0.0396296,0.0396331,0.0396283,0.0396703,0.0396302,0.0396422,0.0396294,0.0396281,0.0396279,0.0397058,0.0396298,0.0809076,0.0396339,0.0396289,0.039629,0.0409984,0.0396279,0.040397,0.0396493,0.0403407,0.0435848,0.0402384,0.0396811
0.0385602,0.0385635,0.0385654,0.0385727,0.0385613,0.0387194,0.0385613,0.104774,0.0385635,0.0385771,0.0390051,0.038564,0.0385602,0.0385698,0.0385702,0.0385613,0.0411819,0.0386875,0.0431692,0.0385806,0.0385641,0.0388441,0.0385602,0.0385633
0.0481697,0.0385258,0.0385322,0.0391554,0.0384616,0.0384594,0.0384591,0.0384593,0.0385075,0.0385065,0.03853,0.0385371,0.0384594,0.0385241,0.0384593,0.0391801,0.038469,0.102693,0.0386289,0.0386757,0.0387918,0.0384833,0.0384638,0.0388677
0.0388072,0.0388216,0.041003,0.0388071,0.103465,0.0392629,0.0388545,0.0388074,0.0389276,0.0388071,0.0388903,0.038812,0.0388077,0.0388079,0.0388114,0.0388188,0.0388087,0.0388129,0.039275,0.0388727,0.0388088,0.0388071,0.0388071,0.0392968
0.0388238,0.0388262,0.0388248,0.0390014,0.0388371,0.10527,0.0388254,0.0389644,0.0388283,0.0388239,0.0388238,0.0388472,0.038829,0.0395723,0.0388243,0.0394674,0.0388241,0.0388239,0.0388271,0.0388266,0.0388238,0.0388301,0.0388238,0.0388317
0.0384508,0.0384672,0.0384515,0.038451,0.0384537,0.104263,0.0410389,0.0395068,0.0384631,0.0384518,0.0384508,0.0452779,0.0384534,0.0389548,0.0384551,0.0385278,0.0384583,0.0384527,0.0384618,0.0384542,0.0384512,0.0386944,0.0384521,0.0384578
0.0387675,0.038995,0.0387681,0.0404684,0.0388287,0.104803,0.0388459,0.0394451,0.0387691,0.0387675,0.0387675,0.039044,0.0387732,0.0387691,0.0387679,0.0388423,0.0387809,0.0387687,0.0387724,0.0387729,0.0387715,0.0391762,0.0387675,0.0387679
0.0397716,0.0397724,0.0397615,0.0398025,0.0397612,0.0397918,0.0397614,0.0397738,0.0397603,0.0404984,0.0397604,0.0397719,0.0397604,0.0397616,0.0397848,0.0400674,0.0397629,0.081618,0.039775,0.0402207,0.0398597,0.0397915,0.0397721,0.0418386
0.0388643,0.0388615,0.0388655,0.0388612,0.0388611,0.0391778,0.0388682,0.0388608,0.0391931,0.0388621,0.0388608,0.0388618,0.0388619,0.0388672,0.0388654,0.105464,0.0388626,0.0388609,0.038861,0.0388721,0.0388658,0.038868,0.0388892,0.0388637
0.0394665,0.0395052,0.0538679,0.0394674,0.0693486,0.0398795,0.0397644,0.0394698,0.0395902,0.0394667,0.0394693,0.0398499,0.0394702,0.0394738,0.0394665,0.0394667,0.0394688,0.0394679,0.0453952,0.0407315,0.0394961,0.0394671,0.0394746,0.0394762
0.0378795,0.0378821,0.0378773,0.0378735,0.0378778,0.0378743,0.037944,0.0378732,0.101953,0.0378767,0.0378732,0.0378884,0.0573973,0.0378732,0.0378755,0.0445754,0.0379285,0.0378734,0.0378734,0.0378787,0.0382312,0.0378762,0.0380668,0.0378771
0.0386427,0.0386668,0.0398408,0.0386593,0.0386497,0.104984,0.0417914,0.0387881,0.0386687,0.0386429,0.0386427,0.0386512,0.0386428,0.0386458,0.0386469,0.0402027,0.0386432,0.0386734,0.0386429,0.0386608,0.0386428,0.0386828,0.0386427,0.0386449
0.0386258,0.0387106,0.0387886,0.103831,0.0386195,0.0386425,0.0386194,0.0386196,0.0386194,0.0386281,0.0386194,0.038622,0.0386197,0.0456163,0.0386195,0.0386195,0.0386196,0.0386415,0.0386197,0.0386199,0.0386197,0.0386194,0.0392186,0.0386205
0.0403772,0.0388426,0.0388453,0.038848,0.0388433,0.0388417,0.0388448,0.0388417,0.0388676,0.0388617,0.0388418,0.0388419,0.0388419,0.0388417,0.0389973,0.0388697,0.0388633,0.038842,0.0388495,0.0388417,0.104761,0.0388955,0.0388569,0.0388417
0.038685,0.0386894,0.0386849,0.0389478,0.0386931,0.0386845,0.0386846,0.0386986,0.0388211,0.0386864,0.039471,0.0386853,0.0386843,0.0386844,0.0425911,0.0387488,0.104853,0.0386938,0.0386847,0.0386843,0.0387324,0.0386909,0.0386973,0.0388237
0.0382628,0.0382705,0.0382514,0.0382515,0.0383088,0.0382533,0.0382514,0.0383045,0.0382534,0.0382563,0.0387784,0.0418592,0.0382536,0.0398121,0.0382516,0.0382577,0.0382515,0.0382523,0.0382882,0.0492123,0.038252,0.0382996,0.0382532,0.103314
0.0380326,0.0380406,0.0481795,0.0450905,0.0380275,0.0381265,0.0380275,0.0380359,0.0380295,0.0380325,0.0380297,0.0380309,0.0380301,0.103088,0.0380291,0.0381151,0.0380276,0.0382857,0.0380289,0.0423939,0.0380333,0.0380419,0.0380869,0.0381568
0.0371526,0.0371528,0.0371531,0.0371533,0.0374479,0.0371597,0.0371923,0.0442597,0.037163,0.0371527,0.0382176,0.0371697,0.0384273,0.0371526,0.0375364,0.0371539,0.100962,0.0371538,0.0710795,0.0371544,0.0371738,0.0372368,0.0372028,0.0373926
0.0431256,0.038824,0.0388101,0.0399479,0.0388007,0.0387982,0.0387985,0.038799,0.0388044,0.0388118,0.0389966,0.0388126,0.0387998,0.0388752,0.0387984,0.0391233,0.0388822,0.0998058,0.0389078,0.038837,0.0388391,0.0388131,0.0388188,0.04017
0.0388457,0.10501,0.0388459,0.0399582,0.0388463,0.0388424,0.0388657,0.0388493,0.0388738,0.0389501,0.0388417,0.0388497,0.0388417,0.0388426,0.0388418,0.0388663,0.0388417,0.0388441,0.0388416,0.0390643,0.0388858,0.0388488,0.0388451,0.0388569
