0.0387807,0.0387809,0.0387819,0.0387807,0.0387848,0.0387901,0.0387809,0.0387819,0.0390418,0.0396526,0.0387953,0.0391143,0.0387807,0.0387808,0.104986,0.0387903,0.0398871,0.0387901,0.0387818,0.0387807,0.0390922,0.0387812,0.0387894,0.0388932
0.0386463,0.0386825,0.0386112,0.0389137,0.0391562,0.0386081,0.0386137,0.0386076,0.0386074,0.0386113,0.039299,0.0386148,0.0386174,0.0386075,0.0387106,0.0386085,0.0386098,0.0386157,0.0388198,0.0387912,0.104708,0.039457,0.0428738,0.0386089
0.038719,0.0388562,0.0387201,0.0398034,0.0388876,0.0393217,0.0387276,0.0387168,0.0387721,0.0387217,0.0387181,0.0387174,0.0387169,0.10518,0.0387165,0.0388582,0.0387219,0.0387358,0.0387165,0.0407279,0.0387165,0.0387166,0.038717,0.0387939
0.0390377,0.0390301,0.039039,0.0390272,0.0390277,0.0390281,0.0390277,0.0390288,0.101713,0.0390336,0.0390416,0.0390673,0.0390273,0.0390443,0.0390339,0.0390297,0.039053,0.039334,0.0390276,0.0390347,0.0390493,0.0390272,0.0391789,0.0390581
0.0388189,0.0387966,0.0387974,0.0387967,0.0387981,0.03887,0.0401527,0.0387966,0.0388053,0.0397521,0.0387965,0.0387969,0.0388232,0.038825,0.0387981,0.105145,0.0387968,0.0387989,0.0388148,0.0388052,0.0387985,0.0388033,0.0387966,0.0388168
0.0388163,0.0387632,0.0387589,0.0405039,0.0387589,0.038772,0.0387594,0.0391766,0.0387617,0.0387859,0.0387919,0.03876,0.0387594,0.038763,0.0387744,0.0387611,0.0387593,0.105237,0.0387592,0.0394564,0.038759,0.0388248,0.0388877,0.0388499
0.0388152,0.0388135,0.0390833,0.0388127,0.0398863,0.0388335,0.0389076,0.0388135,0.0389188,0.0388135,0.0390617,0.0388128,0.105075,0.0388827,0.0388328,0.0388135,0.038814,0.0388187,0.0391257,0.0388127,0.0388139,0.0388128,0.0388131,0.0388131
0.0388142,0.0388153,0.0389066,0.0388111,0.039011,0.0388158,0.0388104,0.039005,0.0388102,0.0388082,0.105413,0.038809,0.0388189,0.038809,0.0388136,0.0388082,0.0401269,0.0388684,0.0388091,0.0388112,0.0388462,0.0388137,0.0388367,0.0388085
0.0399388,0.0401225,0.0399469,0.0399385,0.0399402,0.0400491,0.0399383,0.0418827,0.0399432,0.0399556,0.0399624,0.0613656,0.0399387,0.0399387,0.0410009,0.0399386,0.0399382,0.056544,0.0399382,0.0399634,0.0399637,0.0399511,0.0399383,0.0399623
0.0388181,0.0388362,0.038873,0.0388152,0.0389923,0.0388145,0.0389342,0.0388376,0.0388152,0.038825,0.0388364,0.038827,0.0389362,0.0388151,0.0388668,0.0388161,0.0400237,0.0388145,0.105429,0.0388159,0.0388144,0.0388142,0.0388156,0.0388141
0.0390063,0.0389865,0.0389857,0.0390965,0.0392639,0.0391956,0.0414606,0.0389856,0.0389878,0.0392422,0.0389856,0.0389856,0.0390033,0.0390084,0.0389856,0.0995515,0.0389858,0.0389859,0.0389904,0.0393514,0.0389904,0.0389916,0.0389858,0.038988
0.0388238,0.0388374,0.0388539,0.0388248,0.0388255,0.0388245,0.038823,0.0388193,0.0388231,0.0388261,0.0388642,0.0395804,0.0388231,0.0388195,0.0392358,0.0388322,0.0388192,0.038934,0.0389033,0.0388221,0.10542,0.0389142,0.0389298,0.0388205
0.0387247,0.0387404,0.0387198,0.0387201,0.039911,0.0387197,0.103323,0.0435495,0.0387267,0.038756,0.0387196,0.0387197,0.0387269,0.0387204,0.0387289,0.0387232,0.0387294,0.0387197,0.0387217,0.0387195,0.0387206,0.0387207,0.0387195,0.0387195
0.03922,0.0391285,0.0391305,0.039131,0.0391293,0.0391287,0.0391342,0.0391286,0.039483,0.0391404,0.0393665,0.0391301,0.039136,0.0391287,0.0391317,0.0391292,0.0392905,0.0391305,0.0391285,0.0391355,0.0568771,0.0391291,0.0813935,0.0391392
0.0387541,0.0391589,0.0387542,0.0387543,0.0387563,0.0393659,0.0387774,0.104863,0.0387799,0.0388478,0.0388046,0.0410085,0.0387562,0.0387542,0.0388104,0.0387541,0.0388073,0.0387642,0.038788,0.0388961,0.0387546,0.0387796,0.0387542,0.0387557
0.0387949,0.0388269,0.0389541,0.0387768,0.0387767,0.0387765,0.03878,0.0387767,0.038782,0.0387945,0.0392166,0.0387776,0.0387868,0.0387765,0.0388805,0.0387828,0.038778,0.0387898,0.0388271,0.038865,0.105291,0.0388292,0.0403471,0.0390124
0.0385668,0.0404828,0.038548,0.0385644,0.0393562,0.038501,0.0385709,0.0389867,0.0385016,0.0385008,0.039375,0.0385032,0.0396241,0.0385011,0.0385014,0.0386927,0.0385021,0.038512,0.104644,0.0405505,0.0385042,0.0405077,0.0385012,0.0385013
0.0389554,0.0387503,0.0387632,0.0387608,0.0450524,0.0387612,0.101905,0.03875,0.0387512,0.0387495,0.038751,0.0387494,0.0387532,0.0387608,0.0387503,0.0390344,0.0387495,0.0387493,0.0387495,0.0387492,0.0387495,0.0387554,0.0387493,0.0387505
0.0383698,0.0384306,0.0383427,0.0404771,0.0383466,0.0383675,0.0383683,0.102823,0.0383429,0.0497884,0.0384388,0.038349,0.0383874,0.0383497,0.0384367,0.0383428,0.038367,0.0383739,0.0395261,0.0383606,0.0383677,0.0383565,0.0383435,0.0383432
0.0388007,0.0387997,0.0388022,0.0388224,0.0387996,0.0388102,0.0388328,0.0388,0.0388079,0.0388232,0.0388344,0.0388062,0.0387992,0.0388008,0.0407372,0.0388078,0.105345,0.0387995,0.0388032,0.0387993,0.03881,0.0388,0.0388986,0.0388601
0.0388869,0.0388579,0.0388579,0.0389173,0.0388583,0.0388766,0.0389335,0.0388705,0.0388602,0.0388581,0.0389366,0.0388581,0.0389273,0.0388585,0.0388581,0.0388881,0.038866,0.0389137,0.0388584,0.0390667,0.0388828,0.0389317,0.105519,0.038858
0.0388423,0.038842,0.0390664,0.038842,0.0392389,0.0388457,0.0388446,0.0388996,0.105381,0.0388423,0.0388517,0.039071,0.0389109,0.0388544,0.0388712,0.038842,0.0388446,0.0388519,0.038842,0.038842,0.0388962,0.038842,0.0389934,0.038842
0.0811927,0.0383603,0.0383665,0.0398603,0.0383625,0.0383617,0.0395127,0.0383771,0.0384213,0.0383619,0.0524901,0.0383603,0.0571913,0.0384134,0.038361,0.0385342,0.0383731,0.0383689,0.0384518,0.038367,0.0383606,0.0383678,0.0388188,0.0383646
0.0388725,0.0388694,0.0388854,0.0388694,0.0388883,0.0389102,0.0388751,0.0388778,0.0388828,0.0388696,0.0388792,0.0388694,0.105451,0.0388699,0.03887,0.0388732,0.0388749,0.0388703,0.0392497,0.0388698,0.0388694,0.038871,0.0389124,0.0388694
0.0390668,0.0390674,0.0390787,0.0390668,0.0390668,0.0396867,0.0390838,0.0390832,0.0390973,0.0390858,0.0390733,0.100131,0.0390668,0.0390678,0.0393558,0.0390694,0.0390674,0.0390884,0.039067,0.0390671,0.0391566,0.0391897,0.0390674,0.0391484
0.0388549,0.0388563,0.0389444,0.0389236,0.0388517,0.0389512,0.0389137,0.0389006,0.0388507,0.105582,0.0388507,0.0388553,0.0388507,0.0389066,0.0388523,0.0388532,0.0392094,0.0388506,0.0388508,0.0388511,0.0388584,0.0388748,0.0388507,0.0388563
0.0390879,0.0390706,0.0404133,0.0391331,0.0500256,0.0453549,0.0816393,0.0390704,0.0392982,0.0390715,0.0390712,0.0390769,0.0394147,0.0391227,0.0390714,0.039388,0.0390929,0.0390726,0.0390713,0.0390719,0.0390704,0.0391701,0.0390706,0.0390704
0.0387211,0.0386982,0.0386965,0.0386963,0.0386964,0.0386959,0.105033,0.0392185,0.0386987,0.0414053,0.0386961,0.0387205,0.0386963,0.0386968,0.0395469,0.0387165,0.0393269,0.0387042,0.0387045,0.0386959,0.0387071,0.0387272,0.0388051,0.0386964
0.0387972,0.104414,0.0388081,0.038864,0.0388094,0.0387997,0.0387994,0.0389204,0.038798,0.0389679,0.0387987,0.0414214,0.0387972,0.0387984,0.0388007,0.0387973,0.0387973,0.0388253,0.0387973,0.0388129,0.0389557,0.0387973,0.0387971,0.038825
0.0975723,0.0371768,0.0372516,0.0372207,0.0371769,0.0371781,0.0374252,0.0371794,0.0371802,0.0372159,0.0371793,0.0371866,0.0371801,0.0371769,0.0383328,0.0371786,0.037192,0.0371846,0.0371768,0.037177,0.0371794,0.039742,0.0802576,0.0372793
0.0389289,0.0388978,0.0388904,0.0389045,0.0388902,0.0388902,0.0388903,0.0388903,0.0388904,0.0389162,0.0388942,0.0389648,0.0388904,0.0389458,0.0388905,0.039628,0.038984,0.0388943,0.038891,0.0388966,0.0388906,0.0388912,0.0388903,0.104459
0.0388603,0.0388593,0.039186,0.0388581,0.0388583,0.0388585,0.0388585,0.0388624,0.0388583,0.0388601,0.105355,0.0388583,0.0391463,0.0388836,0.0388719,0.0388588,0.0388783,0.038954,0.0388957,0.0388739,0.03886,0.0388582,0.0388664,0.0389197
0.038856,0.0388579,0.038879,0.0388571,0.0389005,0.038857,0.0388566,0.0388617,0.038891,0.0389616,0.0388605,0.0388757,0.0389879,0.0388569,0.0388757,0.0389009,0.0392408,0.0388568,0.105485,0.0388564,0.0388565,0.0388559,0.0388568,0.0388558
0.0388361,0.0391873,0.0388354,0.0388818,0.0388547,0.0389631,0.038956,0.105551,0.038844,0.038842,0.0389957,0.038877,0.0389521,0.0388738,0.0388865,0.0388354,0.0388371,0.0388709,0.0389187,0.0388369,0.0388571,0.0388369,0.0388356,0.0388354
0.0383761,0.038367,0.038366,0.0383661,0.0383758,0.0387237,0.0383722,0.0383663,0.0388046,0.0383662,0.0383678,0.0471632,0.0383668,0.038405,0.0383658,0.0421704,0.0383665,0.038395,0.038371,0.104012,0.0383665,0.0383763,0.038393,0.0383967
0.0391751,0.039174,0.039177,0.0391734,0.0391827,0.0391735,0.0391844,0.0392661,0.0391734,0.0391756,0.0977005,0.0391735,0.0391867,0.0391734,0.0400191,0.0391735,0.0394082,0.03918,0.0392448,0.0391747,0.0391759,0.0391867,0.0391747,0.0391734
0.0377391,0.0377542,0.0388604,0.0481834,0.0377646,0.0551405,0.0377548,0.0377347,0.0383447,0.0377517,0.0377348,0.037737,0.0377392,0.0999557,0.0377347,0.0381115,0.0377419,0.0377459,0.0377363,0.0397884,0.0377347,0.0377413,0.0377352,0.0377351
0.0387656,0.0387349,0.038735,0.0387441,0.038783,0.0391018,0.0387368,0.0387349,0.0388168,0.0387382,0.0387349,0.0387826,0.0387353,0.0387358,0.0387388,0.105054,0.0387361,0.0387388,0.0388796,0.0415847,0.0387396,0.0388166,0.0387371,0.039095
0.0391525,0.0392042,0.0396677,0.0391527,0.0391543,0.0392042,0.0391547,0.0391548,0.0442644,0.0391528,0.0391525,0.0935325,0.0391524,0.0392114,0.0391539,0.0392142,0.0391615,0.039155,0.0391525,0.0391527,0.0391572,0.0391527,0.0391591,0.0392301
0.0388417,0.0388831,0.0388533,0.0388733,0.0388592,0.0389651,0.0388678,0.0388418,0.0388709,0.0389454,0.038843,0.0388417,0.0388415,0.105569,0.0388409,0.0390831,0.0388427,0.0388471,0.038842,0.0389449,0.038841,0.038841,0.0388412,0.0391791
0.0388089,0.0393416,0.0388175,0.0388153,0.0388097,0.0388236,0.0388281,0.0388109,0.0388136,0.0389266,0.0388098,0.102019,0.0388087,0.0391197,0.038815,0.0388507,0.0389914,0.0388217,0.0388087,0.0388087,0.0392383,0.0388141,0.0388087,0.0424897
0.0388478,0.0388483,0.0388767,0.0388478,0.0388479,0.0391407,0.0390886,0.0388705,0.0389218,0.0388497,0.0388852,0.105557,0.0388498,0.0388654,0.0388493,0.0388485,0.038898,0.0389136,0.0388492,0.0388575,0.0388627,0.0389031,0.0388503,0.0388711
0.0387643,0.0387624,0.038764,0.0387967,0.0387623,0.0387817,0.0388474,0.0387662,0.0387623,0.105321,0.0387623,0.038831,0.0387627,0.0387664,0.0387723,0.0403964,0.0387693,0.0387771,0.0387627,0.0387623,0.0387988,0.0396572,0.0387628,0.0390904
0.0388195,0.0388186,0.0388187,0.038819,0.0388223,0.0388207,0.0388209,0.0388346,0.0393652,0.0391635,0.0388249,0.0389246,0.0388191,0.0388185,0.10547,0.0388187,0.0392998,0.0389866,0.0388195,0.0388185,0.0388202,0.0388272,0.0388215,0.0388277
0.0390586,0.0388134,0.0389178,0.0388129,0.0388295,0.0388129,0.0388185,0.0388131,0.0388327,0.0388131,0.105345,0.0388129,0.039815,0.0392082,0.0388134,0.038813,0.0388381,0.0388161,0.0388139,0.038883,0.038814,0.038813,0.0388701,0.0388214
0.0392828,0.0385893,0.0386591,0.0385893,0.0385908,0.0385887,0.0385971,0.0385887,0.0386184,0.03859,0.0385901,0.0386128,0.0385891,0.0385886,0.03859,0.0387376,0.0385925,0.0385894,0.0386663,0.0385911,0.104213,0.0386289,0.0457166,0.0385999
0.0378272,0.037825,0.0378253,0.0378248,0.0378399,0.0378248,0.0378388,0.0378496,0.0397335,0.0378252,0.0694828,0.0380244,0.0378267,0.0378376,0.0380873,0.0378307,0.0956007,0.0378254,0.0378458,0.0378263,0.0378745,0.0378259,0.0379467,0.0379512
0.0388301,0.038829,0.0388647,0.038829,0.0388775,0.038858,0.0389422,0.0389713,0.0398498,0.0388297,0.0388532,0.0388291,0.105472,0.038829,0.0388294,0.0388302,0.0388416,0.0388292,0.0388434,0.0388298,0.0388306,0.0388307,0.0388409,0.038829
0.03884,0.0393542,0.104815,0.0388555,0.0388631,0.038915,0.0388759,0.0388383,0.0389793,0.038863,0.0388365,0.0388399,0.039374,0.0388365,0.0388362,0.0388369,0.0388363,0.0388594,0.0388405,0.0388361,0.0393592,0.0388362,0.038837,0.0388361
0.03874,0.0387414,0.0388064,0.0388626,0.0387423,0.105305,0.0387404,0.0397411,0.0387657,0.0387846,0.0387402,0.0387439,0.0406969,0.0388087,0.038752,0.0387403,0.0387423,0.0387872,0.0387502,0.0387845,0.03874,0.0390004,0.0387443,0.03874
0.0389606,0.0389487,0.0389497,0.0389487,0.0389646,0.038949,0.0389893,0.0389803,0.0392794,0.0390151,0.0390716,0.0389848,0.0389619,0.0389487,0.102429,0.0389491,0.0399889,0.0389629,0.0389496,0.0389487,0.0389501,0.0389634,0.0389487,0.0389576
0.0388013,0.0388021,0.0388009,0.0388024,0.0388004,0.038807,0.0388112,0.038829,0.0388004,0.0759347,0.0388012,0.0425039,0.0388015,0.0388004,0.0388059,0.0393482,0.0388009,0.0388219,0.0388214,0.0388368,0.0560529,0.0488095,0.0388052,0.0388009
0.0389079,0.0388629,0.0388549,0.038864,0.0388543,0.0388545,0.0388544,0.0388545,0.0388556,0.0392436,0.0388603,0.038892,0.0388576,0.0389382,0.0388574,0.0388896,0.0389588,0.0388703,0.0388543,0.0388617,0.0388545,0.0388546,0.0388543,0.10559
0.0403516,0.0406618,0.0403482,0.0416592,0.0404104,0.0403507,0.0403481,0.0403481,0.0403479,0.0403494,0.040349,0.040402,0.0403484,0.0414615,0.0403479,0.0403483,0.0403479,0.0403628,0.0403503,0.0690352,0.0403498,0.040349,0.0403493,0.0404233
0.0388284,0.0388971,0.039016,0.0388253,0.0388246,0.0389059,0.0388368,0.0393188,0.0388296,0.105443,0.0388246,0.0389575,0.0388243,0.0388249,0.039095,0.0388306,0.0388256,0.038998,0.0388241,0.0388257,0.0388314,0.038965,0.0388238,0.0388242
0.0387604,0.0387608,0.0387596,0.0387601,0.0387653,0.0387692,0.0387696,0.0387636,0.0387642,0.0388077,0.0389199,0.0389598,0.0387653,0.0387596,0.105347,0.0387613,0.0389391,0.0389637,0.0387662,0.0387597,0.0405679,0.0387728,0.0390515,0.0389853
0.0388756,0.0388756,0.0388758,0.0388756,0.0388788,0.0388767,0.0388772,0.0388783,0.0388849,0.0388822,0.0389032,0.0389987,0.0388756,0.0388755,0.0406999,0.0388799,0.103831,0.0388756,0.038877,0.0388756,0.0388903,0.0388769,0.0388827,0.0388771
0.038737,0.0387798,0.0387371,0.038737,0.0387389,0.0390279,0.0387598,0.104998,0.0387495,0.038748,0.0388942,0.0387732,0.038756,0.0387416,0.0387453,0.038737,0.0391485,0.0387428,0.0414192,0.0389382,0.0387374,0.0388795,0.0387373,0.038737
0.0395445,0.0395427,0.0397638,0.0395465,0.0398383,0.0396732,0.0409864,0.039543,0.0395598,0.0395444,0.039543,0.039547,0.0621276,0.0395653,0.0395428,0.0396429,0.0395478,0.0395437,0.0656747,0.0395428,0.0395427,0.0395427,0.0395512,0.0395432
0.0388646,0.0388508,0.0388508,0.0388625,0.0388527,0.0389174,0.0388557,0.0388508,0.0392248,0.0388542,0.0388508,0.0388844,0.0388509,0.0388716,0.0388512,0.105381,0.0388557,0.0390135,0.0388664,0.0390181,0.0388512,0.0388544,0.0388572,0.0390097
0.0387767,0.038775,0.0387967,0.0387751,0.0387751,0.0387786,0.0387802,0.0387778,0.0387807,0.0404784,0.0387874,0.0388256,0.0388586,0.0387753,0.039199,0.0388336,0.0387805,0.0388079,0.0387755,0.0387755,0.0387783,0.105247,0.0387763,0.0392853
0.0389246,0.038915,0.0389216,0.0389186,0.038915,0.0389257,0.0389174,0.0389346,0.0389151,0.0389178,0.0389153,0.0389155,0.0389596,0.038915,0.0389658,0.0389842,0.0389283,0.0389645,0.0389513,0.038915,0.0389165,0.104532,0.0390152,0.0389168
0.0388107,0.0388166,0.0393379,0.0388094,0.105481,0.0388351,0.0388106,0.038809,0.0399844,0.0388093,0.0388119,0.0388098,0.0388628,0.0388462,0.0388098,0.038814,0.0388268,0.0388091,0.0388366,0.0388319,0.0388095,0.0388091,0.038809,0.0388092
0.0388686,0.0388673,0.0389001,0.0388673,0.0389588,0.0389835,0.0389047,0.0389056,0.0391091,0.0388679,0.0388886,0.0388673,0.105405,0.0388695,0.0388674,0.0388696,0.0388689,0.0388687,0.0388986,0.038869,0.0388673,0.0388696,0.0388906,0.0388673
0.0387862,0.0387935,0.0387776,0.0387978,0.0387772,0.0387776,0.0387821,0.0387774,0.0387778,0.0388467,0.0387822,0.0388345,0.0387774,0.041286,0.0387889,0.038793,0.0387848,0.0387835,0.0387769,0.0387823,0.0387795,0.0387771,0.038777,0.105383
0.038812,0.0388108,0.038851,0.0388107,0.0388218,0.0389265,0.0388109,0.0388107,0.10381,0.0388223,0.0388179,0.0388152,0.0388132,0.0388196,0.0392708,0.0390247,0.0389265,0.0389921,0.0388107,0.0388116,0.0388508,0.0388107,0.041055,0.0388947
0.0388998,0.0388714,0.0388717,0.0388976,0.0388714,0.0389004,0.0388815,0.0388856,0.0388718,0.0389982,0.0388777,0.0388811,0.0390755,0.0388716,0.0389039,0.0388825,0.0388722,0.0389987,0.0388761,0.0388783,0.0388726,0.105286,0.038885,0.0388893
0.0388658,0.0399588,0.0388936,0.104056,0.0388492,0.0393583,0.0388474,0.0390965,0.0388539,0.0390505,0.0388466,0.0388467,0.0388474,0.0389714,0.038847,0.0388468,0.0389754,0.0388942,0.0388465,0.0388465,0.0388466,0.038847,0.0388467,0.0388612
0.0402208,0.0386773,0.0387856,0.0386542,0.0387981,0.0386614,0.0386772,0.039085,0.0429331,0.104272,0.0386535,0.0386536,0.0386861,0.0386704,0.038681,0.0386541,0.0386558,0.0386547,0.0386556,0.0386535,0.0386549,0.0386537,0.0386535,0.0386547
0.0386674,0.0386107,0.0386216,0.0386107,0.0389939,0.0386128,0.0386548,0.0386109,0.103685,0.0388564,0.0386115,0.0386118,0.0386967,0.0386328,0.044847,0.0386184,0.0386981,0.0395965,0.038617,0.0386107,0.0386109,0.0386107,0.038702,0.0386121
0.0388543,0.0388377,0.105438,0.039147,0.0388326,0.0388233,0.0388342,0.0388163,0.0388196,0.0389474,0.0388347,0.0388207,0.0395578,0.0388244,0.0388175,0.0388167,0.0390682,0.0388175,0.0389232,0.0388162,0.0389002,0.0388163,0.0388189,0.0388165
0.0381712,0.103547,0.0382601,0.0381901,0.0383432,0.0382351,0.0381714,0.0544853,0.0381713,0.0381711,0.0384167,0.0390239,0.0381711,0.0381719,0.0381797,0.038171,0.0381723,0.0381812,0.0382082,0.0383234,0.0383736,0.0385128,0.038171,0.0381771
0.03863,0.0385742,0.0385721,0.0444184,0.0385705,0.0385868,0.0385709,0.0385835,0.0385705,0.100505,0.0385705,0.0385748,0.0385772,0.0385704,0.0385807,0.0385768,0.038571,0.0386035,0.0385708,0.038571,0.0385973,0.0449075,0.0385706,0.038576
0.0387886,0.0387845,0.0390409,0.0387835,0.105408,0.0389307,0.0387875,0.0387838,0.0387886,0.0387833,0.0406746,0.0387831,0.0389779,0.0387855,0.0387906,0.0387897,0.0387838,0.0387877,0.0387971,0.038794,0.0387899,0.0388002,0.0387832,0.0387833
0.0390251,0.0387699,0.0387703,0.0387703,0.0387699,0.0387699,0.0387732,0.0387699,0.0387741,0.040661,0.0387718,0.0387723,0.03877,0.0395134,0.0387918,0.0388015,0.0387746,0.0387717,0.0387699,0.0387716,0.0387703,0.0387713,0.0387731,0.105323
0.0388153,0.0406655,0.104516,0.0388179,0.0388477,0.0389344,0.0388153,0.0388156,0.0388485,0.0388226,0.0388259,0.0388171,0.0393791,0.0388185,0.0388163,0.0388155,0.0388155,0.0388214,0.0388198,0.0388154,0.0389099,0.0388154,0.038816,0.0388152
0.0390713,0.0390583,0.0390657,0.0390632,0.0390857,0.0390582,0.0390586,0.0390582,0.0390584,0.0390582,0.0973126,0.0390582,0.0391675,0.0391562,0.0390583,0.0390654,0.0390629,0.0391339,0.0423588,0.0392517,0.0390587,0.0390641,0.039552,0.0390639
0.0397278,0.0387567,0.0395248,0.0389582,0.0387556,0.0387775,0.0387561,0.0387799,0.0387557,0.0389221,0.0387938,0.0387608,0.0390036,0.0387561,0.0387567,0.038791,0.0387661,0.0388235,0.0390615,0.0388524,0.0387684,0.105327,0.0387612,0.0390638
0.0405729,0.0479644,0.0405788,0.0405738,0.0420477,0.0410375,0.0406556,0.0418967,0.0405762,0.0405726,0.0408516,0.0405837,0.0405915,0.0412544,0.0405726,0.0405748,0.0405726,0.0405872,0.040755,0.0548882,0.0405727,0.0405729,0.0405726,0.0405737
0.0385311,0.0386177,0.0385301,0.0385302,0.0430144,0.0387946,0.038533,0.0385704,0.0402302,0.0385301,0.0385363,0.0388279,0.0385312,0.0386993,0.0385301,0.0387496,0.0385302,0.0385503,0.040406,0.104605,0.0385323,0.038558,0.0385317,0.0385307
0.0398192,0.0401091,0.0543135,0.0398201,0.064412,0.0413403,0.0398192,0.0398217,0.0421883,0.0398194,0.0398356,0.0400101,0.0398481,0.0398202,0.0398223,0.0398205,0.0398292,0.0398192,0.0405588,0.0398224,0.0398896,0.0398219,0.0398195,0.0398198
0.0388481,0.039055,0.0388541,0.0393251,0.0390372,0.0389192,0.0388565,0.0388475,0.0388495,0.0388548,0.0388477,0.0388476,0.0388475,0.105378,0.0388474,0.0389002,0.0388483,0.0388564,0.0388479,0.0389016,0.0388475,0.0388479,0.0388476,0.0388875
0.0379287,0.0376152,0.0376658,0.0376128,0.0376475,0.0376145,0.0376146,0.037612,0.0376533,0.0376201,0.0376167,0.0376139,0.0376123,0.0381605,0.0376122,0.0986154,0.037612,0.0376538,0.0406513,0.0667829,0.0379916,0.0377292,0.0376211,0.0401426
0.0388598,0.038859,0.0388762,0.0388592,0.038859,0.0388758,0.0388616,0.0389841,0.0388609,0.105604,0.038859,0.0389695,0.0388593,0.0388722,0.0391432,0.038863,0.0388896,0.0388615,0.0388597,0.038859,0.0388592,0.0388653,0.038859,0.0388809
0.0388296,0.0398977,0.0388809,0.0398948,0.0388462,0.0388346,0.0388528,0.0388467,0.0388373,0.0389635,0.0388306,0.0388339,0.0388332,0.104046,0.0388295,0.0388349,0.0388325,0.0388301,0.03883,0.0388298,0.0388298,0.0388295,0.0388295,0.0392971
0.0386163,0.0415237,0.0386173,0.0386165,0.0390989,0.0386165,0.0386272,0.0702285,0.0386164,0.0386167,0.0451565,0.0386185,0.0386238,0.0386165,0.0386362,0.0386163,0.0454141,0.0386177,0.0622116,0.0398351,0.0386165,0.0386229,0.0386164,0.0386199
0.0387888,0.038814,0.0387804,0.0388328,0.0387803,0.0387812,0.0387806,0.0388632,0.0387808,0.0399961,0.03886,0.0388026,0.0387809,0.0387812,0.0390835,0.0387825,0.0387804,0.105242,0.0387805,0.0388523,0.0387893,0.0391017,0.0387863,0.0393783
0.0387618,0.0387586,0.0387687,0.0387616,0.0387602,0.0387733,0.0387632,0.0414906,0.0387743,0.10532,0.0387587,0.0387605,0.0387626,0.0387618,0.0391642,0.0387587,0.0387633,0.0387804,0.0387587,0.0387585,0.0387596,0.0387615,0.0387586,0.0387601
0.0380402,0.0382436,0.0380538,0.102936,0.0380496,0.0380848,0.0380346,0.0380597,0.0380206,0.0380264,0.0380201,0.0380199,0.0380253,0.060125,0.0380199,0.0380208,0.0380203,0.0380582,0.0380272,0.0380258,0.0380199,0.0380252,0.0380216,0.0380214
0.0389127,0.0389017,0.0388665,0.105604,0.0388767,0.0388897,0.0388632,0.0388613,0.038862,0.0389427,0.0388594,0.0388598,0.0388594,0.0391984,0.0388594,0.038867,0.0388634,0.0388871,0.03886,0.0388598,0.0388597,0.0388615,0.0388618,0.0388628
0.0381287,0.0381459,0.0381477,0.038137,0.038256,0.0381287,0.038128,0.0381266,0.0381433,0.0382318,0.0381282,0.0381369,0.0381266,0.103268,0.0381272,0.0381322,0.0381273,0.0381328,0.0381268,0.0381849,0.0381275,0.0381268,0.0381281,0.0575525
0.0408259,0.0407265,0.0407276,0.0407266,0.0420061,0.0407297,0.0407342,0.0409821,0.0407833,0.0407265,0.0490533,0.0407265,0.0525962,0.0407265,0.0407273,0.0407272,0.0407265,0.0407893,0.0411371,0.0407465,0.0407314,0.0408863,0.0407309,0.0407265
0.0378809,0.0374509,0.0374509,0.0376011,0.0374511,0.0375995,0.101293,0.0374541,0.0374509,0.037451,0.0374527,0.0466797,0.037818,0.0374527,0.0374525,0.0407778,0.0374548,0.0374538,0.0385654,0.0374759,0.0375068,0.0574449,0.0399301,0.037451
0.0412207,0.0412946,0.0412213,0.0412214,0.0412238,0.0516841,0.0412251,0.041225,0.0412265,0.0412206,0.0412206,0.0412654,0.041251,0.0412215,0.041222,0.0412499,0.041224,0.0412206,0.0412212,0.0412207,0.0412228,0.041224,0.0412206,0.0412525
0.0390459,0.0387333,0.0387324,0.0387327,0.0387326,0.0387322,0.105128,0.0388634,0.0387426,0.0387659,0.0387329,0.0387548,0.0412069,0.0387323,0.0387364,0.0390076,0.0387343,0.0388459,0.0387322,0.038733,0.0387541,0.0387358,0.0393461,0.0387387
0.039028,0.039133,0.0391115,0.0390286,0.0390303,0.04032,0.0390283,0.0392287,0.0390446,0.0401299,0.039028,0.0993739,0.039028,0.0390356,0.0390781,0.0390848,0.0390301,0.0390313,0.0390305,0.0390282,0.0390448,0.0390636,0.039028,0.0390323
0.0397113,0.039714,0.0397114,0.0397113,0.0397116,0.0407502,0.0397139,0.0548073,0.0397114,0.0397311,0.0399596,0.039927,0.0397144,0.039978,0.039712,0.0397114,0.0397116,0.039713,0.0406989,0.0686142,0.0397113,0.0398506,0.0397121,0.0397124
0.0391594,0.0393752,0.039194,0.0391478,0.0391807,0.0394636,0.0950455,0.0395881,0.0391468,0.0391467,0.0391531,0.0398288,0.0392807,0.0391466,0.0391487,0.039267,0.0391569,0.0391482,0.041581,0.0391512,0.0391508,0.039246,0.0391465,0.0391467
0.0385866,0.0385957,0.0385832,0.0386083,0.0386046,0.0386702,0.0385835,0.0385827,0.0387157,0.0385831,0.0386115,0.0397689,0.0385824,0.0441278,0.0385824,0.0391395,0.0385985,0.0385968,0.0385833,0.104774,0.0385836,0.0385897,0.0386241,0.0387233
0.0398628,0.0396976,0.0396981,0.0396987,0.0396976,0.0396979,0.039698,0.0396978,0.0397895,0.0397694,0.039715,0.0397012,0.0396976,0.0397074,0.0397149,0.0396977,0.0398717,0.0397293,0.0397003,0.0396998,0.0405599,0.0397024,0.0854929,0.0397024
0.0388668,0.0388672,0.0388721,0.038867,0.0388672,0.0388671,0.0388807,0.0388701,0.0389508,0.0388688,0.0389607,0.0389676,0.038868,0.0388665,0.0389506,0.0388741,0.105508,0.0388666,0.0388681,0.0388666,0.0388763,0.0388691,0.0389962,0.0388838
0.0387916,0.105425,0.0388036,0.0388318,0.0390868,0.038815,0.0387982,0.0402207,0.038793,0.0387917,0.0388153,0.0388722,0.0387916,0.0387971,0.0387917,0.0387916,0.0387946,0.0388068,0.0387952,0.0390102,0.0390008,0.0387924,0.0387915,0.0387919
0.0389128,0.0387828,0.0387831,0.0388221,0.0387843,0.038787,0.0387864,0.0387828,0.0387844,0.0388119,0.0387831,0.0387871,0.0387828,0.0399431,0.0387829,0.105253,0.0388319,0.0387929,0.0387925,0.0392247,0.0387986,0.0389119,0.0394096,0.0388678
0.0390139,0.0388233,0.0389175,0.0388244,0.0388218,0.0388642,0.0388219,0.0388364,0.0388219,0.0388532,0.0388316,0.038867,0.0396768,0.0388219,0.0388259,0.0388351,0.038822,0.0388256,0.039113,0.0388732,0.0388354,0.10539,0.0388223,0.0388614
0.0388469,0.0388451,0.0389222,0.0388453,0.0388452,0.0389764,0.038847,0.0392192,0.0388705,0.105569,0.038845,0.0388864,0.0388467,0.0388656,0.0391088,0.0388506,0.0388597,0.0388665,0.0388456,0.038845,0.0388451,0.0388515,0.038845,0.0388519
0.0402509,0.0386318,0.0386467,0.0386317,0.0386317,0.0387082,0.0402077,0.0391506,0.0386316,0.0400616,0.0386346,0.0386818,0.0399125,0.0386337,0.0388573,0.0386327,0.0386416,0.0386323,0.0386754,0.0386375,0.0386317,0.104509,0.0386322,0.0387353
0.0389383,0.0389109,0.0389136,0.0389356,0.0389117,0.0389116,0.0389538,0.0389199,0.0389146,0.038932,0.0395021,0.0389116,0.0389128,0.0389242,0.0573718,0.0389109,0.0453356,0.0389186,0.0389125,0.0389112,0.0389415,0.0390352,0.0792589,0.0389111
0.0380396,0.0380378,0.0380378,0.0380383,0.0380454,0.0380378,0.0381296,0.0380379,0.0381389,0.0381491,0.0380379,0.0385684,0.0380379,0.0380404,0.0907979,0.0380466,0.0708105,0.0380381,0.0382176,0.0380378,0.0380444,0.0380511,0.0384739,0.0381052
0.0413307,0.0413291,0.0413294,0.0413291,0.0413296,0.041333,0.0413318,0.0413339,0.0413292,0.0413314,0.0415022,0.0417088,0.0425936,0.0413291,0.041402,0.0413316,0.0440855,0.0413304,0.0413328,0.0413299,0.0413475,0.0413603,0.0447098,0.0413293
0.0382124,0.0382173,0.0382559,0.0382161,0.0382279,0.0389089,0.0382279,0.0383129,0.0383416,0.0382121,0.0382119,0.103146,0.0382143,0.0382118,0.0382149,0.0382121,0.0550206,0.0382145,0.038301,0.0382188,0.0382433,0.0382187,0.0382276,0.0382118
0.0388507,0.0388784,0.0388961,0.0388507,0.0388515,0.0394455,0.0388509,0.0388522,0.0388703,0.0388678,0.0388547,0.10544,0.0388513,0.038885,0.038864,0.0388508,0.0388508,0.0389009,0.038851,0.0389672,0.0388542,0.0388513,0.0388508,0.0389137
0.0388923,0.038867,0.0388981,0.0388563,0.0388567,0.0388555,0.0388557,0.0388556,0.0388595,0.0389691,0.0389397,0.0388993,0.0388561,0.0388554,0.0389494,0.0388556,0.0388554,0.038883,0.0388747,0.0388675,0.105399,0.0391876,0.0388839,0.0389274
0.0371976,0.0807168,0.0371944,0.10067,0.0372383,0.0372026,0.0371953,0.0371987,0.0371934,0.0372037,0.0371931,0.0371943,0.037193,0.0373808,0.0371931,0.0371981,0.0371972,0.0372046,0.0371933,0.0371944,0.0371973,0.0371933,0.0371932,0.0372632
0.038707,0.0387888,0.038706,0.0387086,0.0387062,0.0387067,0.0387069,0.0420061,0.038711,0.0391805,0.0387156,0.0387761,0.0387132,0.038706,0.0393716,0.0387068,0.038706,0.104867,0.0387067,0.0388422,0.0387164,0.0387492,0.0387064,0.0387895
0.0385637,0.0413415,0.0386115,0.0385696,0.0404167,0.038571,0.0385638,0.0385635,0.0385728,0.0388248,0.0385674,0.0387161,0.0385635,0.0994803,0.0385636,0.0385685,0.0385642,0.0385751,0.0385635,0.0461536,0.0385787,0.0385634,0.0385634,0.0393799
0.0388802,0.0388696,0.0388725,0.0388813,0.0388726,0.0388699,0.0388711,0.0388696,0.0388712,0.0388743,0.0388743,0.038884,0.0388708,0.0388695,0.0388871,0.0388852,0.105614,0.0388695,0.038881,0.0388695,0.0388698,0.038871,0.0390819,0.0389398
0.0388641,0.0388645,0.0388648,0.0388747,0.0389193,0.105623,0.0388874,0.03903,0.0388701,0.0388669,0.0388642,0.038878,0.0388993,0.0388836,0.0388676,0.0388896,0.038865,0.0388653,0.0388746,0.0389794,0.0388646,0.0388739,0.0388657,0.0388647
0.0388196,0.0419735,0.103203,0.0388194,0.0388682,0.0389049,0.0388192,0.0388191,0.0388225,0.0388478,0.0388193,0.0388199,0.0388205,0.0388537,0.0388192,0.0388291,0.0388197,0.0388194,0.0393239,0.0388191,0.0388969,0.0388216,0.0388191,0.0388212
0.0348328,0.0348079,0.0352762,0.0348079,0.0372427,0.0352146,0.0411249,0.0348171,0.0942249,0.0348616,0.0348452,0.0348631,0.0363237,0.0390209,0.0348082,0.0796693,0.0381144,0.034818,0.0761021,0.0348962,0.0348099,0.0348081,0.0349017,0.0348085
0.0393654,0.0393642,0.0393719,0.0393641,0.0393641,0.0394175,0.0393644,0.0393657,0.0943146,0.0393831,0.0393652,0.0393988,0.0393737,0.0393694,0.0393665,0.0393654,0.0394498,0.0393765,0.0394282,0.0393642,0.0393652,0.0393642,0.0393717,0.0393666
0.0375963,0.0375969,0.037594,0.0375952,0.0375933,0.0375938,0.0375944,0.0375933,0.0376174,0.0377421,0.0375937,0.0376749,0.0375933,0.0740119,0.0376032,0.0376013,0.0376057,0.0376013,0.0375933,0.037595,0.0375934,0.0375933,0.0375952,0.0986279
0.0388657,0.0388666,0.0389044,0.0388607,0.105595,0.0390339,0.0388603,0.03886,0.0389695,0.0388599,0.0388836,0.0388599,0.03901,0.0388616,0.038866,0.0388715,0.0388629,0.038861,0.0389224,0.0388802,0.0388611,0.038863,0.0388599,0.0388604
0.0394336,0.039426,0.0394251,0.0407607,0.0395996,0.0394349,0.0394378,0.0394249,0.0394255,0.0394335,0.0394328,0.0394262,0.0394249,0.0705481,0.0394248,0.039768,0.0394261,0.0394334,0.0394248,0.0597675,0.0394306,0.03943,0.0394273,0.0398339
0.038696,0.0386753,0.0386626,0.0387333,0.0386738,0.0386646,0.0386638,0.0386623,0.0386622,0.0386659,0.0388162,0.0386648,0.0386668,0.0386623,0.0386919,0.0386622,0.0386624,0.0386694,0.0386698,0.0386821,0.104688,0.0388068,0.0442351,0.0386626
0.0388635,0.0388737,0.0388638,0.0388639,0.0388635,0.0388652,0.0388653,0.0389075,0.0388662,0.0390328,0.0388641,0.105266,0.0388634,0.0388641,0.0388835,0.0388846,0.0390357,0.0389002,0.0390521,0.0388967,0.0389146,0.0389449,0.0388828,0.0388822
0.0387443,0.0388408,0.0387865,0.0393587,0.0387699,0.105307,0.0387648,0.0387458,0.0387682,0.0387591,0.038744,0.0387696,0.038949,0.0391156,0.038744,0.0389122,0.0387698,0.038745,0.0389076,0.0405194,0.0387446,0.0387449,0.0387447,0.0387442
0.0387959,0.0387952,0.03888,0.0388394,0.0387957,0.105324,0.038795,0.0388057,0.0392235,0.0390063,0.0387951,0.038801,0.0389599,0.0389161,0.0388174,0.0387972,0.0388053,0.0399428,0.0387949,0.0387953,0.0387952,0.0389116,0.0388061,0.0388014
0.0396886,0.0380608,0.0380635,0.054598,0.0380608,0.0380626,0.0380609,0.0380685,0.0380613,0.103042,0.0380609,0.0380638,0.0380609,0.0380672,0.0381115,0.0381185,0.0380854,0.0384344,0.0380608,0.0380608,0.0380614,0.0385985,0.0380664,0.0403831
0.0390657,0.0390395,0.0390347,0.039035,0.0390395,0.0390365,0.0392149,0.039038,0.0390615,0.0390347,0.039038,0.0390577,0.0391206,0.0390355,0.0390588,0.0416282,0.039036,0.0414158,0.0393503,0.0955941,0.0390488,0.039676,0.0391664,0.0391738
0.0392323,0.0387983,0.101062,0.0387989,0.0388232,0.0388113,0.0387983,0.0387983,0.0393383,0.0388002,0.0388388,0.0387983,0.0404243,0.038836,0.0387983,0.0425488,0.0388216,0.03881,0.0388128,0.0387989,0.0387989,0.0388208,0.0388179,0.0388134
0.0369988,0.0369949,0.0369955,0.0370255,0.0369949,0.0370537,0.0370209,0.0369952,0.0369952,0.036998,0.0370006,0.0427422,0.0369966,0.036995,0.0369979,0.0370099,0.0371218,0.0371198,0.0370022,0.0371589,0.0372869,0.0842941,0.0952018,0.0369998
0.0387342,0.0386489,0.0386856,0.0386876,0.0386469,0.0386836,0.0386458,0.0387172,0.0386456,0.038673,0.0386527,0.0386492,0.0428857,0.038645,0.0386487,0.0386529,0.038651,0.0386481,0.0393151,0.0393274,0.0386565,0.105032,0.0386483,0.0388187
0.0387538,0.0387527,0.0387694,0.0387541,0.0387861,0.0388784,0.104306,0.0387529,0.0389478,0.0388691,0.038756,0.0387531,0.0409043,0.038897,0.0388932,0.0398136,0.0387767,0.0387996,0.0387667,0.038771,0.0387533,0.0387993,0.0389052,0.0388405
0.0386499,0.0386257,0.0415593,0.0386259,0.0393157,0.0386806,0.038634,0.0386257,0.104962,0.0386377,0.0386264,0.0386284,0.0386281,0.0388156,0.0386272,0.039098,0.0386437,0.0386277,0.0386257,0.0386266,0.0407321,0.0386257,0.038753,0.0386257
0.0389809,0.0388628,0.0388649,0.0388629,0.0388774,0.0388922,0.0390236,0.0389329,0.0388839,0.0388637,0.0388646,0.0388628,0.10526,0.0388633,0.0388632,0.0388653,0.0388658,0.0388631,0.0393204,0.0388629,0.0388628,0.038864,0.0388735,0.0388629
0.0385817,0.0385543,0.0385424,0.038692,0.0385423,0.0385424,0.0385423,0.0385423,0.0385423,0.0385523,0.0385606,0.038635,0.0385423,0.0385871,0.0385426,0.0386251,0.0385438,0.0388199,0.0385633,0.0470557,0.0385429,0.0385997,0.0385444,0.104203
0.0388369,0.0388488,0.0388369,0.0388876,0.0388953,0.0392257,0.0388879,0.0388407,0.0388527,0.0388494,0.038837,0.0388356,0.0388358,0.105535,0.0388355,0.0389265,0.0388387,0.03884,0.0388356,0.0392901,0.0388355,0.0388357,0.0388359,0.0389212
0.0388456,0.0388466,0.0389148,0.0388661,0.0388695,0.0388414,0.0388411,0.038841,0.0388412,0.0388412,0.0392187,0.0388413,0.038853,0.0388411,0.0388421,0.0388454,0.0392578,0.0388467,0.105009,0.0389405,0.0388793,0.0388525,0.0393836,0.038841
0.0390602,0.038836,0.0388603,0.0388361,0.0388697,0.0388695,0.0389416,0.0388369,0.0390082,0.0388513,0.0388364,0.038836,0.105477,0.0388387,0.0388385,0.0388383,0.0388388,0.0388372,0.039506,0.038836,0.038836,0.0388362,0.0388386,0.0388361
0.0389063,0.0388152,0.0388908,0.0390602,0.0388153,0.038815,0.0388552,0.0388159,0.0388149,0.0389414,0.0388372,0.038815,0.0388193,0.0388166,0.0390241,0.0388181,0.105462,0.0388149,0.0396406,0.0388146,0.0388152,0.0388218,0.0388601,0.0389104
0.038861,0.038861,0.0388626,0.0388616,0.0388611,0.0388625,0.0388705,0.0388951,0.0388616,0.0389238,0.0392177,0.038889,0.0388609,0.0388607,0.0389437,0.038868,0.10557,0.038861,0.0388962,0.0388607,0.038863,0.0388624,0.0388633,0.0388623
0.0388545,0.0388936,0.0388524,0.038854,0.0388668,0.0389183,0.0388551,0.0388631,0.0388587,0.0388536,0.0389686,0.0388979,0.0388531,0.0388672,0.0388529,0.0390163,0.0388525,0.0389856,0.0388602,0.105596,0.0388568,0.0388606,0.0388529,0.0390092
0.0388587,0.0388384,0.03884,0.0388416,0.0388384,0.0389171,0.0388426,0.0389106,0.0388387,0.0389136,0.0388408,0.0389114,0.038858,0.0388384,0.038906,0.0388433,0.0388423,0.0389427,0.0390755,0.038848,0.0388396,0.105549,0.0392244,0.0388411
0.0402257,0.038722,0.038731,0.0400566,0.038722,0.0387291,0.0387222,0.0387229,0.0387245,0.104727,0.038722,0.0387248,0.0387222,0.0387397,0.038727,0.0391994,0.0388215,0.0388181,0.0387221,0.038722,0.038723,0.0392549,0.0387297,0.0392906
0.0388544,0.0388645,0.0388564,0.0388588,0.038869,0.0388506,0.0388845,0.0388503,0.0388587,0.038852,0.0388542,0.0390662,0.0388502,0.03885,0.0388527,0.0388553,0.0388528,0.0388501,0.0388508,0.0389285,0.105546,0.038881,0.0393047,0.0388582
0.0382615,0.0382626,0.0382869,0.038262,0.0382615,0.039113,0.0382654,0.0385049,0.0382621,0.0382619,0.048291,0.0966369,0.0383226,0.0382654,0.0382666,0.0382616,0.0482218,0.0383214,0.0382643,0.038307,0.0383227,0.0383193,0.0401801,0.0382774
0.0391287,0.0388522,0.0388534,0.0388608,0.0388522,0.0388573,0.0388531,0.0388522,0.0388603,0.0388526,0.0388589,0.0388685,0.0388529,0.0388526,0.038853,0.0389524,0.0388607,0.0388556,0.0388587,0.0389869,0.0390072,0.0389226,0.105588,0.0388591
0.104285,0.0384988,0.0385041,0.0385511,0.0385011,0.0384989,0.0385008,0.0384991,0.0385361,0.0384997,0.0385088,0.0384988,0.0385004,0.0384988,0.0385076,0.0385017,0.0385008,0.0384992,0.0385,0.0385013,0.0385266,0.0386656,0.0483904,0.0385253
0.0403243,0.0402812,0.040282,0.0402812,0.0402839,0.0402837,0.0402852,0.0403256,0.0402812,0.0402813,0.0404525,0.0402844,0.0542809,0.0402812,0.0436227,0.0402814,0.0403008,0.0402832,0.04047,0.0402828,0.0402814,0.0556474,0.0403396,0.0402821
0.0388764,0.0390508,0.0388764,0.0388764,0.0388806,0.0388942,0.0388879,0.10527,0.0388879,0.0388819,0.0389709,0.0389039,0.0389024,0.0388782,0.0388949,0.0388764,0.0389649,0.0388809,0.0389341,0.0389015,0.0388766,0.03888,0.0388765,0.0388764
0.0429469,0.0390324,0.0390697,0.0390352,0.0390314,0.0390377,0.0390313,0.0390603,0.0390669,0.0390332,0.0397803,0.0391187,0.0390842,0.0390343,0.0390333,0.0393579,0.0390311,0.0944136,0.0394009,0.0392275,0.0390314,0.0398139,0.039047,0.0402812
0.0389213,0.0389507,0.0405686,0.0389159,0.101136,0.0389174,0.0389165,0.038916,0.03913,0.0389208,0.0389161,0.0389201,0.038916,0.0389351,0.0389176,0.0396497,0.0389204,0.0389165,0.0400164,0.0389167,0.038928,0.038916,0.0389158,0.0389225
0.038844,0.0390914,0.0388564,0.0390053,0.0388695,0.105377,0.0388447,0.0389332,0.0388498,0.0389419,0.038844,0.0389737,0.0388444,0.0389431,0.0388572,0.0388531,0.0388505,0.038847,0.0391404,0.0388508,0.0388444,0.0388503,0.038844,0.0388441
0.0385939,0.0385972,0.0386222,0.0385966,0.0385939,0.104894,0.0386218,0.0386252,0.0385956,0.0385953,0.0385954,0.0386357,0.0385994,0.0386415,0.0385994,0.0388624,0.0385988,0.0386358,0.0386335,0.0386045,0.0385946,0.0454716,0.0385949,0.0385966
0.0378149,0.03841,0.0378305,0.0520715,0.0378229,0.0996466,0.0378147,0.0501453,0.0379189,0.0379032,0.037815,0.0378437,0.0379061,0.0380248,0.0378942,0.0378147,0.0378174,0.0405732,0.0378147,0.0378163,0.0378146,0.0378541,0.0378167,0.037816
0.0394989,0.040117,0.0394918,0.0397925,0.0395022,0.0395106,0.0394918,0.0395159,0.0394921,0.0398879,0.0394985,0.0395024,0.0394919,0.0394922,0.0395354,0.0394991,0.0394918,0.0863279,0.0394928,0.0433344,0.039504,0.039499,0.0394956,0.0395343
0.0388856,0.0388569,0.0388589,0.0388821,0.038857,0.0389315,0.0390292,0.0388568,0.0389375,0.0388687,0.0388568,0.0388698,0.0388569,0.0388719,0.038857,0.105602,0.0388597,0.0388614,0.0388755,0.038895,0.0388632,0.0389409,0.0388577,0.0389678
0.0397444,0.0397639,0.0412644,0.0397493,0.0661918,0.0439549,0.0499298,0.0397672,0.0399547,0.0397416,0.039761,0.0397664,0.0421476,0.0397583,0.0397405,0.0397492,0.0397428,0.0397406,0.0408205,0.0397439,0.0397446,0.0397408,0.0397411,0.0397405
0.038638,0.0386124,0.0386128,0.0386124,0.0386517,0.0386344,0.0393987,0.0386154,0.104744,0.0386129,0.0389719,0.038656,0.0394541,0.038621,0.0386444,0.0402768,0.0386177,0.0386586,0.0386124,0.0386166,0.0399666,0.0386124,0.0400296,0.039129
0.0387841,0.0387825,0.0387882,0.0388367,0.0387824,0.105325,0.0387856,0.0388244,0.0387973,0.0409946,0.038784,0.0387824,0.0388519,0.0387863,0.0387923,0.0387909,0.0388294,0.0388769,0.0387951,0.0387907,0.0387823,0.0388693,0.0387829,0.0387849
0.0389145,0.0388859,0.0388698,0.10557,0.0389353,0.0388685,0.038869,0.0388677,0.0388673,0.0390088,0.0388672,0.0388676,0.0388672,0.0390235,0.0388673,0.0388751,0.0388865,0.0388684,0.0388675,0.0388673,0.0388678,0.0388678,0.0388742,0.038876
0.0388458,0.0388233,0.0388266,0.0388226,0.0388343,0.0388223,0.0388317,0.0388224,0.0388842,0.0388365,0.0388323,0.0388368,0.0388226,0.0388223,0.0388254,0.0388369,0.0388233,0.0388224,0.0388238,0.0388291,0.105471,0.0388275,0.040254,0.038823
0.038876,0.0388762,0.0388775,0.0388763,0.0388761,0.038876,0.0388764,0.0388803,0.0390107,0.038924,0.0388829,0.039018,0.0388759,0.0388763,0.0391338,0.0390334,0.105029,0.0388762,0.0388772,0.0388759,0.0389132,0.0388765,0.0388836,0.038899
0.0388494,0.0388496,0.038843,0.0388468,0.038843,0.038843,0.038843,0.0388431,0.0388439,0.0388583,0.0388469,0.0388638,0.0388431,0.0389369,0.0388756,0.03886,0.0388432,0.0389657,0.0388432,0.0396869,0.038848,0.0388884,0.0388504,0.105385
0.0386998,0.0389608,0.0387261,0.044771,0.0387261,0.0387296,0.0387015,0.0386996,0.0387002,0.038701,0.0386996,0.0386996,0.0387007,0.103446,0.0386993,0.0387005,0.0387041,0.0386997,0.0387001,0.0387037,0.0386993,0.0386995,0.0387024,0.0387299
0.0383507,0.0383624,0.0384469,0.0383498,0.0383628,0.0383504,0.0383522,0.0383699,0.0383639,0.0383534,0.0474228,0.0399183,0.0383965,0.0383497,0.0383531,0.038351,0.103005,0.0383502,0.0423563,0.0383558,0.038384,0.0383495,0.0383954,0.0383501
0.0401471,0.0399017,0.0399011,0.0399046,0.0399011,0.0399011,0.0399012,0.0399014,0.0399061,0.0399025,0.0407689,0.0399034,0.0399102,0.0399139,0.0399018,0.0399058,0.039901,0.0715827,0.0399202,0.0402077,0.0399047,0.0399062,0.0399857,0.0490202
0.0395921,0.0872704,0.0395923,0.0406519,0.0396885,0.0395899,0.0396086,0.0395944,0.0395892,0.0395966,0.0396207,0.0398007,0.0395891,0.0395918,0.0395896,0.0395895,0.0395899,0.0396088,0.039589,0.0396468,0.0396384,0.0395896,0.039589,0.0401935
0.0388756,0.0388809,0.038879,0.0388756,0.0388874,0.0388787,0.0388828,0.0388893,0.0389137,0.0388762,0.0388757,0.105612,0.0388784,0.0388761,0.0388834,0.0388883,0.0389206,0.0388782,0.0389157,0.0389108,0.0388836,0.0388759,0.038881,0.0388806
