0.0386575,0.0386575,0.0386693,0.0386576,0.0387825,0.0386617,0.0386585,0.0386695,0.0402872,0.0386977,0.0508938,0.0444146,0.0386573,0.0386594,0.0898258,0.0386616,0.0396102,0.0387034,0.0386577,0.0386579,0.0388189,0.0386599,0.0387196,0.0386609
0.041718,0.0385932,0.0386431,0.0385577,0.0385844,0.0385585,0.0385675,0.0385565,0.0385705,0.038975,0.0385584,0.0385568,0.0388738,0.0385565,0.0387239,0.0385813,0.038612,0.0385624,0.0388932,0.0385567,0.101681,0.038953,0.045009,0.0385573
0.0360664,0.0373389,0.0366534,0.0923693,0.0360628,0.036502,0.0360635,0.0360922,0.0360667,0.0360725,0.0360685,0.0360823,0.0360626,0.0967413,0.0360626,0.0362121,0.0360627,0.0361826,0.0360649,0.0467679,0.0360629,0.0360667,0.0360674,0.0402079
0.0394135,0.0393669,0.0393765,0.0393733,0.0394274,0.0393678,0.0395764,0.0393668,0.0815775,0.0393668,0.0393746,0.0393682,0.0394827,0.0393679,0.0393895,0.041438,0.0393801,0.0393913,0.0395817,0.0393748,0.0393826,0.0393968,0.049492,0.0393669
0.0370894,0.0370624,0.0371746,0.0370899,0.0370594,0.0373432,0.0768376,0.0370589,0.0382187,0.0370661,0.0370587,0.0373505,0.0370696,0.0370953,0.0370593,0.0999019,0.0370589,0.0373347,0.0370591,0.0423624,0.0371273,0.0371805,0.0371064,0.0372352
0.0381335,0.0377702,0.037741,0.047775,0.0377166,0.0377166,0.0377223,0.0377979,0.0377174,0.0379421,0.0416542,0.0377172,0.0377165,0.0378601,0.0377169,0.0393242,0.037748,0.101707,0.0377245,0.0403808,0.0377196,0.0377252,0.0475687,0.0394045
0.0375077,0.0374874,0.0503002,0.0374873,0.0425059,0.0374927,0.0375337,0.0374873,0.0377075,0.0374873,0.0381475,0.0374884,0.101208,0.0374873,0.0375047,0.0374878,0.0376108,0.0374873,0.0546901,0.0374877,0.0377342,0.0375216,0.0376596,0.037488
0.0383246,0.0383128,0.0386053,0.0383126,0.0386769,0.0383144,0.0383484,0.0383361,0.0384684,0.0383544,0.103545,0.0383721,0.0383161,0.0383129,0.0519016,0.0383132,0.0384964,0.0384595,0.038319,0.0383137,0.0383505,0.0383136,0.0386128,0.0383196
0.0387233,0.0387237,0.0387401,0.038802,0.0387232,0.0387686,0.0387295,0.0388702,0.0387925,0.0390686,0.0407248,0.099889,0.0387222,0.0392261,0.0402045,0.038934,0.0387225,0.0396479,0.0387222,0.0400811,0.0387273,0.0387356,0.0387272,0.0409939
0.0385677,0.0385601,0.0391806,0.0387298,0.0385754,0.0385651,0.0386578,0.0387907,0.0385598,0.0385625,0.0385811,0.03856,0.0416954,0.0385598,0.0385763,0.0385598,0.0416697,0.0385603,0.104587,0.0385599,0.0385608,0.0396319,0.0385887,0.0385597
0.0391464,0.0391869,0.0391942,0.0391751,0.0392803,0.0403546,0.0395645,0.0391459,0.0405167,0.039145,0.0391455,0.0391678,0.0391882,0.03916,0.0391451,0.0931736,0.0391448,0.0391517,0.0392101,0.0421893,0.0391489,0.0391505,0.0391533,0.0391617
0.0390912,0.0385193,0.0390581,0.0385168,0.0385213,0.0385663,0.0385645,0.0385166,0.0385274,0.0385212,0.0385167,0.038517,0.0541723,0.0385166,0.0385185,0.0385436,0.0385228,0.0385167,0.039471,0.0385176,0.0923307,0.0413358,0.0395999,0.038518
0.0389271,0.0388756,0.0388647,0.0388665,0.0388836,0.038872,0.0998192,0.0394048,0.0388654,0.0413999,0.0388763,0.0388645,0.0392385,0.0388646,0.0394356,0.038875,0.0406365,0.0388788,0.0389058,0.0388645,0.038904,0.0388757,0.0391345,0.0388672
0.0752636,0.0365458,0.0373723,0.0365689,0.0365456,0.0365458,0.0366471,0.0365453,0.0367165,0.0365666,0.0367251,0.0365459,0.0366383,0.0365482,0.0365626,0.0366014,0.0367039,0.0366364,0.0365462,0.0365456,0.0587561,0.0366753,0.096629,0.0365687
0.0383067,0.0472554,0.0383068,0.0383102,0.0383478,0.0408033,0.0386562,0.103761,0.038307,0.0398837,0.0383469,0.0390982,0.0383068,0.038308,0.0384381,0.0383083,0.0384931,0.0383542,0.0383395,0.0383782,0.0383158,0.0383546,0.0383067,0.0387134
0.0598797,0.0375635,0.0377957,0.0374901,0.0374927,0.0374897,0.0375151,0.0374892,0.0375149,0.0375686,0.0375254,0.0374901,0.0377379,0.0374892,0.0375109,0.0374986,0.0374969,0.0375066,0.0375111,0.0374901,0.100664,0.0375414,0.0512374,0.0375016
0.0377195,0.0377075,0.0377274,0.0377061,0.0377841,0.0377067,0.0382342,0.0378016,0.0377045,0.03772,0.0377106,0.0377044,0.0519762,0.0377044,0.0377696,0.037705,0.0522681,0.0377084,0.101553,0.0377045,0.0378133,0.0390976,0.0377691,0.0377045
0.0377627,0.0377426,0.0391954,0.0377422,0.0709997,0.0377931,0.0898313,0.0377401,0.0435926,0.0377411,0.0381732,0.0377449,0.0377669,0.0377405,0.038354,0.0380463,0.0377552,0.0377462,0.0377625,0.0377403,0.0377585,0.03774,0.0377903,0.0377401
0.0386479,0.038756,0.0386479,0.0391503,0.0386484,0.039332,0.0386654,0.104848,0.0386479,0.0424747,0.0387023,0.0386506,0.0386479,0.038658,0.0386651,0.038648,0.0388016,0.0386887,0.0393059,0.0386482,0.038648,0.0387864,0.0386481,0.0386821
0.0384245,0.0384168,0.038412,0.0384133,0.0384356,0.0384119,0.0385411,0.0384791,0.0384122,0.0385052,0.0388408,0.0384109,0.0384198,0.0384107,0.0469568,0.0384114,0.103784,0.0384429,0.0385678,0.0384107,0.0400697,0.0384226,0.0399895,0.0384108
0.0704688,0.0374157,0.0374644,0.0405305,0.0374445,0.0374098,0.0375461,0.0374099,0.0375457,0.0374155,0.0381634,0.0374097,0.0377475,0.0374245,0.0374118,0.0376053,0.0374636,0.0379475,0.0375081,0.0374102,0.0374231,0.0374129,0.101008,0.0374134
0.0380693,0.0380693,0.0384612,0.0380692,0.050187,0.0381561,0.0452762,0.0380698,0.0978954,0.0380692,0.0381214,0.0400162,0.0386672,0.0380692,0.0415415,0.0380713,0.0382348,0.0380692,0.0381356,0.0380708,0.0384695,0.0380709,0.0380705,0.0380692
0.0387919,0.0386064,0.0386851,0.0387862,0.0386293,0.0386062,0.0388459,0.0386487,0.0386066,0.0386089,0.0400929,0.038606,0.0413731,0.0386062,0.0386108,0.0386166,0.0394823,0.0389514,0.10362,0.0386065,0.0386062,0.0387762,0.0406301,0.0386069
0.0379816,0.0379771,0.0387987,0.0379764,0.044204,0.0379912,0.0381354,0.0379765,0.038051,0.0379764,0.0379937,0.0379767,0.102933,0.0379764,0.0380839,0.037978,0.0410367,0.0379765,0.0505406,0.0379765,0.0383493,0.0380413,0.0380907,0.037978
0.0385688,0.0385677,0.0386042,0.0385756,0.0385677,0.0396297,0.038622,0.0385697,0.0388284,0.0387983,0.0385698,0.104102,0.0385677,0.0390285,0.0417696,0.0389068,0.0385699,0.0385719,0.0385677,0.0385845,0.0386473,0.0416187,0.0385695,0.0385935
0.0388871,0.0404819,0.0383306,0.0491906,0.0383144,0.0383195,0.0383272,0.0387371,0.0383143,0.103982,0.0383228,0.0383153,0.0383143,0.0384872,0.0383912,0.0383144,0.0383165,0.038439,0.0385365,0.0383148,0.0383599,0.0383581,0.0383193,0.0383267
0.0371759,0.0371761,0.0383901,0.0371759,0.0495615,0.0495789,0.097382,0.0371773,0.0537522,0.0371759,0.0371789,0.0382632,0.0406119,0.037176,0.0373291,0.0372361,0.0373828,0.0371759,0.037192,0.0371769,0.037203,0.0371766,0.037176,0.0371761
0.0394303,0.0387196,0.0387108,0.0387445,0.0387016,0.0387083,0.105146,0.0387563,0.0387017,0.041637,0.0387019,0.0387015,0.0387972,0.0387015,0.0387603,0.0387164,0.0389837,0.0387222,0.0388619,0.0387016,0.0388082,0.0388027,0.0387825,0.0387021
0.0387239,0.102212,0.0387283,0.0390297,0.0387797,0.0392495,0.0389233,0.0391832,0.0387247,0.0421632,0.0387248,0.0388106,0.0387236,0.0387372,0.0387416,0.039045,0.0387244,0.0389608,0.0387334,0.0396147,0.039076,0.0387244,0.0387237,0.0389421
0.0959978,0.0363714,0.0367996,0.0381968,0.0363711,0.0363712,0.0363742,0.0363712,0.0363789,0.0374231,0.0365403,0.0364027,0.0363814,0.0373394,0.036381,0.0363756,0.0363776,0.0364638,0.0363721,0.0363732,0.0369439,0.0385764,0.0957806,0.0370367
0.0376678,0.0377133,0.0376737,0.0380327,0.0376675,0.0383989,0.0376679,0.037752,0.0376688,0.0377127,0.0376691,0.0476434,0.0376678,0.0505352,0.0376675,0.0383236,0.0376716,0.0377622,0.037668,0.0388022,0.0376856,0.0439562,0.0376681,0.101324
0.0388518,0.0382737,0.038576,0.0383173,0.0383433,0.0382736,0.0382948,0.0382764,0.0382965,0.0382889,0.103711,0.038274,0.0382977,0.0382813,0.0384058,0.0382745,0.0382913,0.0385286,0.0382847,0.0382733,0.0382749,0.0382734,0.052669,0.0383687
0.0384003,0.0384038,0.041012,0.0386029,0.0424834,0.0383951,0.0383955,0.0383977,0.0384019,0.0383926,0.0384287,0.0383923,0.0439822,0.0383925,0.0383968,0.0383923,0.0384681,0.0383923,0.104257,0.038393,0.0383931,0.0384092,0.038425,0.0383922
0.0386637,0.0395955,0.0386637,0.0388497,0.0386654,0.0405967,0.0386801,0.104954,0.0386637,0.0390683,0.0386953,0.0386775,0.0386639,0.0386707,0.0386678,0.0386638,0.0389351,0.0386714,0.0403846,0.0386651,0.0386639,0.038821,0.0386637,0.0387555
0.0381382,0.0384214,0.0382094,0.0401969,0.0381385,0.0391922,0.0381404,0.0382049,0.0381542,0.0381391,0.0381383,0.0392621,0.0381386,0.0398273,0.0381381,0.0506622,0.0381382,0.0382647,0.0381765,0.102835,0.0381389,0.0382496,0.0381384,0.0389572
0.0382057,0.0382055,0.038208,0.0382072,0.0405048,0.0382019,0.0382814,0.0388564,0.0382052,0.0383566,0.100336,0.0382024,0.0382032,0.038202,0.0539102,0.0382022,0.0392773,0.0385177,0.0387376,0.0382017,0.0382025,0.0382018,0.0383709,0.038202
0.0366909,0.0371927,0.0392451,0.0980936,0.0366456,0.0382104,0.0366505,0.036649,0.0366573,0.0366675,0.0366458,0.0366559,0.0366454,0.089115,0.0366453,0.0373939,0.0366453,0.036658,0.0367314,0.0375336,0.0366458,0.0366592,0.0366577,0.0366652
0.0378866,0.0378974,0.0379069,0.0378912,0.0379071,0.0383348,0.0380364,0.0378865,0.0408915,0.0378863,0.03789,0.0388006,0.037888,0.0379381,0.0378869,0.10258,0.0378863,0.0384011,0.037886,0.0562342,0.0379438,0.0378921,0.0379107,0.0403376
0.038586,0.0385861,0.038655,0.0386009,0.0385904,0.0398316,0.038605,0.0385918,0.0420731,0.0385903,0.0385963,0.103121,0.038586,0.0398516,0.0387017,0.0405704,0.0385861,0.0385926,0.0385868,0.0388036,0.0385894,0.0394417,0.0385868,0.0386759
0.0363899,0.036385,0.0368426,0.0870791,0.0362727,0.0364858,0.0362754,0.0362775,0.0362782,0.0363116,0.036283,0.0363048,0.036273,0.0976521,0.0362727,0.0365108,0.0362728,0.0364126,0.0362778,0.0367265,0.0362733,0.0363644,0.0363271,0.0514514
0.0383303,0.0387515,0.038332,0.0383303,0.0383315,0.0386008,0.0383834,0.0383305,0.0386769,0.0400928,0.0383302,0.100235,0.0383297,0.0384571,0.0400551,0.0386923,0.0383302,0.0383321,0.0383297,0.0383711,0.0491837,0.0383455,0.0383298,0.0405184
0.0383778,0.0383782,0.0383782,0.0383779,0.038405,0.0412755,0.0384561,0.0394698,0.045103,0.0383779,0.038508,0.104116,0.0383834,0.0383817,0.0395537,0.038497,0.0385298,0.0383813,0.0383781,0.0389131,0.0383905,0.0384866,0.0383779,0.0385036
0.0387514,0.0389441,0.0386762,0.0391758,0.0386759,0.0386912,0.0393216,0.0392769,0.038676,0.104988,0.0386761,0.0387379,0.0386759,0.0386951,0.0392393,0.0387599,0.0386801,0.0390592,0.0386777,0.0386774,0.0391482,0.0404142,0.0386887,0.0386929
0.0378512,0.0378511,0.0378528,0.0378511,0.0388348,0.0378521,0.0381806,0.0380892,0.038045,0.0378778,0.0504989,0.0384864,0.0378805,0.0378511,0.102657,0.0378512,0.0494618,0.0378566,0.0378749,0.0378511,0.0378537,0.0378539,0.0378854,0.0378512
0.0379582,0.0379102,0.0381732,0.0379117,0.0482862,0.0379101,0.0379163,0.0379112,0.0394964,0.03791,0.101713,0.0379103,0.0396781,0.0379107,0.0379525,0.0379129,0.0379398,0.0379634,0.038595,0.0379106,0.0379116,0.0379102,0.0493677,0.0379406
0.0745395,0.0353482,0.0353756,0.0353526,0.0353413,0.0353407,0.0354306,0.0353405,0.0354541,0.0359593,0.0353415,0.0353407,0.0354239,0.0353407,0.0353734,0.035755,0.0354886,0.0354561,0.0353487,0.0353408,0.0923096,0.0359514,0.0887055,0.035342
0.0379146,0.0379249,0.0379119,0.0379118,0.0383779,0.0379123,0.0380724,0.0379258,0.0379684,0.0379394,0.0387113,0.0379133,0.0381386,0.0379118,0.0576344,0.0379274,0.101659,0.0379404,0.0379248,0.0379118,0.0422375,0.0379163,0.0383916,0.0379223
0.03853,0.0385309,0.0386092,0.0385292,0.0409512,0.0385496,0.0387241,0.0385294,0.0391401,0.0385292,0.0385388,0.0385333,0.103775,0.0385292,0.0385865,0.0385329,0.0423096,0.0385292,0.0391135,0.0385295,0.0407144,0.0385846,0.0385652,0.0385358
0.0388757,0.0386244,0.104443,0.0387355,0.0397494,0.0386988,0.0386981,0.0386205,0.038789,0.0386207,0.0386515,0.0386208,0.0397816,0.0386218,0.0386212,0.0386217,0.0386292,0.0386208,0.042379,0.038631,0.0388447,0.0386228,0.0388789,0.0386205
0.0379855,0.038357,0.0379888,0.039364,0.0379889,0.101701,0.0380053,0.0601189,0.0379857,0.0380394,0.0379856,0.0380139,0.0379861,0.038309,0.0379862,0.0380071,0.0379907,0.0379857,0.0381717,0.0379904,0.0379856,0.0380756,0.0379855,0.0379927
0.0383885,0.0383882,0.0384448,0.0383881,0.0431979,0.0383908,0.0391842,0.0383921,0.0388402,0.0384473,0.045924,0.0384896,0.0384206,0.0383881,0.102743,0.0383905,0.0386921,0.0383955,0.0383919,0.0383881,0.0385388,0.0383886,0.0383973,0.0383897
0.0373328,0.0375765,0.0372581,0.0372784,0.0372575,0.0372937,0.0373468,0.0372873,0.0372577,0.0990039,0.0372575,0.0373225,0.0372576,0.0372624,0.0373593,0.0375497,0.037284,0.0373816,0.0372613,0.0372638,0.0692516,0.0481213,0.0372653,0.0372693
0.0385188,0.0389135,0.0386694,0.0389088,0.0385184,0.0385948,0.0385183,0.0385317,0.0385188,0.0385193,0.0385465,0.0386806,0.0385206,0.0426017,0.0385182,0.0387026,0.0385185,0.0387346,0.0385192,0.042291,0.0385215,0.0385635,0.0385197,0.10455
0.0370763,0.0690473,0.0375195,0.056441,0.037075,0.0371566,0.0370744,0.0370831,0.0370746,0.0370842,0.0370745,0.0370915,0.0370741,0.0447728,0.0370739,0.0372772,0.037074,0.0371547,0.0371903,0.0860047,0.0370829,0.0370843,0.0370749,0.0383381
0.0386317,0.0386966,0.0386188,0.0389607,0.0386186,0.0386477,0.0388211,0.0415894,0.0386186,0.104365,0.0386207,0.0389727,0.0386186,0.0386308,0.0395691,0.0386515,0.0386202,0.0393869,0.0386205,0.0386228,0.0386986,0.0401518,0.0386212,0.0386461
0.0386794,0.0386794,0.0387042,0.0386793,0.038868,0.0387304,0.0387292,0.0386992,0.0387103,0.0392408,0.0390958,0.0406686,0.0386799,0.0386793,0.104448,0.0386841,0.0408487,0.0386844,0.0386829,0.0386793,0.0390743,0.0386933,0.0386816,0.0386793
0.0375739,0.0375742,0.0375725,0.0375728,0.0376375,0.0375991,0.0377636,0.037723,0.0375912,0.0376066,0.0377621,0.0375821,0.0376082,0.0375724,0.0683579,0.0376259,0.101805,0.0375991,0.0376053,0.0375724,0.0395968,0.0376288,0.0378972,0.0375725
0.0386267,0.038662,0.0386268,0.0387125,0.0386305,0.0391261,0.0387287,0.10487,0.0386267,0.0399074,0.0388831,0.0386366,0.0386268,0.0386322,0.0386521,0.0386269,0.0403166,0.0387781,0.040906,0.0386339,0.0386269,0.0389057,0.0386267,0.0386307
0.037488,0.0374855,0.0376932,0.0374926,0.0381524,0.0374927,0.0376091,0.0374957,0.0374863,0.0374841,0.037495,0.037484,0.0715696,0.037484,0.0374853,0.0374846,0.0395425,0.0374842,0.100481,0.0374841,0.0374901,0.0375731,0.0375792,0.0374841
0.038386,0.0383901,0.0383874,0.0383959,0.0383864,0.0386087,0.0384059,0.0383922,0.0390305,0.0383876,0.0383868,0.0386855,0.0383863,0.0384935,0.0383857,0.103834,0.0384001,0.0413384,0.0383856,0.0457723,0.0384461,0.038712,0.0384712,0.0395319
0.0389837,0.0385677,0.0385687,0.0385759,0.0385676,0.0385876,0.0385936,0.0385798,0.0385814,0.0403486,0.0385678,0.0399843,0.038583,0.0386455,0.0386061,0.0387037,0.0387234,0.0385744,0.0385697,0.0385685,0.0402337,0.104508,0.040982,0.0387957
0.0389652,0.038604,0.0386047,0.0389071,0.038604,0.0386077,0.0386114,0.0386718,0.0386041,0.04098,0.0386045,0.0386116,0.0386442,0.0386068,0.0387154,0.0386928,0.0396498,0.038684,0.0389912,0.0386042,0.0386327,0.102469,0.0433212,0.0386124
0.0382745,0.0382996,0.0398354,0.0382836,0.102428,0.0383147,0.0382806,0.0382752,0.0497679,0.0382743,0.0416142,0.0382765,0.0383444,0.0382933,0.0382944,0.0382827,0.038522,0.0382752,0.0386367,0.0382747,0.0382773,0.0382743,0.0383256,0.0382751
0.03777,0.0377696,0.0383604,0.0377695,0.0537034,0.0380051,0.0379418,0.0377696,0.048345,0.0377694,0.0378141,0.0377748,0.100026,0.0377697,0.0377707,0.0379279,0.0378711,0.0377695,0.0411145,0.0377759,0.0377833,0.0378088,0.0378175,0.0377724
0.0381775,0.0399224,0.0382309,0.0390831,0.0381745,0.0384074,0.038196,0.0381953,0.0381747,0.0383315,0.0381971,0.0392552,0.0381745,0.0514876,0.0381744,0.0388148,0.0381761,0.0384088,0.0381744,0.0382526,0.0382121,0.0381982,0.0381752,0.103406
0.0366201,0.0365743,0.0385379,0.0365771,0.0366178,0.0366007,0.0366014,0.0365743,0.0978279,0.0365743,0.0365751,0.0366197,0.0376083,0.036603,0.0365752,0.0768233,0.0365881,0.0365791,0.0365758,0.0365977,0.0367896,0.0366086,0.053773,0.0365775
0.0389312,0.0384901,0.0384971,0.0389126,0.0384888,0.038605,0.0384903,0.03854,0.0384888,0.0464615,0.0384889,0.0385232,0.0385727,0.0385039,0.0384924,0.0384963,0.0385113,0.0384915,0.0390938,0.038489,0.0388604,0.10399,0.0386046,0.0389769
0.0377845,0.0458472,0.0375248,0.101285,0.0374737,0.0374811,0.0374737,0.0379375,0.0374735,0.0517733,0.0375055,0.0374736,0.0374735,0.0480447,0.0374736,0.0374747,0.0375634,0.0393898,0.0376046,0.0374771,0.0374756,0.0374963,0.0377688,0.0377239
0.0413229,0.0401094,0.0385467,0.0420153,0.0385133,0.038516,0.0386675,0.038602,0.038513,0.104555,0.0385309,0.0385138,0.038513,0.0385649,0.0390609,0.0385134,0.0385143,0.0388202,0.038668,0.038514,0.0388234,0.0385312,0.0385575,0.0385139
0.038198,0.0381767,0.038208,0.0381773,0.0389716,0.0381774,0.045044,0.0381768,0.0954898,0.0381767,0.0381851,0.0381783,0.0394452,0.0381768,0.0385494,0.0395828,0.0383224,0.0381857,0.038307,0.0381775,0.0381779,0.0381841,0.0535547,0.0381768
0.038827,0.0385504,0.104641,0.0401916,0.0402389,0.0385562,0.038608,0.0385481,0.0386849,0.0385482,0.0397762,0.0385485,0.0388947,0.0385664,0.0385488,0.0385485,0.0385515,0.0385509,0.0416359,0.0385616,0.03855,0.0385482,0.0387762,0.0385483
0.0386749,0.102805,0.0386976,0.0396519,0.0386947,0.0405148,0.0386777,0.0387083,0.0386769,0.0393074,0.0386751,0.0396296,0.0386748,0.0399401,0.0386758,0.0387182,0.0386749,0.0386756,0.0386801,0.0389152,0.0388259,0.0386764,0.0386748,0.0401545
0.0394667,0.0384074,0.0382428,0.0473548,0.0382379,0.0382396,0.0382397,0.0383856,0.0382379,0.102858,0.038239,0.0382382,0.038238,0.0383326,0.0382622,0.0383429,0.0382534,0.0414711,0.0385735,0.0382418,0.0383166,0.0407018,0.0388733,0.0382455
0.0381522,0.0381617,0.0408329,0.0381527,0.100527,0.0384102,0.038159,0.0381855,0.0382771,0.0381522,0.0400996,0.0381576,0.0392793,0.0381526,0.0381667,0.0381524,0.038239,0.0381524,0.0538109,0.0381552,0.0381636,0.0381533,0.0381537,0.0381528
0.0364341,0.0363822,0.0365224,0.0470301,0.0363761,0.0363863,0.0363761,0.0363841,0.0363772,0.0364539,0.0365111,0.0366342,0.0363773,0.0872042,0.0363761,0.0366209,0.0363785,0.0375815,0.0363835,0.0367564,0.0363774,0.0389923,0.0366935,0.0963908
0.0382353,0.0381735,0.103295,0.0383406,0.0518074,0.0381701,0.0381692,0.0381552,0.0389779,0.0381553,0.0392896,0.0381562,0.0383024,0.0381643,0.0381571,0.0381556,0.0381565,0.0381567,0.0410325,0.0381728,0.0381734,0.0381552,0.0382925,0.0381553
0.0384537,0.0383555,0.0384212,0.03841,0.0386995,0.0383436,0.0383488,0.0384036,0.0383599,0.0383516,0.102981,0.0383437,0.0383506,0.0383459,0.0383537,0.0383443,0.0383771,0.0440192,0.0408555,0.0383685,0.0383444,0.0383439,0.0444696,0.038355
0.0388167,0.0386972,0.0387358,0.0388298,0.0386971,0.0387168,0.0386973,0.0388321,0.0386972,0.0399585,0.0386977,0.0388245,0.0389554,0.038707,0.0386997,0.0387194,0.0387062,0.0387556,0.0399467,0.0388247,0.0387892,0.10504,0.0389489,0.039707
0.0395614,0.0402487,0.0396259,0.0411471,0.0395749,0.0410645,0.0395803,0.0396837,0.0395887,0.0395617,0.039599,0.0402068,0.0395617,0.0554415,0.0395613,0.0399036,0.0395613,0.0395719,0.0395646,0.0588025,0.0395614,0.0395626,0.0395616,0.0499032
0.0385984,0.0412431,0.0387073,0.0388179,0.0386716,0.0418108,0.0386269,0.0388172,0.0394392,0.0385983,0.038601,0.0386563,0.038615,0.0400622,0.0385983,0.0388004,0.0385984,0.0386257,0.0390262,0.102548,0.0386162,0.0386173,0.0385987,0.0387061
0.0363595,0.0365889,0.078261,0.0363639,0.0877199,0.0415081,0.0363612,0.0363601,0.0365573,0.0363594,0.0364034,0.0363862,0.0395839,0.0363623,0.0363597,0.0363598,0.0364189,0.0363594,0.0614096,0.0363761,0.0364609,0.0363601,0.0363598,0.0363606
0.0363708,0.0379789,0.0366553,0.0957212,0.0363628,0.0376041,0.0363637,0.0363756,0.0363657,0.0363654,0.0363637,0.036365,0.0363628,0.097976,0.0363626,0.0364812,0.036363,0.036376,0.0363796,0.0367446,0.0363631,0.0363961,0.0363739,0.038929
0.0370774,0.0371285,0.0372773,0.0370943,0.037084,0.0371796,0.0370813,0.0370758,0.0383281,0.0370758,0.0370803,0.0372642,0.0370765,0.0380562,0.0370755,0.0942463,0.0370755,0.0376811,0.0370776,0.0829227,0.0372017,0.0370927,0.0370885,0.040659
0.038933,0.0386862,0.0386716,0.0388091,0.0386712,0.038674,0.0386806,0.0393832,0.0386712,0.104793,0.038726,0.0386879,0.0386711,0.0388553,0.0413998,0.0386742,0.0386732,0.0396475,0.0386736,0.0386717,0.0387409,0.0390262,0.0387918,0.0387879
0.035653,0.0537296,0.0361929,0.0958085,0.0356235,0.035681,0.0356238,0.0356305,0.0356236,0.0364251,0.0356237,0.0356345,0.0356234,0.0963018,0.0356234,0.0356672,0.0356237,0.0357737,0.0356322,0.036401,0.0356291,0.0356424,0.0356271,0.0392052
0.0366802,0.0370586,0.0366809,0.0366964,0.0373938,0.0368209,0.0367725,0.0988329,0.0366803,0.0366952,0.054485,0.0366885,0.0366843,0.0366811,0.0367528,0.0366804,0.0464743,0.0367589,0.0650316,0.0366855,0.0366803,0.0366836,0.0366802,0.0367219
0.0381417,0.0393112,0.0380988,0.0384168,0.0380709,0.0380715,0.0380723,0.0381831,0.0380708,0.0429905,0.0390264,0.0380738,0.0380708,0.0380862,0.0380765,0.0381444,0.0380986,0.0935915,0.0380725,0.0383846,0.0384206,0.0380852,0.0382847,0.0601567
0.0396151,0.0385943,0.0383005,0.047471,0.0382914,0.0382918,0.0383266,0.0391518,0.0382912,0.103797,0.0384079,0.0382916,0.0382912,0.0384554,0.0386077,0.0382914,0.0382941,0.0411659,0.0384065,0.038295,0.0383199,0.0383012,0.0384499,0.0382915
0.0364472,0.0380414,0.0370148,0.0978118,0.0362676,0.0362918,0.0362678,0.0362828,0.0362682,0.0374997,0.036273,0.0362791,0.0362676,0.0970649,0.0362676,0.0363076,0.0362677,0.0373094,0.036353,0.0381858,0.036269,0.0362781,0.0362972,0.036387
0.0364257,0.0395325,0.0380706,0.0983719,0.036238,0.0362912,0.0362381,0.036246,0.0362381,0.0366742,0.0362388,0.0362388,0.036238,0.0972751,0.036238,0.0363016,0.0362386,0.036511,0.0364342,0.036652,0.0362389,0.0362707,0.0362839,0.036514
0.0364562,0.0369204,0.0371321,0.0597003,0.0364433,0.0365189,0.0364434,0.036446,0.0364489,0.0364456,0.0364525,0.03654,0.0364436,0.0954051,0.0364432,0.0364927,0.0364434,0.036482,0.0364458,0.0393704,0.0364477,0.0365031,0.0364625,0.0751129
0.0376085,0.0375567,0.037574,0.037561,0.0424858,0.0375595,0.0376329,0.0375731,0.0378146,0.0375567,0.0377348,0.0375567,0.0831093,0.0375567,0.0375742,0.0375568,0.0378758,0.0375566,0.0837536,0.0375566,0.0375659,0.0376198,0.0385034,0.0375566
0.0390296,0.0389448,0.038952,0.0390946,0.0389432,0.0391458,0.0994851,0.0390196,0.0389596,0.0390147,0.0389431,0.0390506,0.0389598,0.0389472,0.038947,0.040101,0.0389462,0.0389489,0.0390493,0.0390326,0.038959,0.0414961,0.0390865,0.0389434
0.038522,0.0389432,0.0385248,0.0385372,0.038558,0.101068,0.0399625,0.0385972,0.0385638,0.0385244,0.0385222,0.0396096,0.0385248,0.0385297,0.038525,0.0479553,0.0385302,0.0385226,0.0385248,0.0385354,0.038695,0.0385682,0.0385221,0.0386345
0.0424158,0.0371338,0.0371015,0.0370996,0.0371109,0.0370944,0.0989613,0.0370913,0.0371752,0.0370931,0.0370981,0.0370907,0.0750495,0.0370906,0.0370968,0.0371478,0.0371675,0.0370924,0.0370973,0.0370906,0.037561,0.0370954,0.0406859,0.0373595
0.0382877,0.0383131,0.0382891,0.0383324,0.0382878,0.0405016,0.0383183,0.0384662,0.0383048,0.0500048,0.038288,0.0979743,0.0382875,0.0435464,0.0387622,0.038472,0.0382886,0.0382926,0.0382877,0.0383042,0.0383783,0.0392305,0.0382876,0.0384941
0.03864,0.0388007,0.0387819,0.0403452,0.0386421,0.0504642,0.0386465,0.0393874,0.0386472,0.0386423,0.0386403,0.0485515,0.0386415,0.0485757,0.0386399,0.0386622,0.0386399,0.0386413,0.0387969,0.0717811,0.0386405,0.0391224,0.03864,0.0430293
0.0386611,0.0388249,0.0388058,0.038662,0.0395134,0.0448408,0.0946737,0.0408129,0.0386762,0.0386635,0.038662,0.0388977,0.0396851,0.0386614,0.0386655,0.0386642,0.0386704,0.0386616,0.0433971,0.0392038,0.0386656,0.0387019,0.0386611,0.0386685
0.0383554,0.0389195,0.0384132,0.0387526,0.038361,0.0393331,0.0383559,0.0383733,0.038603,0.0383556,0.0383571,0.0389581,0.0383554,0.0446071,0.0383554,0.0475431,0.0383555,0.0384313,0.0383682,0.0992394,0.0383574,0.038367,0.0383559,0.0385265
0.039917,0.03862,0.0386208,0.0386215,0.0386379,0.0386197,0.0386236,0.0386215,0.040894,0.038644,0.0417593,0.03862,0.038631,0.0386202,0.0392831,0.0386529,0.0389159,0.0391826,0.0386293,0.0386199,0.0391491,0.0386375,0.102859,0.0386206
0.0382591,0.0383005,0.0382588,0.0382586,0.0383079,0.0382692,0.0446635,0.0383938,0.0382641,0.0383142,0.0383396,0.0382607,0.0382901,0.0382586,0.0427055,0.0382656,0.101967,0.0382961,0.0382626,0.0382586,0.0450035,0.0382653,0.038271,0.0382662
0.038693,0.105017,0.0386947,0.0397812,0.0388254,0.0391526,0.0387093,0.03878,0.0387031,0.0391369,0.0386934,0.0387293,0.0386929,0.0393301,0.0386933,0.0390106,0.0386932,0.0387195,0.0387011,0.0397431,0.0388996,0.038693,0.0386929,0.0392145
0.0381181,0.0381965,0.0381186,0.0382418,0.0381175,0.0381869,0.0381257,0.0381889,0.0381462,0.0381551,0.0381175,0.0381657,0.0381173,0.0382942,0.0381173,0.101424,0.0382322,0.0490228,0.0381268,0.0473483,0.0381713,0.0387609,0.0381571,0.0383493
0.038582,0.0385801,0.0386053,0.0385976,0.0385795,0.0385927,0.0385795,0.0386572,0.0385795,0.0389523,0.0385796,0.0392322,0.0385974,0.0386172,0.0385799,0.0386242,0.0385802,0.0386026,0.0392097,0.0442001,0.0386514,0.104266,0.0385867,0.0393677
0.0388847,0.038746,0.0386944,0.0406781,0.0386902,0.0387287,0.0388609,0.0402082,0.0386902,0.1048,0.0387329,0.0386921,0.0386901,0.0391065,0.0389553,0.0386916,0.0386987,0.0391547,0.0387114,0.0386904,0.0387046,0.0387848,0.0387081,0.0386972
0.0386257,0.0385306,0.0385356,0.0385458,0.0385302,0.038593,0.0385926,0.038718,0.0385303,0.0445854,0.0385302,0.0392406,0.0385593,0.0386057,0.0385332,0.0385811,0.0385597,0.038542,0.0386015,0.038551,0.038893,0.104618,0.0385591,0.0398381
0.0394077,0.0386019,0.0386034,0.038603,0.038603,0.0386021,0.038674,0.0386075,0.0386914,0.0390403,0.0395857,0.0386047,0.0386234,0.0386021,0.0515976,0.0386091,0.0393926,0.0387177,0.0386047,0.0386019,0.0388453,0.0388435,0.0953352,0.0386021
0.0372853,0.0372526,0.0372518,0.0372519,0.0372701,0.0372541,0.0442217,0.0373456,0.0372531,0.0376963,0.0372627,0.037252,0.0379151,0.0372517,0.0673866,0.0372814,0.0993664,0.037261,0.0374808,0.0372517,0.0406202,0.0377053,0.0386306,0.037252
0.0406084,0.0406085,0.0408144,0.0406073,0.0406925,0.0406441,0.040611,0.0406084,0.0406331,0.0406068,0.041288,0.0406236,0.0633574,0.0406071,0.0406107,0.0406145,0.0410077,0.0406084,0.0411339,0.0406299,0.0409747,0.0407158,0.040762,0.0406316
0.0388057,0.0388068,0.0388063,0.0388058,0.0388875,0.0416479,0.0389069,0.0405261,0.0402973,0.0388057,0.0388715,0.0999187,0.0388429,0.038806,0.0393203,0.0388414,0.0391543,0.0388063,0.0388095,0.0390101,0.0388095,0.0388606,0.0388058,0.0388472
0.0386011,0.0386545,0.0386064,0.0386067,0.0386018,0.0394536,0.0386017,0.0386077,0.0387881,0.0386152,0.0386026,0.104607,0.0386011,0.0394578,0.0386506,0.038648,0.0386011,0.0386024,0.0386011,0.0405537,0.0386446,0.0386756,0.0386011,0.0420172
0.0467687,0.0382654,0.040836,0.0382387,0.0382406,0.0382437,0.0382454,0.0382382,0.0382858,0.0383444,0.0382401,0.0382412,0.0386102,0.0382383,0.0382529,0.038251,0.0382518,0.0382403,0.0382561,0.0382392,0.103865,0.0385929,0.0427697,0.0382447
0.0359296,0.0847387,0.0359559,0.0959032,0.0359039,0.0359311,0.0359044,0.0360448,0.0359028,0.0412031,0.0359038,0.0359044,0.0359028,0.0578505,0.0359028,0.0359324,0.0359032,0.0369643,0.0360193,0.036464,0.0359053,0.0359042,0.0359071,0.0361183
0.0374553,0.0376427,0.0374433,0.037528,0.0374423,0.0374428,0.0376031,0.0384824,0.0374424,0.0726354,0.037579,0.0376455,0.0374422,0.0374506,0.0376613,0.0375839,0.0374526,0.0980679,0.037443,0.0388802,0.0375367,0.0374914,0.0374643,0.0391837
0.0350311,0.0583876,0.0352769,0.0399776,0.0350348,0.0351197,0.0350309,0.0350473,0.0350365,0.035052,0.0350353,0.0351403,0.0350304,0.0870983,0.0350304,0.0352934,0.0350304,0.0352109,0.0350365,0.0750635,0.0350404,0.0350323,0.0350307,0.0729329
0.0386259,0.0386263,0.0388222,0.038626,0.0399872,0.0387852,0.0387507,0.0386364,0.0386961,0.0386257,0.0388436,0.0386851,0.0416786,0.0386258,0.0400318,0.0386265,0.104193,0.0386263,0.0392502,0.0386258,0.0387248,0.0386399,0.0386409,0.0386258
0.0386795,0.0411425,0.0387122,0.0386884,0.0389255,0.105002,0.0390406,0.038871,0.0386984,0.0386829,0.0386795,0.0401577,0.0386807,0.0386875,0.0386812,0.0391041,0.0386806,0.0386796,0.0386934,0.0387357,0.03873,0.0386853,0.0386795,0.0386823
0.0382524,0.0384111,0.103505,0.0384466,0.0503742,0.038584,0.038258,0.0382487,0.038365,0.0382492,0.0383372,0.0382614,0.0382627,0.0383538,0.0382493,0.0382502,0.0382509,0.0382494,0.0417361,0.0383148,0.0382925,0.0382487,0.0382497,0.0382494
0.0383375,0.0383365,0.0384875,0.0383398,0.0387323,0.0383481,0.0384066,0.0383361,0.101718,0.0383361,0.0383365,0.0383412,0.0406914,0.0383464,0.0383362,0.0486434,0.0383567,0.0383366,0.0399924,0.0385179,0.0383448,0.0383608,0.0396801,0.0383365
0.0398813,0.0397575,0.0407091,0.0398226,0.0398616,0.0397558,0.0397627,0.0397553,0.0600541,0.0397553,0.0397587,0.0397554,0.040071,0.0397569,0.0397561,0.0399842,0.0399542,0.0397816,0.0412639,0.0397697,0.039899,0.0397632,0.0616153,0.0397553
0.0361212,0.0361215,0.0362532,0.0552549,0.0360907,0.0361154,0.0360911,0.0360994,0.0360955,0.0361611,0.0361355,0.0364257,0.0360908,0.0931731,0.0360907,0.0364227,0.0360918,0.0371965,0.0360909,0.0372139,0.0360925,0.0362484,0.0361989,0.0901247
0.0382131,0.038312,0.0427097,0.0382134,0.103523,0.0414151,0.0382171,0.0382398,0.0438906,0.0382131,0.040151,0.0382566,0.0382412,0.038253,0.0382334,0.0382152,0.0382254,0.0382134,0.040144,0.0382465,0.0382335,0.0382131,0.0382132,0.0382135
0.0370258,0.0402087,0.0373558,0.0533554,0.0370254,0.0372269,0.0370253,0.0370695,0.0370258,0.0370295,0.0370263,0.0370651,0.0370254,0.0697203,0.0370253,0.0373636,0.0370256,0.0371697,0.0371025,0.0819946,0.0370293,0.03716,0.0370261,0.049918
0.0497596,0.03783,0.0378114,0.0377596,0.0377646,0.0377613,0.0378075,0.0377587,0.0377701,0.038002,0.0377605,0.037759,0.0396992,0.0377587,0.0378202,0.0377676,0.0378049,0.0377608,0.0378363,0.0377588,0.101404,0.0380176,0.0530627,0.0377645
0.0381976,0.0381971,0.0381997,0.0381995,0.0381971,0.0383841,0.0382307,0.038216,0.0414145,0.0382437,0.038203,0.103659,0.0381972,0.038957,0.0385741,0.0387447,0.038199,0.0382089,0.0381971,0.0385883,0.0382854,0.0489224,0.0382001,0.0395842
0.0382737,0.0383589,0.0382913,0.0393784,0.0382785,0.103755,0.0383781,0.0386563,0.0382796,0.0382778,0.0382738,0.0383776,0.0382741,0.0383135,0.0382742,0.0522607,0.0382804,0.038275,0.0382872,0.0383356,0.0382755,0.0382965,0.0382738,0.038274
0.038775,0.0387762,0.0391911,0.038846,0.0387795,0.104942,0.0394318,0.0388094,0.0388345,0.0387761,0.038775,0.0393165,0.0388502,0.0387994,0.0387773,0.0397529,0.0387784,0.0387751,0.0387919,0.038806,0.0387768,0.0390883,0.0387751,0.0387754
0.040747,0.0384845,0.0383632,0.0423205,0.0383541,0.0383544,0.0383545,0.0384601,0.0383541,0.103261,0.0383744,0.0383572,0.0383541,0.0384386,0.038503,0.0383556,0.0384256,0.0410759,0.0383632,0.0383543,0.0386355,0.0402147,0.038863,0.040631
0.0385526,0.0388097,0.0387275,0.0385146,0.0385119,0.0385111,0.0386109,0.0385137,0.038569,0.0385117,0.0385154,0.0385188,0.0386639,0.0385116,0.0385101,0.0396902,0.0385121,0.0521402,0.0385185,0.0888872,0.0392368,0.038567,0.0386585,0.047237
0.0389561,0.0382766,0.103477,0.0385717,0.0397465,0.0383442,0.0382745,0.0382738,0.0404095,0.0382739,0.0383425,0.038274,0.0406216,0.0388761,0.0382739,0.0384724,0.0382863,0.0382839,0.0419878,0.0382905,0.0384858,0.0382837,0.042632,0.0382853
0.0411374,0.0393736,0.039388,0.0396331,0.0393733,0.0393846,0.039567,0.0393747,0.0393821,0.0394678,0.0393746,0.0399772,0.0393775,0.0395219,0.0393743,0.04481,0.0394122,0.0397615,0.0393739,0.0394193,0.0395643,0.0797119,0.0433067,0.0409333
0.038312,0.0383099,0.038311,0.0383291,0.0383094,0.0383866,0.0383121,0.0479374,0.0383094,0.0398235,0.0383096,0.0383308,0.0384703,0.0383096,0.0383126,0.038329,0.0384146,0.0384219,0.041442,0.0383749,0.0384155,0.103764,0.0383195,0.0384451
0.0387058,0.0386917,0.0387679,0.0386924,0.0389614,0.0391521,0.104869,0.0386956,0.0388225,0.0386922,0.0386939,0.038695,0.0418745,0.0386915,0.0387445,0.0389839,0.0386937,0.0386918,0.039406,0.0386924,0.0386919,0.0387034,0.0386959,0.0386916
0.0385353,0.0385164,0.0402149,0.0385157,0.0434156,0.0385558,0.0388132,0.0385151,0.10456,0.0385151,0.0385312,0.0386641,0.0386002,0.0385232,0.0385306,0.0395308,0.0385187,0.0385161,0.0385186,0.0385422,0.0391822,0.0385154,0.0391547,0.0385152
0.0372432,0.0371976,0.0374813,0.0371985,0.0373253,0.0372311,0.0374599,0.0371983,0.0372071,0.0371973,0.0371999,0.0371972,0.100625,0.0371972,0.0372002,0.0371983,0.0411467,0.0371973,0.0750996,0.0371972,0.0373149,0.0379602,0.0375283,0.0371982
0.0378671,0.0391076,0.0378969,0.0380926,0.0378671,0.0386109,0.037867,0.0379162,0.0378681,0.0378835,0.0378733,0.0425969,0.0378674,0.0497478,0.037867,0.0380014,0.0378671,0.0378983,0.0378732,0.0451869,0.0378806,0.038524,0.0378671,0.101972
0.0375447,0.0377729,0.0376852,0.0555739,0.0375463,0.0376678,0.0375439,0.037632,0.0375753,0.037545,0.0376658,0.0375659,0.037544,0.0998086,0.0375438,0.0375604,0.0375442,0.0375919,0.037578,0.0391961,0.037544,0.037554,0.037559,0.0536574
0.0387904,0.0387475,0.0446815,0.0387561,0.0388146,0.0387424,0.0387425,0.0387432,0.0387419,0.0387499,0.0389012,0.0387416,0.0393637,0.0387417,0.0387505,0.0387417,0.0389695,0.0387444,0.101235,0.0387423,0.0389112,0.0389706,0.0389346,0.0387417
0.0362285,0.0362058,0.0460728,0.0362122,0.0377417,0.0362419,0.0364585,0.0362026,0.0362069,0.0362026,0.0362077,0.0362026,0.094552,0.0362025,0.0362046,0.0362026,0.0362385,0.0362025,0.0971437,0.0362027,0.0362327,0.0362228,0.036209,0.0362025
0.0384625,0.0384178,0.0384574,0.0386083,0.0384184,0.0384197,0.0388311,0.0387477,0.0384177,0.0384571,0.038505,0.0384177,0.0386466,0.0384177,0.038819,0.0384179,0.103258,0.0384788,0.0469806,0.0384177,0.0384244,0.0388003,0.0407611,0.0384177
0.0381389,0.0381401,0.0381403,0.0381401,0.0385575,0.0383319,0.0382933,0.0532894,0.0381396,0.0381391,0.0394729,0.0381888,0.0384146,0.038139,0.0387328,0.0381394,0.0993551,0.0381414,0.0433547,0.0381391,0.0381394,0.0381916,0.0381397,0.0381414
0.0373928,0.0645813,0.0373961,0.0374512,0.0373978,0.0374283,0.0374521,0.0379356,0.0374015,0.0373987,0.0373943,0.0374983,0.037393,0.0374218,0.0373928,0.0398272,0.0373928,0.0408291,0.0374212,0.101337,0.0373989,0.0373943,0.0373929,0.0420715
0.0389431,0.0387521,0.0387556,0.0387619,0.0387521,0.0387619,0.0387719,0.0387746,0.038755,0.0391125,0.0387521,0.038989,0.0388502,0.0387594,0.0387603,0.0391602,0.0388405,0.0387901,0.0389855,0.0387866,0.0390482,0.105215,0.0401533,0.0387689
0.0379601,0.0379333,0.0379031,0.0392708,0.0379016,0.0379388,0.0379902,0.0427967,0.0379016,0.102214,0.0379047,0.0379263,0.0379016,0.0380489,0.0379703,0.0379422,0.037944,0.0419263,0.0379027,0.0379029,0.0379337,0.0449575,0.0379339,0.0459952
0.0410487,0.0386582,0.0386544,0.0385965,0.0385959,0.0386009,0.0388125,0.0385948,0.0387094,0.0404286,0.0385951,0.0386047,0.0385976,0.0385952,0.0387362,0.0391258,0.0387417,0.0386575,0.0385954,0.0385972,0.104575,0.0387761,0.0405072,0.0385958
0.038302,0.0383026,0.0383022,0.038302,0.0383273,0.0400333,0.0383691,0.0469955,0.0389382,0.0383025,0.0394104,0.103117,0.0383058,0.0383051,0.0405931,0.0383132,0.0391012,0.0383104,0.0383042,0.0384498,0.0383082,0.03856,0.038302,0.0384445
0.0477448,0.0385241,0.0386049,0.0391149,0.0385272,0.0385236,0.0385245,0.0385237,0.0387749,0.0385257,0.0391576,0.0385252,0.0388254,0.0387655,0.0385241,0.0386104,0.0385998,0.0387247,0.0386875,0.0385407,0.0385775,0.0391761,0.101328,0.0385696
0.0973678,0.0362764,0.0364302,0.0397145,0.0362761,0.0362755,0.0363183,0.0362755,0.0363904,0.0363693,0.0363021,0.0362755,0.0367701,0.036291,0.0362788,0.0367297,0.0363134,0.0367787,0.036311,0.0362759,0.0367669,0.0364959,0.0984385,0.0362787
0.0385572,0.0385454,0.0387544,0.0385444,0.0385778,0.038596,0.0385866,0.0385484,0.0385465,0.0385441,0.0385622,0.0385509,0.0951422,0.0385438,0.0385504,0.038544,0.0390505,0.0385438,0.0484264,0.038548,0.0391004,0.0454272,0.0386612,0.0385481
0.0386851,0.0387137,0.0386851,0.0387229,0.0386945,0.0396379,0.0387154,0.105031,0.0386854,0.0387822,0.038979,0.0387124,0.0386852,0.0386886,0.0386982,0.0386869,0.0403159,0.0390948,0.0401755,0.0387075,0.0386852,0.0388411,0.0386852,0.0386916
0.0383546,0.0379392,0.0379337,0.0386158,0.0378884,0.0378884,0.0378886,0.0379045,0.037891,0.0383799,0.0408516,0.037896,0.0378884,0.03931,0.0378891,0.0381981,0.0380243,0.10161,0.0378918,0.0424543,0.0379868,0.0379518,0.043006,0.0483576
0.0383109,0.0383655,0.0495933,0.0383111,0.10098,0.0399495,0.0385583,0.038313,0.0414652,0.0383109,0.0386728,0.0383332,0.0383226,0.0383118,0.0383244,0.0385046,0.0383162,0.0383133,0.0390733,0.0384197,0.0383171,0.0383109,0.0383109,0.0383118
0.038804,0.0391712,0.0388569,0.0395525,0.0388754,0.105006,0.0389474,0.0391488,0.0388164,0.0388048,0.038804,0.0389545,0.0388094,0.0388673,0.0388041,0.03919,0.0388053,0.038804,0.0389167,0.0388237,0.0388051,0.0388207,0.038804,0.0388075
0.0385098,0.0385215,0.0385156,0.0385423,0.0385148,0.104295,0.0387298,0.0390603,0.0385246,0.038512,0.0385099,0.0461735,0.0385127,0.0386851,0.0385136,0.0388355,0.0385235,0.0385099,0.0385145,0.0385137,0.0385135,0.0393923,0.0385098,0.0385674
0.0387987,0.0392356,0.0388015,0.0394836,0.0388085,0.104662,0.0388126,0.040251,0.0387998,0.0387995,0.0387987,0.0388652,0.0388017,0.0388145,0.0387989,0.0388678,0.0388119,0.0387988,0.0389605,0.0388021,0.0387995,0.0388281,0.0387987,0.0388006
0.0394055,0.0427225,0.0394023,0.0396387,0.0394002,0.0394149,0.0394049,0.0396583,0.0393994,0.043849,0.0394045,0.0394024,0.0393994,0.0394065,0.0394044,0.0416044,0.0394135,0.080894,0.03942,0.0402022,0.0395164,0.0394423,0.0394201,0.040774
0.0387446,0.0387417,0.0387589,0.0387684,0.038745,0.0392455,0.0388642,0.0387403,0.04186,0.0387416,0.0387414,0.0389892,0.0387414,0.0389097,0.0387426,0.104212,0.0387417,0.0388444,0.0387405,0.0389436,0.0387699,0.0387621,0.0388688,0.0387831
0.0377176,0.0381007,0.0925874,0.037727,0.058088,0.0394549,0.0380053,0.0377202,0.038105,0.0377175,0.0377756,0.0377945,0.0380653,0.0377449,0.0377175,0.0377183,0.0377195,0.0377176,0.0526903,0.0389301,0.037748,0.037718,0.0377175,0.0377192
0.038058,0.038056,0.0380677,0.0380513,0.0384289,0.0380773,0.0431306,0.0380513,0.0960591,0.0380513,0.0380519,0.0380789,0.0498801,0.0380513,0.0380548,0.0437571,0.0380996,0.0380538,0.038052,0.0380602,0.0433309,0.0380525,0.0382755,0.0381701
0.03864,0.0386796,0.0395865,0.0391272,0.038672,0.10481,0.0397035,0.0388051,0.0386549,0.0386412,0.0386401,0.0388241,0.0386433,0.038683,0.0386403,0.0418495,0.0386409,0.0386411,0.0386985,0.0388355,0.0386406,0.0386618,0.03864,0.0386407
0.0385794,0.0386799,0.0414694,0.103736,0.0382493,0.038269,0.0382492,0.0382525,0.0382492,0.0383218,0.0382642,0.0382496,0.0382494,0.049795,0.0382492,0.0382555,0.0382512,0.0383137,0.0383382,0.0382698,0.0382497,0.0382533,0.0388615,0.0383435
0.0395158,0.0384778,0.0384689,0.0384606,0.0384754,0.0384659,0.0385661,0.0384605,0.0385976,0.0413929,0.0384615,0.0384665,0.0384789,0.0384603,0.0414661,0.0385287,0.0387394,0.0384704,0.0384718,0.0384603,0.103773,0.0388634,0.0420173,0.0384606
0.0383153,0.0383118,0.0383097,0.0383175,0.0383198,0.0383111,0.0383118,0.0385712,0.0383138,0.0383958,0.0438345,0.0383105,0.0383153,0.0383109,0.0434058,0.0383135,0.103361,0.0384104,0.0383194,0.0383096,0.0384712,0.0383496,0.0424649,0.0383459
0.0383366,0.0383789,0.0383369,0.0383606,0.038337,0.0383595,0.0383366,0.0385354,0.0383505,0.0383502,0.0383917,0.0475523,0.0383367,0.0417722,0.0383372,0.0389161,0.0383367,0.0385805,0.0383378,0.0420698,0.03834,0.038769,0.0383388,0.100239
0.0362015,0.0371024,0.0368452,0.09231,0.036178,0.0363202,0.0361779,0.0361803,0.0361786,0.0362167,0.0361834,0.0362295,0.036178,0.0975471,0.0361779,0.0362197,0.0361793,0.0362242,0.0361789,0.0363677,0.036184,0.0362019,0.0362066,0.0482111
0.0377988,0.0378012,0.0377994,0.037799,0.0383118,0.0378652,0.0378231,0.0494813,0.0377999,0.037799,0.0403971,0.0378479,0.0381628,0.0377988,0.0394068,0.0377989,0.0999113,0.0378026,0.0515725,0.0377991,0.0378011,0.0378239,0.0377993,0.0377992
0.0384465,0.0382231,0.0381035,0.0395734,0.0380789,0.0380789,0.0380789,0.0380869,0.0380806,0.0381863,0.0402905,0.0380817,0.0380796,0.0393423,0.0380788,0.0382045,0.0380975,0.0973209,0.0380968,0.0420127,0.0381432,0.0381265,0.0410716,0.0521163
0.0384714,0.103114,0.0385613,0.046606,0.03849,0.0386655,0.0385039,0.0384746,0.0384707,0.038549,0.0384691,0.0384708,0.0384691,0.0386378,0.038469,0.0392981,0.038469,0.0384857,0.038496,0.0406423,0.0385792,0.0384692,0.0384694,0.0386687
