0.0387798,0.038778,0.0387773,0.0387773,0.0387861,0.0387773,0.0387789,0.0388422,0.03909,0.0405266,0.0417384,0.0400451,0.0387774,0.0387772,0.101049,0.0387773,0.0392451,0.0388047,0.0387776,0.0387772,0.0388016,0.0388348,0.0387911,0.0388898
0.0398143,0.038679,0.0389257,0.038682,0.0386668,0.0386637,0.0386844,0.0386636,0.0387064,0.0387106,0.0386638,0.0386636,0.0387232,0.0386636,0.0386774,0.038668,0.0388107,0.0386637,0.0387203,0.038664,0.103797,0.0397974,0.0426278,0.0386635
0.0355659,0.0450765,0.0360387,0.0780281,0.0355624,0.0356676,0.0355624,0.0356215,0.0355625,0.0355674,0.0355696,0.0355627,0.0355624,0.0961008,0.0355624,0.0356895,0.0355624,0.0357997,0.0355847,0.0640319,0.0355628,0.035563,0.0355631,0.0400316
0.0392428,0.0391773,0.0391859,0.0391772,0.0392082,0.0391776,0.039443,0.0391769,0.0976365,0.0391772,0.0391774,0.0391781,0.0393019,0.0391769,0.0392139,0.039464,0.0391834,0.0391775,0.0392069,0.0391792,0.0394421,0.0391854,0.0393338,0.0391769
0.0380532,0.0380504,0.0380495,0.0380515,0.0380485,0.0384777,0.0535002,0.0380483,0.0390806,0.0380497,0.0380482,0.0380518,0.0380492,0.0380499,0.0380485,0.103234,0.0380486,0.03837,0.0380482,0.041871,0.0380558,0.038601,0.0380531,0.038061
0.0433116,0.0378345,0.0378384,0.0400036,0.0378341,0.0378341,0.0378352,0.0378361,0.0378349,0.039599,0.0378825,0.0378345,0.0378341,0.0389291,0.0378346,0.0409882,0.0378346,0.101877,0.0378341,0.0387332,0.0378376,0.0380335,0.0499923,0.0387934
0.0373727,0.0372297,0.0441981,0.0372296,0.0658535,0.0372301,0.0372864,0.0372296,0.0389623,0.0372296,0.0421447,0.0372307,0.0998043,0.0372299,0.0372353,0.03723,0.037233,0.0372297,0.0377504,0.0372501,0.0372811,0.0372349,0.0380944,0.03723
0.0387076,0.0386076,0.0397147,0.0386076,0.0389242,0.0386072,0.0386087,0.038637,0.0386089,0.0386182,0.104479,0.0386145,0.0386966,0.0386087,0.0434666,0.0386071,0.0386425,0.0386099,0.0389199,0.0386071,0.0386077,0.0386292,0.0392568,0.0386125
0.0380132,0.0380493,0.0380225,0.0380133,0.0380174,0.0385631,0.0380132,0.040004,0.0380469,0.0381224,0.0382119,0.101656,0.0380132,0.0380318,0.0386899,0.0380138,0.0380132,0.0386821,0.0380132,0.0383339,0.0380139,0.0384704,0.0380132,0.0569784
0.0385002,0.0385021,0.0458896,0.0385874,0.039085,0.03851,0.038567,0.0386515,0.0384989,0.0384986,0.0389456,0.0384982,0.0393988,0.0385064,0.0385052,0.0384983,0.0388938,0.0384982,0.104459,0.0384982,0.0385079,0.0384987,0.0385027,0.0384982
0.0386218,0.0386362,0.0386886,0.038625,0.0386857,0.0433242,0.0502861,0.0386218,0.0394141,0.0386216,0.0386216,0.0386242,0.0386451,0.0386271,0.0386216,0.0935953,0.0386216,0.0386231,0.0386264,0.0393756,0.038624,0.0386249,0.0386218,0.0386227
0.038768,0.0382932,0.0476169,0.0382937,0.0383732,0.0382933,0.0383062,0.0382903,0.0390068,0.0382908,0.0382904,0.0382909,0.0387385,0.0382905,0.0382919,0.0382955,0.0382919,0.0382904,0.0383473,0.0383153,0.101846,0.0441757,0.0387133,0.0382904
0.0375887,0.0374905,0.0374906,0.0375063,0.037515,0.0374923,0.0961845,0.0375442,0.0374929,0.0375391,0.0374991,0.0374903,0.0390091,0.0374905,0.0375275,0.0376311,0.0754253,0.0374913,0.0380001,0.0374904,0.0374922,0.0375112,0.0386072,0.0374904
0.0874174,0.0354081,0.0367661,0.0359863,0.0354065,0.0354065,0.035411,0.0354065,0.0354158,0.0354777,0.035416,0.0354065,0.0354167,0.0354101,0.0354072,0.0354389,0.0354171,0.0355548,0.0354078,0.0354122,0.0732588,0.035684,0.0932611,0.0354069
0.0384919,0.0414652,0.0384919,0.0384936,0.0385004,0.0423928,0.0385011,0.103844,0.0384921,0.040529,0.0384952,0.0400419,0.0384919,0.0384967,0.0386065,0.0384931,0.0385096,0.0384923,0.0384998,0.0384939,0.038492,0.0385126,0.0384919,0.0386802
0.0540357,0.0366336,0.0390315,0.0366527,0.036627,0.0366264,0.0366323,0.0366263,0.0369779,0.0366373,0.0366301,0.0366266,0.0367302,0.0366268,0.0366285,0.0366409,0.0366312,0.0366318,0.0366279,0.0366389,0.0965219,0.0367474,0.0772106,0.0366266
0.037146,0.0371329,0.0371463,0.0371823,0.0373998,0.0371325,0.037668,0.0372308,0.0371324,0.037137,0.0372851,0.0371321,0.0387009,0.0371323,0.0371752,0.0371324,0.0826567,0.0371322,0.0976422,0.0371321,0.0371411,0.0371358,0.0371616,0.0371322
0.0385178,0.0384991,0.0387659,0.0384998,0.0413498,0.038614,0.104346,0.0384997,0.0386279,0.038499,0.0385111,0.0384991,0.0444575,0.0384993,0.0385023,0.0390658,0.0385448,0.0384992,0.0386301,0.0385023,0.0385107,0.0385002,0.0385596,0.038499
0.0387177,0.0388606,0.0387179,0.0394121,0.038718,0.0388538,0.0387348,0.104575,0.0387177,0.0412073,0.0387377,0.0387181,0.0387177,0.0387991,0.0387292,0.038718,0.0387811,0.0387189,0.0399674,0.0387177,0.0387177,0.0387233,0.0387177,0.0387214
0.0386013,0.0383289,0.0383198,0.038435,0.0383237,0.0383197,0.0384705,0.0383364,0.0383212,0.0421085,0.0384065,0.0383197,0.0383767,0.0383197,0.0392632,0.0383204,0.102466,0.0383201,0.0394756,0.0383197,0.0450451,0.0383613,0.0411209,0.0383198
0.0955671,0.036512,0.0365352,0.0371309,0.0365119,0.0365119,0.0372359,0.0365119,0.0365302,0.0365367,0.0366702,0.0365119,0.0369846,0.0365385,0.0365123,0.0366274,0.0367499,0.036713,0.0365295,0.0365195,0.0365388,0.0365214,0.0984876,0.0365119
0.0376519,0.037651,0.0376823,0.0376505,0.063882,0.0376838,0.0381659,0.0376507,0.101177,0.0376506,0.0376517,0.0384133,0.0377295,0.0376505,0.042116,0.0376579,0.0376585,0.0376506,0.0376569,0.0376526,0.0382285,0.0377861,0.0376513,0.0376506
0.0405948,0.0387185,0.0387486,0.039636,0.0387223,0.0387184,0.0397461,0.0387631,0.0387186,0.0387286,0.0431507,0.0387184,0.0396676,0.0387362,0.0387212,0.0387197,0.0500013,0.0387239,0.0786284,0.0387184,0.0387186,0.0387189,0.0489633,0.0387185
0.0380837,0.0380064,0.038094,0.0380064,0.0546686,0.0380068,0.0388652,0.0380064,0.0384842,0.0380064,0.0381356,0.0380064,0.102765,0.0380064,0.0380116,0.0380127,0.0393105,0.0380064,0.040454,0.0380076,0.0380793,0.0380105,0.0389599,0.0380066
0.0379829,0.0379839,0.0380117,0.0379828,0.0379862,0.0386061,0.0379855,0.0381478,0.0381071,0.0380365,0.0379864,0.0972891,0.0379828,0.0379834,0.0440824,0.0379866,0.0379828,0.038359,0.0379828,0.0380154,0.0380353,0.0594937,0.0379831,0.0380068
0.037313,0.0424613,0.0372635,0.0740488,0.0372632,0.0372633,0.0372634,0.0375694,0.0372632,0.100128,0.0372835,0.0372632,0.0372632,0.037497,0.037268,0.0372639,0.0373219,0.0372818,0.0373045,0.0372633,0.0372932,0.0372789,0.0373036,0.037277
0.0367673,0.0367675,0.0371168,0.0367673,0.0883004,0.0452112,0.0896621,0.0367689,0.038761,0.0367673,0.0367677,0.0367848,0.0387192,0.0367673,0.0367706,0.0370763,0.0367685,0.0367673,0.0367846,0.0368117,0.0367709,0.0367867,0.0367673,0.0367673
0.0399739,0.0384366,0.0384391,0.0394799,0.0384361,0.0384385,0.100431,0.0384431,0.0384373,0.0385257,0.0384363,0.0384355,0.0385935,0.0384378,0.0384367,0.0414824,0.0422895,0.0384412,0.0385817,0.0384357,0.0384437,0.0384707,0.0440386,0.0384355
0.0376282,0.0991403,0.037634,0.0376361,0.0376293,0.043157,0.0376283,0.0377031,0.0376438,0.0380023,0.0376285,0.063187,0.0376282,0.0376465,0.0376349,0.0376511,0.0376282,0.0376295,0.0376283,0.0380878,0.0376704,0.0376552,0.0376282,0.0408937
0.0947733,0.0363171,0.0364032,0.0403359,0.0363104,0.0363104,0.0363104,0.0363104,0.0363151,0.0409075,0.037365,0.0363105,0.0363124,0.0363837,0.0363162,0.0363128,0.0363182,0.0381432,0.0363119,0.0363144,0.0367725,0.0363399,0.094147,0.0363586
0.0383938,0.0391646,0.0383989,0.0384526,0.0383937,0.0384044,0.0383937,0.0384718,0.0383972,0.0391146,0.0384008,0.0419968,0.0383937,0.0408059,0.0383944,0.0384277,0.0383937,0.0402084,0.0383937,0.0418012,0.0383962,0.0385198,0.0383938,0.103889
0.0390966,0.0385443,0.039771,0.0385813,0.0385556,0.0385435,0.0385459,0.0385504,0.038544,0.0385549,0.104576,0.0385436,0.0386422,0.038591,0.0386734,0.0385435,0.0385671,0.0385637,0.0395589,0.0385435,0.0385436,0.0385436,0.0442661,0.0385568
0.0386865,0.0387745,0.0412371,0.0390224,0.0391246,0.0386874,0.0386867,0.0387731,0.0386872,0.0386852,0.0395061,0.0386844,0.0392981,0.0387004,0.0386872,0.0386844,0.0389132,0.0386844,0.105044,0.0386844,0.038693,0.0386844,0.0386865,0.0386844
0.038612,0.0391087,0.0386123,0.0386349,0.0386329,0.0436377,0.0386218,0.10474,0.0386121,0.0388089,0.0386217,0.0386638,0.0386121,0.0386424,0.0386328,0.0386127,0.0386318,0.0386122,0.0398674,0.0386124,0.0386121,0.0386183,0.038612,0.0386271
0.0375054,0.0377909,0.0375832,0.0375531,0.0375051,0.0390268,0.037507,0.0375083,0.0375574,0.0375049,0.0375048,0.0375288,0.0375049,0.045038,0.0375048,0.063019,0.0375048,0.0376558,0.037505,0.101577,0.0375053,0.0375455,0.0375049,0.0380594
0.0378562,0.0378179,0.0378343,0.03783,0.0378526,0.0378174,0.0378806,0.038676,0.0378181,0.0379087,0.102183,0.0378176,0.0378251,0.0378186,0.0554349,0.0378173,0.0436929,0.0378257,0.0408169,0.0378173,0.0378175,0.0378177,0.0382056,0.0378182
0.0373783,0.0387383,0.0393993,0.085693,0.0372123,0.0372367,0.0372132,0.0372145,0.0372147,0.0372154,0.0372128,0.0372123,0.0372127,0.0847353,0.0372122,0.0386984,0.0372123,0.0372496,0.037585,0.0422632,0.0372164,0.0372137,0.0372422,0.0372182
0.0382006,0.0382115,0.0382015,0.0382005,0.0382006,0.0385447,0.0384779,0.0381999,0.0398236,0.0382008,0.0381996,0.0383587,0.0382002,0.0382014,0.0382003,0.102624,0.0381998,0.0386741,0.0381996,0.053115,0.0382189,0.0385036,0.0382018,0.0388413
0.0383781,0.0383805,0.0386484,0.0383781,0.0386942,0.0492508,0.0383787,0.0384736,0.0392066,0.0383783,0.0383912,0.101963,0.0383782,0.0383845,0.0386759,0.0383838,0.0383781,0.0384043,0.0383782,0.0391114,0.0383793,0.0398793,0.0383781,0.0387473
0.0374489,0.0400612,0.0377664,0.0685147,0.0374361,0.0374515,0.0374362,0.0374987,0.0374361,0.0374567,0.0377011,0.0374363,0.0374362,0.0998285,0.0374361,0.0374609,0.0374361,0.0378867,0.037471,0.0393606,0.0374362,0.0374363,0.0374452,0.0397221
0.0386387,0.0390445,0.0386395,0.0386387,0.0386395,0.0387723,0.0386387,0.0386466,0.0393091,0.0393771,0.0386393,0.102195,0.0386386,0.0386388,0.0409278,0.0386566,0.0386386,0.0386648,0.0386386,0.0387296,0.0390049,0.0412707,0.0386387,0.0403728
0.0385755,0.0385841,0.0385759,0.0385755,0.0392345,0.0401405,0.0385773,0.0388173,0.0395174,0.0385783,0.038682,0.104442,0.0385755,0.0385756,0.0419667,0.0385769,0.0385756,0.0385829,0.0385755,0.0386668,0.0385766,0.0387098,0.0385755,0.0397422
0.0385285,0.0396584,0.0385261,0.0454843,0.0385261,0.0385275,0.038527,0.0392703,0.0385261,0.104102,0.0385262,0.0385273,0.0385261,0.0385373,0.0386233,0.0386591,0.0385886,0.0386444,0.0385267,0.0385262,0.0385539,0.0390096,0.0385282,0.0385465
0.0382628,0.0382589,0.0382589,0.0382589,0.0383663,0.0382591,0.0386355,0.0384737,0.0386698,0.0391871,0.0460723,0.0390275,0.0382597,0.0382589,0.10383,0.038259,0.0436819,0.03827,0.0382607,0.0382589,0.0382613,0.0383752,0.0382916,0.0382623
0.0382449,0.0380307,0.0397003,0.0380309,0.0391637,0.0380303,0.0380337,0.0380312,0.0380589,0.0380303,0.102112,0.0380306,0.0503937,0.0380381,0.0380551,0.0380303,0.0380397,0.0380316,0.0434866,0.0380312,0.0380307,0.0380303,0.0403025,0.0380329
0.0533495,0.0372531,0.0372594,0.0373486,0.0372507,0.0372507,0.037263,0.0372507,0.0373154,0.0381054,0.0372508,0.0372507,0.0372562,0.0372507,0.0372584,0.0373236,0.0378604,0.0372663,0.0372547,0.0372512,0.0985749,0.0402727,0.061032,0.0372507
0.038577,0.0385202,0.0385173,0.0385194,0.0385298,0.0385173,0.0385327,0.038523,0.0385332,0.0399,0.0399688,0.0385174,0.0386109,0.0385173,0.0472436,0.0385176,0.101191,0.038518,0.0385914,0.0385173,0.0388434,0.0385206,0.0392512,0.0385215
0.0373981,0.0373705,0.0374062,0.0373701,0.0656113,0.0373704,0.037644,0.0373702,0.0465814,0.0373701,0.0375251,0.0373708,0.0995509,0.0373701,0.0373908,0.0373762,0.0387158,0.0373702,0.0378594,0.0373719,0.0380863,0.0373721,0.0377773,0.0373707
0.0383351,0.0382726,0.103778,0.0383092,0.0383869,0.0383677,0.0382724,0.0382549,0.0383744,0.0382549,0.0382574,0.038255,0.0388012,0.0383021,0.0382549,0.0382617,0.0382549,0.0382549,0.0477869,0.0383626,0.0437433,0.0382705,0.038334,0.0382549
0.0378123,0.0397814,0.0379094,0.0378265,0.0379882,0.100438,0.0378587,0.0630301,0.0378124,0.0378143,0.0378135,0.0378409,0.0378125,0.0379773,0.0378127,0.0378153,0.0378124,0.0378123,0.0399383,0.0378174,0.0378123,0.0378318,0.0378123,0.0378204
0.0383527,0.0383489,0.0383524,0.0383489,0.0413163,0.0383496,0.0385785,0.0383618,0.0400086,0.0383614,0.0489312,0.0390238,0.0383745,0.0383489,0.101098,0.0383491,0.0389,0.0383534,0.0383518,0.0383489,0.0383543,0.0384539,0.0383692,0.0383634
0.038558,0.0390272,0.0385494,0.0387302,0.0385492,0.0385514,0.0385504,0.038562,0.038551,0.0899533,0.0385492,0.0385547,0.0385492,0.03855,0.0386063,0.0390455,0.0385756,0.0386241,0.0385495,0.038551,0.0479239,0.0512279,0.0385557,0.0385553
0.0383465,0.0396491,0.0384025,0.0383587,0.0383469,0.0383774,0.0383464,0.038413,0.0383478,0.0383702,0.0384112,0.0420132,0.0383464,0.0417104,0.0383466,0.0383514,0.0383464,0.0386785,0.0383465,0.0435506,0.0383469,0.0383693,0.0383464,0.103878
0.0356744,0.058081,0.0377616,0.0405994,0.0356653,0.0357241,0.0356652,0.0356666,0.0356663,0.035667,0.0356659,0.0356667,0.0356654,0.0904299,0.0356652,0.0358127,0.0356652,0.0357239,0.0356689,0.0931113,0.0356753,0.0356701,0.0356664,0.0377423
0.0385915,0.038714,0.0385901,0.0388683,0.0385901,0.0385909,0.0385904,0.0412948,0.0385902,0.104183,0.0385916,0.0386135,0.0385901,0.0385915,0.0419748,0.0386053,0.038701,0.0387003,0.0385903,0.0385901,0.0385956,0.0399491,0.0385913,0.0387122
0.0385563,0.0385566,0.0385566,0.0385561,0.0385689,0.038559,0.0385642,0.0389499,0.0386251,0.0412017,0.0388318,0.0432244,0.0385561,0.038556,0.103791,0.0385561,0.0387233,0.0385651,0.0385573,0.038556,0.0385801,0.0396868,0.0385573,0.0385645
0.0376075,0.0375921,0.0375918,0.0375932,0.0376208,0.037592,0.0450853,0.0377084,0.0376473,0.0393666,0.0375985,0.0375921,0.0376584,0.0375917,0.0593433,0.0376108,0.101196,0.0375936,0.0376865,0.0375917,0.0398279,0.037837,0.0378759,0.0375918
0.0386329,0.0386657,0.0386331,0.0386483,0.0386398,0.0389804,0.0386552,0.104838,0.0386329,0.0406565,0.0387168,0.0386353,0.0386329,0.0386523,0.0386749,0.0386329,0.0388312,0.038634,0.0423986,0.0386329,0.0386329,0.0386719,0.0386329,0.0386372
0.0386721,0.0386707,0.0397574,0.038707,0.0394232,0.038672,0.0387822,0.0387185,0.0386715,0.0386688,0.0390059,0.0386687,0.0414565,0.0386754,0.0386701,0.0386694,0.0396431,0.0386687,0.104437,0.0386687,0.038674,0.0386688,0.0386815,0.0386687
0.0385408,0.0385373,0.0385362,0.0385446,0.0385359,0.0385432,0.0386243,0.0385368,0.0387995,0.0385477,0.0385359,0.0385504,0.0385359,0.0385398,0.0385363,0.103261,0.0385366,0.0458249,0.0385359,0.0408577,0.038567,0.0387958,0.0385525,0.0386236
0.0389758,0.0386663,0.0386674,0.0386664,0.0386673,0.0386671,0.038675,0.0386708,0.0387308,0.0398233,0.0386663,0.0386881,0.038667,0.0386663,0.0390951,0.0386895,0.0386791,0.0388493,0.0386663,0.0386926,0.0421822,0.10476,0.0388186,0.0386691
0.0386838,0.0385396,0.0385401,0.0385397,0.0385404,0.0385403,0.0385484,0.0385947,0.038573,0.0414786,0.0385399,0.0385484,0.0385398,0.0385396,0.0438118,0.0385664,0.0386536,0.0393651,0.0385399,0.0385409,0.0385903,0.103937,0.0387033,0.0385452
0.0385658,0.0385658,0.0410842,0.0385657,0.103664,0.0387938,0.0387136,0.038567,0.0413388,0.0385657,0.0386801,0.0386244,0.0415132,0.0385658,0.0386051,0.0385665,0.0385696,0.0385657,0.039035,0.0385703,0.0385691,0.0385779,0.038566,0.0385672
0.0367812,0.0367432,0.0374042,0.0367431,0.0843016,0.0367459,0.0386435,0.0367432,0.0416046,0.0367431,0.0370308,0.0367437,0.0989196,0.0367432,0.0367453,0.0367476,0.0367626,0.0367432,0.0370945,0.0367833,0.0367553,0.0367479,0.036986,0.0367433
0.038021,0.0526561,0.0380268,0.0388844,0.038021,0.0380681,0.0380209,0.038119,0.0380212,0.038234,0.0380564,0.0382374,0.0380209,0.0451799,0.0380211,0.0380784,0.038021,0.038224,0.038021,0.038525,0.0380216,0.0380215,0.038021,0.101479
0.0393616,0.0386043,0.0394329,0.0386055,0.0386424,0.0386052,0.038782,0.0386038,0.0994,0.0386038,0.0386043,0.0386052,0.0395394,0.0386043,0.0386044,0.0443912,0.0386043,0.0386085,0.0386061,0.038826,0.0402586,0.0386178,0.0408841,0.0386045
0.0387321,0.038696,0.0387102,0.0386966,0.0386962,0.0386968,0.0386959,0.038715,0.0386962,0.043108,0.0386963,0.0387195,0.038696,0.0386961,0.0389287,0.038697,0.0387009,0.0388339,0.0386966,0.0386985,0.0390849,0.104621,0.0387309,0.0387566
0.0362013,0.066391,0.0361995,0.097144,0.0361945,0.036195,0.0361945,0.0370394,0.0361945,0.0696705,0.0362096,0.0361945,0.0361945,0.0417708,0.0361948,0.0361976,0.0362018,0.036219,0.0363563,0.0361946,0.036212,0.0361953,0.0361998,0.036235
0.0383797,0.038991,0.0380439,0.0587659,0.0380437,0.0380437,0.0380438,0.0380782,0.0380438,0.102456,0.0380478,0.0380438,0.0380437,0.0381213,0.0380598,0.0380452,0.0380516,0.0381992,0.0380556,0.0380439,0.0380914,0.0380703,0.0381861,0.038051
0.038615,0.0385776,0.0385996,0.0385776,0.0416775,0.0385845,0.0412657,0.0385776,0.104638,0.0385776,0.0385778,0.0385992,0.0396953,0.0385776,0.0387597,0.0390998,0.0385841,0.0385779,0.0385841,0.0385985,0.0388191,0.0386348,0.0386233,0.0385777
0.0387495,0.0385704,0.104496,0.0387598,0.0385788,0.0385381,0.0385213,0.0385074,0.0385497,0.0385074,0.0387601,0.0385076,0.0392481,0.0391665,0.0385074,0.0385112,0.0385074,0.038508,0.044991,0.0388454,0.0388934,0.038508,0.0387594,0.0385083
0.037919,0.0975894,0.0379963,0.0379301,0.0379256,0.0447453,0.037919,0.0379599,0.0379453,0.0379334,0.0379199,0.0580932,0.037919,0.037985,0.0379212,0.037924,0.037919,0.0379191,0.0379197,0.0381014,0.0379402,0.0379293,0.037919,0.0407267
0.0384513,0.0385443,0.0383184,0.0547574,0.0383182,0.0383182,0.0383186,0.0383765,0.0383182,0.10122,0.0383188,0.0383182,0.0383182,0.0383517,0.0383216,0.0383304,0.0383928,0.038419,0.0383423,0.0383185,0.0383848,0.0384746,0.0384464,0.0383211
0.0380891,0.0380891,0.0441122,0.0380888,0.101794,0.0383279,0.0381713,0.0381003,0.0381103,0.0380888,0.0398647,0.0381019,0.0477962,0.0380893,0.0381193,0.0380888,0.0380968,0.0380888,0.0422764,0.0380914,0.0380912,0.038144,0.0380894,0.0380896
0.0367612,0.0367903,0.0367829,0.0371126,0.0367538,0.0367554,0.0367538,0.0368359,0.0367541,0.0370594,0.0372616,0.0368652,0.0367538,0.0721191,0.036754,0.036759,0.0367538,0.052607,0.0367541,0.0395489,0.0367539,0.0367978,0.0367583,0.0991542
0.0387077,0.0387004,0.105042,0.0386798,0.0393955,0.0388029,0.0386677,0.0386662,0.038843,0.0386661,0.038776,0.0386696,0.0390484,0.0387888,0.0386662,0.0386671,0.0386661,0.0386664,0.0415675,0.0389345,0.0393419,0.0386722,0.0386952,0.0386686
0.0392907,0.0383958,0.0385883,0.0384292,0.0383986,0.038394,0.0383958,0.038406,0.0383951,0.0384203,0.103825,0.0383941,0.0384464,0.038423,0.0384568,0.038394,0.0384743,0.0384262,0.0406961,0.0383941,0.0383942,0.0383942,0.0477699,0.0383981
0.0389044,0.0387717,0.0388809,0.038772,0.0387721,0.0387721,0.0387717,0.0387743,0.0387723,0.0389183,0.0387721,0.0387949,0.0387719,0.0387723,0.03878,0.0387772,0.0387724,0.0405989,0.0387718,0.0389411,0.0391376,0.105063,0.0390028,0.0389347
0.039268,0.0418911,0.0395183,0.039276,0.0392839,0.0484713,0.0392695,0.0393094,0.0392863,0.039268,0.0392749,0.0397694,0.0392682,0.0442472,0.039268,0.0394734,0.039268,0.0392731,0.0392691,0.0723116,0.039268,0.0392682,0.039268,0.0459313
0.0381379,0.041497,0.0406725,0.0381512,0.0381566,0.0518324,0.0381481,0.0381514,0.0383088,0.0381378,0.0381379,0.0381607,0.0381398,0.0426626,0.0381378,0.0385572,0.0381378,0.0381397,0.0381578,0.0979968,0.0381438,0.0381403,0.0381378,0.0381563
0.0373157,0.0406399,0.0737109,0.0373167,0.0868308,0.0406085,0.0373186,0.0373174,0.0373727,0.0373157,0.0373719,0.0373705,0.0379544,0.0373169,0.0373184,0.0373158,0.037318,0.0373157,0.0480622,0.0373182,0.0376352,0.0373163,0.0373157,0.0373238
0.0361379,0.0490977,0.0364749,0.0899277,0.0361351,0.0365829,0.036136,0.0362269,0.0361351,0.036145,0.0361371,0.0361351,0.0361352,0.0951607,0.036135,0.0370378,0.0361351,0.0361864,0.036291,0.0407934,0.0361354,0.0361353,0.0361359,0.0364475
0.0368147,0.0368506,0.0369257,0.0368626,0.0367967,0.0368228,0.0367972,0.0367966,0.0377469,0.0367968,0.0367966,0.0368156,0.036797,0.0378462,0.0367965,0.0881246,0.0367965,0.0378148,0.0367966,0.0971117,0.0368799,0.0368712,0.0368053,0.0385367
0.0386714,0.0386845,0.0386136,0.0386893,0.0386136,0.0386136,0.0386137,0.0393665,0.0386139,0.104391,0.0386803,0.0386299,0.0386136,0.038619,0.0417962,0.0386141,0.0387705,0.0389843,0.0386139,0.0386138,0.0386208,0.039897,0.0386578,0.0400175
0.0347823,0.0814219,0.0349532,0.0916593,0.0347728,0.0347802,0.0347728,0.0348088,0.0347729,0.0351611,0.0347789,0.0347731,0.0347728,0.0919787,0.0347728,0.0347893,0.0347728,0.034918,0.0347915,0.0363309,0.0347817,0.0347733,0.0347748,0.037106
0.0375736,0.0376709,0.0375756,0.0377307,0.0376261,0.0376068,0.0375772,0.0988851,0.0375736,0.037608,0.0510803,0.0375742,0.037575,0.0376605,0.0375941,0.0375736,0.0391119,0.0375738,0.0589365,0.0375736,0.0375736,0.0375737,0.0375736,0.037598
0.0368907,0.0368367,0.0368294,0.0370078,0.0368228,0.0368231,0.0368228,0.0368344,0.0368237,0.0461121,0.0368857,0.0369786,0.0368228,0.0370589,0.0368338,0.0368805,0.036823,0.0872659,0.0368228,0.0371919,0.0368349,0.0390579,0.0368856,0.0898542
0.0387209,0.0386351,0.0385637,0.0425876,0.0385635,0.0385636,0.0385635,0.0400098,0.0385635,0.103939,0.038577,0.0385641,0.0385635,0.0390984,0.0385872,0.0385641,0.0385662,0.0409523,0.0385661,0.0385652,0.038567,0.0388457,0.038659,0.0386135
0.0366115,0.0395888,0.0365723,0.0970297,0.0362676,0.0362683,0.0362676,0.0363236,0.0362676,0.0367733,0.0362967,0.0362677,0.0362676,0.0970143,0.0362676,0.0362822,0.0362676,0.0384432,0.0363318,0.0371283,0.0362738,0.0362696,0.0363793,0.0365399
0.0365541,0.0422516,0.0367473,0.0985297,0.0363227,0.0363253,0.0363228,0.0364368,0.0363227,0.0370128,0.0363257,0.0363227,0.0363227,0.0939118,0.0363227,0.0363811,0.0363228,0.0365842,0.036788,0.0364968,0.036334,0.0363243,0.0363669,0.0363706
0.0363188,0.0397491,0.0371098,0.0410901,0.0363143,0.03633,0.0363143,0.0363328,0.0363145,0.0363183,0.0363869,0.0363205,0.0363143,0.0967378,0.0363143,0.0363258,0.0363143,0.0367928,0.0363175,0.0685952,0.0363152,0.0363162,0.0363159,0.0624412
0.0370098,0.0369969,0.0370163,0.0369966,0.0456047,0.0369957,0.0371765,0.0370156,0.0370602,0.0369959,0.0391564,0.0369954,0.060484,0.0369955,0.0371383,0.0369955,0.0561916,0.0369954,0.0951019,0.0369954,0.0370406,0.0369972,0.0370489,0.0369954
0.0390063,0.0389854,0.0390015,0.0389935,0.0389934,0.0390742,0.101697,0.0389948,0.0389912,0.0389862,0.0389853,0.0389852,0.0390981,0.0389857,0.0389867,0.0401529,0.0390069,0.0389857,0.0390158,0.0389894,0.0389932,0.0390555,0.0390503,0.0389852
0.0385938,0.0413435,0.0386036,0.0385948,0.0389053,0.102705,0.0392275,0.0391356,0.03864,0.0385942,0.0385938,0.0421952,0.0385939,0.0385965,0.0385973,0.0402374,0.038594,0.0385938,0.038597,0.038641,0.0386029,0.0386156,0.0385938,0.0386043
0.0385705,0.0382245,0.0382364,0.0382411,0.0382918,0.0382232,0.0967998,0.0382222,0.0382637,0.0382225,0.0382341,0.0382222,0.0541907,0.038223,0.0382231,0.0401575,0.0400105,0.0382225,0.03825,0.0382234,0.0382947,0.0382223,0.042008,0.0382222
0.0385445,0.0395492,0.0385482,0.0385452,0.0385465,0.0409948,0.0385446,0.0410364,0.0386217,0.0394642,0.0385482,0.101846,0.0385445,0.038548,0.0404361,0.0385465,0.0385445,0.0385698,0.0385445,0.038563,0.0385656,0.0394613,0.0385445,0.0403422
0.0399702,0.0444043,0.0400554,0.0399731,0.0399934,0.0589119,0.0399705,0.0405526,0.039973,0.0399707,0.0399735,0.041119,0.0399703,0.0423451,0.0399703,0.0399786,0.0399702,0.039972,0.0399739,0.0496745,0.0399703,0.0399784,0.0399702,0.0433585
0.0379632,0.0379652,0.0380534,0.0379632,0.053891,0.0854339,0.0621074,0.0385854,0.0379753,0.0379632,0.0379634,0.0379923,0.0381401,0.0379643,0.0379639,0.0380515,0.0379636,0.0379632,0.0380584,0.0381364,0.0379634,0.0380119,0.0379632,0.0379633
0.0378384,0.0382254,0.0379799,0.0378891,0.0378381,0.0384217,0.0378382,0.0378389,0.0379653,0.0378376,0.0378375,0.0378698,0.0378376,0.0489885,0.0378375,0.0518295,0.0378375,0.0379144,0.0378377,0.102151,0.0378382,0.0378501,0.0378377,0.0388607
0.0746099,0.0373521,0.0373529,0.0373673,0.0373521,0.0373519,0.0373605,0.0373521,0.0374511,0.0378942,0.0377369,0.037352,0.0374081,0.0373521,0.0374186,0.0373541,0.0398672,0.0374017,0.0373586,0.037352,0.038319,0.0373816,0.0989018,0.037352
0.0371162,0.0371116,0.037111,0.0371118,0.0372428,0.0371113,0.0399014,0.0372171,0.0371332,0.0381254,0.0372447,0.0371119,0.0371908,0.037111,0.0787789,0.0371135,0.0998732,0.0371119,0.0371999,0.037111,0.0375089,0.0371629,0.0371878,0.0371118
0.0387528,0.104535,0.0387601,0.0389289,0.0387537,0.0411973,0.0387528,0.0387784,0.0387767,0.0387705,0.0387529,0.0393218,0.0387528,0.0389135,0.0387529,0.0388055,0.0387528,0.0387528,0.0387557,0.0390092,0.0387661,0.0387531,0.0387528,0.0391523
0.0384526,0.0384305,0.0384227,0.039036,0.038422,0.0384252,0.0384499,0.0384232,0.0384707,0.0384707,0.038422,0.0384227,0.0384221,0.0385332,0.0384221,0.10348,0.0384238,0.0453509,0.0384222,0.0429423,0.0385493,0.0385391,0.0384533,0.0386136
0.03878,0.0387785,0.0388487,0.0387782,0.0387795,0.0387957,0.0387781,0.0387843,0.0387823,0.0388165,0.0387786,0.0399811,0.0387781,0.0387807,0.0387847,0.0387853,0.0387781,0.0394444,0.0387782,0.0405204,0.0388393,0.103193,0.0387798,0.039857
0.0384519,0.0390397,0.0384461,0.0404727,0.038446,0.0384467,0.0384463,0.0465283,0.038446,0.103593,0.03847,0.0384468,0.038446,0.0391483,0.0384576,0.038447,0.0384526,0.038977,0.0384478,0.0384467,0.0384463,0.0384768,0.0384531,0.0385677
0.0387981,0.0387485,0.0387517,0.0387487,0.0387488,0.03875,0.0387491,0.0388224,0.0387488,0.0422871,0.0387486,0.0387551,0.0387489,0.0387489,0.0388017,0.0387535,0.0387551,0.0389988,0.0387487,0.0387619,0.0388673,0.104597,0.0387868,0.0387748
0.0483062,0.0385696,0.0385702,0.0385702,0.0385712,0.0385696,0.0387431,0.0385705,0.0385881,0.0394846,0.0388964,0.0385698,0.0386168,0.0385696,0.0406986,0.0385708,0.0432976,0.038618,0.0385714,0.0385696,0.038909,0.0401947,0.0928051,0.0385696
0.0379464,0.0379039,0.0379038,0.0379059,0.0379303,0.0379041,0.0478279,0.0380498,0.0379324,0.0398273,0.0379064,0.0379038,0.0380111,0.0379038,0.0489521,0.0379344,0.102448,0.0379056,0.0381127,0.0379038,0.0383804,0.0392293,0.0383729,0.0379038
0.0392401,0.0388989,0.0389771,0.0388967,0.0391254,0.0388963,0.0389677,0.0388963,0.0390578,0.0388964,0.0401109,0.0388964,0.0969119,0.0388968,0.038897,0.038899,0.0390403,0.0388965,0.0393885,0.038906,0.0391767,0.0388967,0.0443338,0.0388965
0.0386164,0.0386202,0.0386166,0.0386164,0.0391284,0.039501,0.0386214,0.0387427,0.0406448,0.0386223,0.0386296,0.100061,0.0386165,0.0386165,0.0460735,0.0386211,0.0386172,0.0386193,0.0386165,0.0386318,0.0386173,0.038951,0.0386165,0.0389818
0.0384829,0.0389622,0.0385013,0.0384829,0.038512,0.0394695,0.0384829,0.0385486,0.0390606,0.0384851,0.0384969,0.104288,0.0384829,0.0384866,0.038604,0.038485,0.0384829,0.0384935,0.0384829,0.0399758,0.0384959,0.0385574,0.0384829,0.0451973
0.0391566,0.0381056,0.0456532,0.0380961,0.0381027,0.0380917,0.0380922,0.0380911,0.0384471,0.0381065,0.0380913,0.0380982,0.0381155,0.0380912,0.0381017,0.0380964,0.0380964,0.0380922,0.0380926,0.0381045,0.103429,0.047974,0.0395817,0.0380926
0.0361556,0.0898348,0.0361586,0.0974922,0.0361525,0.036157,0.0361526,0.0364244,0.0361525,0.042122,0.0361543,0.0361525,0.0361525,0.0469346,0.0361525,0.0361985,0.0361544,0.0361624,0.0362924,0.0361549,0.0361749,0.0361527,0.0361536,0.0362076
0.0375267,0.0374524,0.0374518,0.0374835,0.0374517,0.0374519,0.0374522,0.0375508,0.0374544,0.0589059,0.0374796,0.037675,0.0374517,0.0374783,0.0375609,0.0377982,0.0374542,0.0993863,0.0374517,0.037536,0.0374567,0.0401534,0.0376197,0.0513169
0.034656,0.0792529,0.0350195,0.0377195,0.0346559,0.0347689,0.0346558,0.0346694,0.0346562,0.0346611,0.034668,0.03469,0.0346558,0.0899098,0.0346558,0.0346819,0.0346558,0.03471,0.034657,0.0649633,0.0346576,0.0346562,0.0346559,0.0690679
0.0384258,0.0383962,0.0383975,0.0383965,0.0405151,0.0383963,0.0394959,0.0384056,0.0384166,0.0384063,0.039545,0.0383962,0.0440498,0.0383961,0.0415467,0.0383967,0.101188,0.0383962,0.0403883,0.0383961,0.0384292,0.0384135,0.0388102,0.0383964
0.03845,0.0457083,0.0385994,0.0384514,0.0391077,0.104337,0.0392877,0.0388207,0.0384857,0.0384501,0.03845,0.0396035,0.0384502,0.0384645,0.0384502,0.0391631,0.0384501,0.03845,0.0384797,0.0385247,0.0384523,0.0384625,0.03845,0.0384511
0.0385171,0.0392146,0.10417,0.0385449,0.0405908,0.0393321,0.0385164,0.0385167,0.0385365,0.0385162,0.0387471,0.0385356,0.0385319,0.0385665,0.0385176,0.0385162,0.0385162,0.0385162,0.0438434,0.0385208,0.039169,0.038522,0.0385166,0.038526
0.0386977,0.0386741,0.0401539,0.03868,0.0388343,0.0386884,0.0390647,0.0386732,0.0994183,0.0386732,0.0386732,0.0386736,0.0392774,0.0386738,0.0386733,0.045073,0.0386737,0.0386734,0.0390168,0.0387228,0.0402484,0.0386741,0.0387154,0.0386732
0.0398265,0.0392346,0.0395319,0.0392425,0.0392383,0.0392344,0.0393369,0.0392341,0.0885117,0.0392342,0.0392343,0.0392342,0.0394191,0.0392343,0.0392363,0.040343,0.0392411,0.0392365,0.0393567,0.039238,0.0444149,0.0392419,0.0407106,0.0392341
0.0361996,0.0365193,0.0362679,0.0433198,0.0361925,0.0361961,0.0361925,0.0362535,0.0361925,0.0362833,0.0363475,0.0361995,0.0361925,0.0933996,0.0361925,0.0362017,0.0361925,0.042924,0.0361935,0.0409928,0.0361926,0.0361975,0.0361964,0.0909605
0.0385717,0.0385777,0.0440856,0.0385717,0.102773,0.0397043,0.0385839,0.0386091,0.0386485,0.0385716,0.0395279,0.0388905,0.0389838,0.0385735,0.0385931,0.0385717,0.0385726,0.0385716,0.0401324,0.0385815,0.0385733,0.0385775,0.0385717,0.038582
0.036498,0.0430922,0.0375325,0.0565619,0.0364893,0.036527,0.0364893,0.0364963,0.0364896,0.0364962,0.0364897,0.0364896,0.0364893,0.0900968,0.0364893,0.0367445,0.0364893,0.0366737,0.0365069,0.0768128,0.0365278,0.0365055,0.036491,0.0385219
0.0409495,0.0384966,0.0386782,0.0384898,0.0384821,0.0384774,0.038488,0.0384774,0.0385858,0.0385291,0.038478,0.0384775,0.0386007,0.0384775,0.0384883,0.0384803,0.0385998,0.0384776,0.0384954,0.0384783,0.103403,0.0391071,0.046305,0.0384774
0.0382725,0.0382742,0.0382814,0.0382725,0.0382996,0.0391524,0.0382727,0.0385304,0.0403712,0.0382806,0.0382784,0.103463,0.0382724,0.0382742,0.039149,0.0382987,0.0382725,0.0389381,0.0382724,0.0405909,0.0383037,0.0452619,0.0382725,0.0403451
0.0385834,0.0392689,0.0387248,0.0385877,0.0386334,0.104074,0.0418633,0.0388877,0.0385911,0.0385834,0.0385834,0.0386412,0.0385835,0.038606,0.0385835,0.0423627,0.0385834,0.0385834,0.0386125,0.0386918,0.0385846,0.0386195,0.0385834,0.0385835
0.0387468,0.0387552,0.0388528,0.0387468,0.0390407,0.100483,0.0389705,0.0387909,0.0388013,0.0387469,0.0387468,0.0406006,0.0387472,0.0387483,0.0387482,0.0392535,0.0387468,0.0387479,0.038747,0.0404202,0.0387469,0.0423043,0.0387468,0.0387603
0.0387374,0.0390079,0.0386098,0.0418129,0.0386097,0.0386097,0.0386097,0.0387287,0.0386097,0.104156,0.0387103,0.0386126,0.0386097,0.0386346,0.0391503,0.0386115,0.0387977,0.0392188,0.0386105,0.0386098,0.0386913,0.038765,0.0387288,0.0407573
0.0387188,0.038584,0.0389268,0.0385843,0.0385895,0.0385873,0.0385871,0.0385828,0.0390969,0.0385828,0.03859,0.0386024,0.0386469,0.0388483,0.0385827,0.0432269,0.0385827,0.0431308,0.0385828,0.0988798,0.0385895,0.0386403,0.0386634,0.0415933
0.0385,0.0384394,0.104168,0.0384487,0.0393915,0.0384837,0.0384285,0.0384277,0.0386049,0.0384277,0.0384347,0.0384279,0.039694,0.0385296,0.0384277,0.0384309,0.0384277,0.0384277,0.0449599,0.0385928,0.0409532,0.0384426,0.0385016,0.0384299
0.0385071,0.0382741,0.0382753,0.0382774,0.0382741,0.0382749,0.0382857,0.0382762,0.0382852,0.0388632,0.0382742,0.038288,0.0382741,0.0382744,0.038332,0.0422129,0.0382827,0.0539266,0.0382741,0.0383284,0.0386817,0.0982848,0.0386275,0.0383457
0.0388396,0.0388231,0.038835,0.0388232,0.0388239,0.0388255,0.0388233,0.0388457,0.0388235,0.0395542,0.0388232,0.0388323,0.0388235,0.0388232,0.0388879,0.0388295,0.0388311,0.0391648,0.0388235,0.0388335,0.0392253,0.105387,0.0388461,0.0388518
0.0376836,0.0376835,0.0377533,0.0376835,0.0640969,0.0398636,0.10012,0.0376993,0.0378581,0.0376835,0.0376856,0.037685,0.0416367,0.0376837,0.0376912,0.0378845,0.0376858,0.0376835,0.0378007,0.0376958,0.0376836,0.0376908,0.0376838,0.0376835
0.0382236,0.0381453,0.0382572,0.0381437,0.0386476,0.0381493,0.0386045,0.0381436,0.103429,0.0381436,0.0381436,0.0381557,0.0384028,0.0381436,0.0381606,0.0385514,0.0381453,0.0381437,0.0381499,0.0381637,0.0554179,0.0381709,0.0382193,0.0381436
0.0366044,0.0364014,0.036493,0.0364095,0.0377586,0.0364013,0.0380463,0.036402,0.0364159,0.0364012,0.0366071,0.0364011,0.0951108,0.036402,0.0364028,0.0364067,0.0523811,0.0364011,0.0834249,0.0364011,0.0364396,0.036402,0.0374851,0.0364011
0.03797,0.0392027,0.0380196,0.0379804,0.0379702,0.0379967,0.0379699,0.0380252,0.0379724,0.0380051,0.0379888,0.0443318,0.0379699,0.0408215,0.0379702,0.0379743,0.0379699,0.038407,0.03797,0.0510295,0.0379714,0.0380988,0.0379699,0.102415
0.0371074,0.0405725,0.0376651,0.051853,0.0371068,0.037149,0.0371068,0.0375457,0.0371068,0.0371213,0.0374706,0.0371092,0.0371068,0.0998068,0.0371068,0.0371103,0.0371068,0.0373105,0.0372317,0.0390393,0.0371068,0.0371073,0.0371071,0.0619457
0.0380971,0.0381153,0.0621129,0.0383388,0.0381044,0.0380474,0.0380475,0.0380504,0.0380473,0.0380483,0.0383337,0.0380466,0.0382263,0.0380754,0.038048,0.0380466,0.0380747,0.0380466,0.0994337,0.0380466,0.0383969,0.0380498,0.038119,0.0380466
0.0357492,0.0357353,0.055131,0.0357238,0.0437315,0.0357335,0.0360047,0.035722,0.0357915,0.0357216,0.0358255,0.0357216,0.0928081,0.0357275,0.0357219,0.0357223,0.0357359,0.0357216,0.0932134,0.0357243,0.0358093,0.0357222,0.0357807,0.0357216
0.0383741,0.0381987,0.0381994,0.0384188,0.0382114,0.0381986,0.0393213,0.0383484,0.0381987,0.0385605,0.0383246,0.0381986,0.0383724,0.0381988,0.038289,0.0381998,0.101575,0.0381995,0.0533535,0.0381986,0.038209,0.0382595,0.0403929,0.0381986
0.0378719,0.037873,0.037872,0.0378757,0.0392439,0.037874,0.0397322,0.0451339,0.037872,0.0378916,0.0427347,0.0378716,0.0380999,0.0378716,0.0410041,0.0378717,0.1001,0.0378716,0.0479689,0.0378716,0.0378723,0.0378741,0.037875,0.0378722
0.0386061,0.0386586,0.0386332,0.0386062,0.0386064,0.0387712,0.0386059,0.0386139,0.038729,0.0386059,0.0386059,0.0393475,0.0386058,0.0409505,0.0386057,0.0397609,0.0386057,0.0392841,0.0386057,0.104669,0.0386059,0.0386421,0.0386058,0.040669
0.0391406,0.0387859,0.0387903,0.038786,0.0387868,0.0387867,0.0387916,0.0387882,0.0388517,0.0389386,0.038786,0.0387993,0.0387865,0.038786,0.0388818,0.0388408,0.0387904,0.039779,0.038786,0.0388493,0.0394848,0.10516,0.039032,0.0387914
0.0384786,0.0386231,0.0384753,0.0398911,0.0384753,0.0384769,0.0384754,0.0407834,0.0384753,0.103409,0.0384774,0.0384847,0.0384753,0.0385301,0.0385887,0.0385364,0.0385011,0.0405521,0.0384754,0.038476,0.0384772,0.0400176,0.0384781,0.0423673
0.0416242,0.0384159,0.0384316,0.0384283,0.0384117,0.0384117,0.0384838,0.0384117,0.0386266,0.0386123,0.0384117,0.0384122,0.0384144,0.0384117,0.0384256,0.0386451,0.0384649,0.0384313,0.0384119,0.0384158,0.103834,0.0419936,0.0434588,0.0384117
0.0377239,0.0377388,0.037724,0.0377239,0.0381564,0.0378097,0.0377263,0.0390324,0.0379132,0.0377872,0.0403702,0.0984154,0.037724,0.037724,0.0660994,0.0377239,0.0377292,0.0377284,0.0377239,0.037727,0.0377248,0.0377521,0.0377239,0.0384981
0.0892558,0.0368503,0.0368862,0.037094,0.0368497,0.0368496,0.0368512,0.0368496,0.0368628,0.0369603,0.0375407,0.0368496,0.0370611,0.0368787,0.0368503,0.0368545,0.0369386,0.0369812,0.0368673,0.0368578,0.0370305,0.0368672,0.0982609,0.036852
0.0985027,0.0363499,0.0363677,0.0372542,0.0363497,0.0363497,0.0363846,0.0363497,0.0363994,0.0365572,0.0364002,0.0363497,0.0367524,0.0363666,0.0363505,0.0364003,0.0365852,0.036903,0.0363623,0.0363601,0.0369317,0.0364412,0.0985821,0.0363499
0.039099,0.0389537,0.0390438,0.0389532,0.0414446,0.0389533,0.0390318,0.0389534,0.0389949,0.0389532,0.0392635,0.0389532,0.0976244,0.0389534,0.0389552,0.0389535,0.0393685,0.0389532,0.040482,0.038956,0.0391262,0.0389711,0.0401057,0.0389532
0.0387272,0.0387576,0.0387273,0.0387368,0.0387338,0.0389791,0.0387432,0.105081,0.0387272,0.0406663,0.0388186,0.0387348,0.0387272,0.038747,0.0387942,0.0387273,0.0388682,0.0387303,0.0403022,0.0387273,0.0387272,0.0387553,0.0387272,0.0387336
0.046697,0.0371743,0.0371777,0.0384989,0.0371735,0.0371735,0.0371735,0.0371745,0.0371859,0.0482667,0.0372631,0.0371817,0.0371735,0.0373581,0.0371982,0.037592,0.0371758,0.0993295,0.0371735,0.0373804,0.0372425,0.0376484,0.0499187,0.046669
0.0385054,0.0385102,0.0417807,0.0385055,0.0973811,0.0507954,0.0387045,0.0385089,0.0391993,0.0385054,0.038516,0.0386999,0.0385462,0.0385057,0.0385315,0.0385136,0.0385059,0.0385054,0.0387281,0.0385136,0.0385079,0.0385123,0.0385054,0.0385118
0.0387532,0.0393349,0.0388847,0.0387548,0.0391947,0.104737,0.0392889,0.0403575,0.0387619,0.0387532,0.0387532,0.0389663,0.0387534,0.0387876,0.0387534,0.0389856,0.0387532,0.0387532,0.0388187,0.0388093,0.0387533,0.0387827,0.0387532,0.0387563
0.0380701,0.0383193,0.0380858,0.0380702,0.0389643,0.103152,0.0393972,0.0459738,0.0380834,0.0380706,0.0380701,0.0485819,0.0380702,0.0380739,0.0380795,0.0382146,0.0380703,0.0380702,0.0380747,0.0381035,0.0380704,0.0381863,0.0380701,0.0380782
0.0387223,0.0398691,0.0389969,0.0387254,0.0395023,0.10485,0.0389325,0.0401933,0.0387269,0.0387223,0.0387223,0.0389325,0.0387224,0.0387507,0.0387228,0.0388253,0.0387223,0.0387223,0.0389836,0.0387363,0.0387225,0.0387484,0.0387223,0.0387252
0.0386795,0.0387646,0.0386737,0.0392081,0.0386726,0.0386748,0.0386726,0.0387171,0.0386728,0.0586843,0.0386769,0.0387244,0.0386726,0.0388968,0.0386782,0.039141,0.038673,0.0688389,0.0386726,0.0387759,0.0386818,0.039298,0.0386818,0.0581679
0.0386463,0.0386483,0.0386474,0.0386605,0.0386448,0.0388472,0.0428734,0.0386444,0.0402586,0.0386445,0.0386442,0.0386476,0.038645,0.0386478,0.0386446,0.104514,0.0386449,0.0387175,0.0386444,0.0391189,0.0386558,0.0386617,0.0386484,0.0386494
0.0373436,0.0407497,0.0753737,0.0373525,0.0562207,0.0382134,0.0373762,0.0373454,0.037391,0.0373435,0.037378,0.0373449,0.0393042,0.0373568,0.0373436,0.037344,0.0373456,0.0373435,0.07757,0.0373547,0.0375741,0.0373436,0.0373436,0.0373439
0.0386042,0.0385486,0.0385487,0.0385476,0.0387546,0.038549,0.0404408,0.0385475,0.103833,0.0385476,0.038548,0.0385787,0.0398982,0.0385476,0.0386051,0.0413865,0.0385606,0.0385483,0.0385477,0.0386372,0.0414161,0.0385578,0.0386992,0.038548
0.0386897,0.0388534,0.0388462,0.0386904,0.038833,0.104524,0.0406727,0.038895,0.0386973,0.0386898,0.0386897,0.0388958,0.0386899,0.0387006,0.0386898,0.0403869,0.0386897,0.0386899,0.0386965,0.0391828,0.0386904,0.0392268,0.0386897,0.0386905
0.0372681,0.0429288,0.0389051,0.0998276,0.0369691,0.0369697,0.0369691,0.0369743,0.0369691,0.0372661,0.0370244,0.0369691,0.0369691,0.0776244,0.0369691,0.0369747,0.0369692,0.0369923,0.0373938,0.0369854,0.0369742,0.0369696,0.0370836,0.0370542
0.0391606,0.0387186,0.038717,0.0387375,0.0387104,0.03871,0.0387813,0.03871,0.0389911,0.039532,0.0387099,0.0387101,0.0387128,0.0387099,0.0388815,0.038733,0.040011,0.0387106,0.0387317,0.0387099,0.104358,0.0398601,0.0396835,0.0387099
0.0379841,0.037931,0.0379253,0.0380284,0.0379283,0.0379253,0.0379384,0.0381572,0.0379265,0.0509731,0.0397665,0.0379253,0.03793,0.0379253,0.0488883,0.0379256,0.100683,0.0379279,0.0380225,0.0379252,0.0379838,0.0379359,0.0385105,0.0379325
0.037057,0.0371277,0.0370768,0.0370577,0.0370582,0.0370821,0.0370569,0.0372464,0.037068,0.0370705,0.0372088,0.0650955,0.0370569,0.0386129,0.0370585,0.0370622,0.0370569,0.0390016,0.037057,0.0532104,0.0370572,0.0371322,0.037057,0.0994315
0.0355919,0.045573,0.0362304,0.0634313,0.035587,0.0356174,0.035587,0.0356138,0.035587,0.0356083,0.035628,0.0355891,0.035587,0.096002,0.035587,0.0356118,0.035587,0.0365399,0.0355901,0.0581525,0.0355885,0.0355884,0.0355886,0.0589329
0.0374213,0.0374245,0.0374206,0.0374223,0.0386222,0.0374202,0.0376876,0.0380588,0.0374282,0.0374373,0.0440007,0.03742,0.0385691,0.03742,0.039607,0.03742,0.0988167,0.03742,0.065862,0.03742,0.0374312,0.0374203,0.0374297,0.0374203
0.0540408,0.0369106,0.0369346,0.0388127,0.0369101,0.0369101,0.0369101,0.0369104,0.0369169,0.0381633,0.0369965,0.0369113,0.0369101,0.0376793,0.036911,0.0374592,0.0369105,0.0981328,0.0369101,0.0384138,0.0369685,0.0371561,0.063459,0.0397621
0.0384242,0.0951857,0.0384695,0.0444086,0.0384237,0.0387354,0.0384251,0.0384242,0.0384373,0.0384269,0.0384236,0.0384245,0.0384237,0.0393121,0.0384236,0.0435215,0.0384236,0.0384246,0.0384263,0.0470118,0.0385074,0.0384243,0.0384237,0.0384687
