0.0387572,0.0387578,0.0387578,0.0387572,0.0387607,0.0387572,0.0387572,0.0388299,0.0387652,0.0387879,0.0597456,0.0388123,0.0387572,0.0387572,0.0873728,0.0387572,0.0387905,0.0387632,0.0387575,0.0387572,0.0387572,0.0387572,0.038769,0.0387577
0.0389131,0.0384387,0.0384666,0.0384388,0.0384396,0.0384387,0.0384401,0.0384387,0.0384631,0.0384395,0.0384387,0.0384388,0.038487,0.0384387,0.0384398,0.0384388,0.0384404,0.0384403,0.0384568,0.0384391,0.103274,0.038507,0.0504048,0.0384387
0.0375389,0.0378773,0.0377033,0.0637158,0.0375392,0.0375577,0.0375388,0.037539,0.037539,0.0375391,0.0375388,0.0375388,0.0375388,0.101837,0.0375388,0.0375719,0.0375388,0.0375525,0.037539,0.0432275,0.0375388,0.0375388,0.0375388,0.0398731
0.0402648,0.0402637,0.0402638,0.0402669,0.0403308,0.0402637,0.0402644,0.0402637,0.0684518,0.0402637,0.0402638,0.0402637,0.0403196,0.0402637,0.0402648,0.0403044,0.0402648,0.0402997,0.0402738,0.0402645,0.040264,0.0402637,0.0455285,0.0402637
0.0370406,0.0370406,0.0370607,0.0370436,0.0370405,0.0392006,0.0821385,0.0370405,0.0370833,0.0370406,0.0370405,0.0370422,0.037041,0.0370419,0.0370405,0.100572,0.0370405,0.0370724,0.0370405,0.037087,0.0370407,0.037117,0.0370418,0.0370529
0.0413161,0.0412417,0.0412404,0.0459534,0.0412404,0.0412404,0.0412404,0.0412404,0.0412405,0.0412482,0.0412454,0.0412404,0.0412404,0.0412461,0.0412404,0.0425841,0.0412405,0.0412517,0.0412404,0.0417379,0.0412406,0.0412855,0.0436471,0.0423575
0.038402,0.0384013,0.0387324,0.0384013,0.0387209,0.0384013,0.0384153,0.0384013,0.0391486,0.0384013,0.0384342,0.038404,0.103975,0.0384013,0.0384013,0.0384014,0.0384027,0.0384055,0.0491011,0.0384016,0.0390255,0.0384016,0.0384179,0.0384013
0.0375573,0.0375573,0.0377175,0.0375573,0.0379622,0.0375573,0.0375584,0.0375581,0.037558,0.0375574,0.101877,0.0376522,0.0375573,0.0375573,0.0711815,0.0375573,0.0375597,0.0375599,0.0375626,0.0375574,0.0375574,0.0375573,0.0375649,0.0375577
0.0388719,0.0389226,0.0388761,0.0388719,0.0388719,0.0388813,0.0388719,0.0388786,0.0388724,0.0390455,0.0390212,0.103917,0.0388719,0.0388723,0.0389293,0.0388719,0.0388719,0.0388728,0.0388719,0.0388959,0.038872,0.0388722,0.0388719,0.0404232
0.0387831,0.038783,0.0387881,0.0387831,0.0387833,0.0387831,0.0388015,0.0387842,0.038783,0.0387834,0.0387935,0.0387831,0.039338,0.038783,0.0387942,0.038783,0.041455,0.0387871,0.104678,0.038783,0.0387836,0.0387862,0.0388138,0.038783
0.0390017,0.0390024,0.039006,0.039026,0.0390021,0.0393734,0.0394175,0.0390017,0.0392154,0.0390017,0.0390017,0.0390019,0.0390027,0.0390065,0.0390017,0.101519,0.0390017,0.0390448,0.0390017,0.0393612,0.0390017,0.0390029,0.0390021,0.0390025
0.0383605,0.038315,0.0383357,0.0383151,0.0383151,0.0383151,0.0383488,0.038315,0.0383184,0.0383152,0.0383151,0.0383174,0.0503681,0.038315,0.0383151,0.0383159,0.0383164,0.0383164,0.0383929,0.0383161,0.103494,0.0410561,0.0385922,0.038315
0.0378469,0.0378469,0.0378475,0.0378484,0.0378469,0.0378469,0.0866421,0.0384772,0.0378469,0.0378794,0.0378473,0.0378469,0.0378517,0.0378469,0.0379974,0.0378473,0.0795895,0.0378649,0.0380651,0.0378469,0.0378469,0.0378494,0.0379241,0.0378469
0.0705011,0.037556,0.0376108,0.0375755,0.037556,0.037556,0.0375998,0.037556,0.0375602,0.0376107,0.0375562,0.037556,0.0375561,0.037556,0.0375568,0.0377362,0.0375567,0.0375652,0.037556,0.0375563,0.0386289,0.037582,0.1018,0.037556
0.0380038,0.0553742,0.0380038,0.0380039,0.0380039,0.0431034,0.038004,0.103165,0.0380038,0.0380933,0.0380042,0.038052,0.0380038,0.0380038,0.0380588,0.0380038,0.038042,0.0380126,0.0380045,0.0380039,0.0380038,0.0380044,0.0380038,0.0380395
0.0424347,0.0376154,0.0376613,0.0376154,0.0376155,0.0376154,0.037616,0.0376154,0.0376904,0.0376157,0.0376172,0.0376179,0.0382258,0.0376154,0.0376154,0.0376159,0.0376157,0.0376165,0.0376165,0.0376248,0.101821,0.0376598,0.0650274,0.0376154
0.0363786,0.0363785,0.036381,0.0363786,0.0363785,0.0363785,0.0363995,0.0363805,0.0363785,0.0363789,0.0363819,0.0363785,0.0482737,0.0363785,0.0363789,0.0363785,0.0890019,0.0363814,0.0986748,0.0363785,0.0363858,0.0364171,0.0364011,0.0363785
0.0366925,0.0366924,0.0875014,0.0366924,0.0453193,0.0366972,0.0960486,0.0366924,0.0367444,0.0366924,0.0366934,0.0366925,0.0367093,0.0366925,0.0371781,0.0366934,0.0366925,0.036706,0.0366968,0.0366927,0.0366963,0.0366924,0.0366986,0.0366924
0.0382904,0.0383083,0.0382904,0.0384525,0.0382904,0.0383013,0.0382904,0.103996,0.0382904,0.0500662,0.0382913,0.0382906,0.0382904,0.0382906,0.0382978,0.0382904,0.0388748,0.0382966,0.0410369,0.0382904,0.0382904,0.0383016,0.0382904,0.0382912
0.0388514,0.0388512,0.0388512,0.0388513,0.0388513,0.0388512,0.0389666,0.0388876,0.0388513,0.0388984,0.0388565,0.0388512,0.0388537,0.0388512,0.0394939,0.0388513,0.104771,0.0388591,0.0390708,0.0388512,0.0388803,0.0388561,0.0393902,0.0388512
0.0751711,0.0373946,0.0374171,0.0375865,0.0373947,0.0373946,0.037407,0.0373946,0.0374426,0.0373947,0.0374001,0.0373946,0.0374124,0.0373953,0.0373947,0.0376291,0.0373952,0.037416,0.0373952,0.0373951,0.0373959,0.0373952,0.101589,0.0373947
0.036719,0.036719,0.0370033,0.036719,0.0926727,0.0367207,0.0373015,0.036719,0.097771,0.036719,0.0367192,0.0367509,0.0373952,0.036719,0.0368292,0.0367191,0.0367201,0.0367333,0.0367219,0.0367191,0.036752,0.036719,0.036719,0.036719
0.0370835,0.0369938,0.036995,0.037006,0.0369938,0.0369938,0.0369959,0.036994,0.0369938,0.0370088,0.0371763,0.0369938,0.038115,0.0369938,0.036994,0.0369939,0.0542023,0.036998,0.0946501,0.0369938,0.0369939,0.0369969,0.0728459,0.0369938
0.0382802,0.0382801,0.0382821,0.0382801,0.0382965,0.0382801,0.0383977,0.0382801,0.0384549,0.0382801,0.0382828,0.0382802,0.103557,0.0382801,0.0382802,0.0382804,0.0486801,0.0382887,0.0433672,0.0382801,0.0384464,0.038282,0.0383025,0.0382801
0.0388946,0.0388947,0.0391373,0.0388946,0.0388946,0.0398545,0.0388997,0.0388948,0.0388951,0.0390332,0.0388947,0.103549,0.0388946,0.0388946,0.0391869,0.0388948,0.0388946,0.0388965,0.0388946,0.0388969,0.0389175,0.0391028,0.0388947,0.0388949
0.0384959,0.038483,0.0384909,0.0484348,0.0384828,0.0384828,0.0384828,0.0387094,0.0384828,0.104562,0.038484,0.0384828,0.0384828,0.0384966,0.0384831,0.0384828,0.0384828,0.0384845,0.0385082,0.0384828,0.0384832,0.0385218,0.0385341,0.0384836
0.0377294,0.0377294,0.0497952,0.0377294,0.0397564,0.053076,0.102265,0.0377294,0.0378786,0.0377294,0.0377294,0.0377569,0.0379712,0.0377294,0.0377484,0.0377816,0.0377295,0.0377473,0.0377301,0.0377363,0.0377333,0.0377296,0.0377294,0.0377294
0.0387327,0.0387322,0.0387531,0.0387377,0.0387322,0.0387335,0.105134,0.0387418,0.0387322,0.0388766,0.0387322,0.0387322,0.0387499,0.0387322,0.0387596,0.038748,0.0417407,0.0387452,0.0387735,0.0387322,0.0387331,0.0392447,0.0389379,0.0387322
0.0388409,0.104934,0.0388409,0.03885,0.0388413,0.0390401,0.0388409,0.0389257,0.0388746,0.0388472,0.0388409,0.0397468,0.0388409,0.0388411,0.0388423,0.0388552,0.0388409,0.0388514,0.0388409,0.0391814,0.0388413,0.038842,0.0388409,0.0389584
0.0941626,0.036342,0.0363431,0.0364414,0.036342,0.036342,0.036342,0.036342,0.0363423,0.0433827,0.0369195,0.0363435,0.036342,0.0363421,0.0363422,0.0363421,0.036342,0.0363437,0.0363421,0.0363421,0.0364182,0.036383,0.0984323,0.0363832
0.0388169,0.0388345,0.0388169,0.0388236,0.0388169,0.0388362,0.0388169,0.0388185,0.0388169,0.0388959,0.03882,0.03946,0.0388169,0.0388247,0.0388169,0.0396524,0.0388169,0.0388207,0.0388169,0.0393686,0.0388169,0.0388887,0.0388169,0.104971
0.038708,0.038704,0.0388138,0.038704,0.0387047,0.038704,0.0387045,0.0387041,0.0387043,0.0387068,0.103804,0.038704,0.0387054,0.0387089,0.0387478,0.038704,0.0387094,0.0387098,0.0388537,0.038704,0.038704,0.038704,0.0443659,0.0387173
0.038817,0.0388168,0.0388658,0.0388301,0.0390974,0.0388168,0.0388169,0.0388171,0.0388178,0.0388168,0.0388213,0.0388168,0.0401764,0.0388172,0.0388175,0.0388168,0.0388297,0.0388248,0.105456,0.0388168,0.0388169,0.0388168,0.0388438,0.0388168
0.0386935,0.0387699,0.0386935,0.0387011,0.0386935,0.0402316,0.0386935,0.105139,0.0386935,0.0393058,0.0386937,0.0386971,0.0386935,0.0386936,0.0386981,0.0386935,0.0390172,0.0386981,0.0410113,0.0386935,0.0386935,0.038714,0.0386935,0.0386946
0.0372687,0.0373373,0.0372688,0.0372882,0.0372687,0.0393242,0.0372687,0.0372687,0.0372767,0.0372687,0.0372687,0.0374183,0.0372687,0.0372771,0.0372687,0.0760997,0.0372687,0.0372832,0.0372687,0.100071,0.0372687,0.0373156,0.0372687,0.0388152
0.0370084,0.0370084,0.0370095,0.0370084,0.0374638,0.0370084,0.0370087,0.0371769,0.0370085,0.0370087,0.0995361,0.0370087,0.0370085,0.0370084,0.0808845,0.0370084,0.0379523,0.0370127,0.0407976,0.0370084,0.0370084,0.0370084,0.037039,0.0370084
0.0366984,0.036699,0.0368928,0.0984835,0.0366898,0.0366938,0.0366898,0.0366898,0.036692,0.0366904,0.0366898,0.0366898,0.0366898,0.0917657,0.0366898,0.0389527,0.0366898,0.0367019,0.0366917,0.0367547,0.0366898,0.0366907,0.0366938,0.0366906
0.0373795,0.037384,0.0373799,0.0373833,0.0373796,0.0374514,0.0374118,0.0373795,0.0380002,0.0373795,0.0373795,0.0373827,0.0373795,0.0373818,0.0373795,0.101511,0.0373795,0.03743,0.0373795,0.0749915,0.0373797,0.0373818,0.0373804,0.0377355
0.0389316,0.038932,0.0389833,0.0389316,0.0389321,0.0390821,0.0389316,0.0389316,0.0389814,0.0389317,0.0389347,0.104188,0.0389316,0.0389319,0.0389778,0.0389322,0.0389316,0.038936,0.0389316,0.0390059,0.0389316,0.0389324,0.0389316,0.0389341
0.0373766,0.0373982,0.0376793,0.0731155,0.037375,0.037378,0.037375,0.037375,0.0373753,0.0373756,0.037375,0.037375,0.037375,0.101303,0.037375,0.037997,0.037375,0.0373956,0.0373751,0.0375098,0.037375,0.037375,0.0373762,0.0395947
0.038639,0.0401212,0.038639,0.038639,0.0386393,0.038642,0.038639,0.0386393,0.0388267,0.038697,0.0386425,0.104686,0.038639,0.038639,0.0386442,0.038639,0.038639,0.0386404,0.038639,0.0386444,0.038754,0.038639,0.038639,0.0433942
0.038837,0.03884,0.038837,0.038837,0.03885,0.0396244,0.0388437,0.0388398,0.0393665,0.038837,0.0388431,0.105297,0.0388373,0.038837,0.0389117,0.0388377,0.038838,0.0388449,0.038837,0.0388454,0.0388394,0.0388382,0.038837,0.0388445
0.0385468,0.038546,0.0385461,0.0386163,0.038546,0.0385478,0.0385501,0.0385768,0.038546,0.104698,0.038546,0.0385497,0.038546,0.038546,0.0385475,0.0385481,0.0385476,0.03855,0.0385461,0.038546,0.0385474,0.0471398,0.0385691,0.0385506
0.0386551,0.0386551,0.0386551,0.0386551,0.0388037,0.0386551,0.0386863,0.0389828,0.0386699,0.0386552,0.0407006,0.0387311,0.0386551,0.0386551,0.105023,0.0386551,0.0419059,0.0386635,0.0386584,0.0386551,0.0386551,0.0386551,0.0386591,0.0386551
0.0386521,0.0386507,0.0386672,0.0386507,0.0432991,0.0386507,0.0386508,0.0386507,0.0388052,0.0386507,0.104802,0.0386509,0.0387583,0.0386511,0.0386533,0.0386507,0.0386535,0.0386581,0.0394767,0.0386508,0.0386508,0.0386507,0.0391104,0.0386545
0.0725307,0.0352663,0.0352702,0.0352688,0.0352663,0.0352663,0.0352672,0.0352663,0.0352704,0.0353407,0.0352663,0.0352665,0.0352702,0.0352663,0.0352664,0.0352673,0.0352669,0.0352679,0.0352664,0.0352664,0.094368,0.0358502,0.0918319,0.0352663
0.0384695,0.0384695,0.0384694,0.0384694,0.0384711,0.0384694,0.0384702,0.038476,0.0385026,0.0384697,0.0489488,0.0384699,0.0385477,0.0384694,0.0385789,0.0384694,0.104356,0.0384782,0.0384881,0.0384694,0.0384869,0.0384695,0.0385607,0.0384699
0.0379506,0.0379506,0.0379506,0.0379506,0.0385403,0.0379506,0.0379523,0.0379506,0.0566714,0.0379506,0.0379658,0.0379536,0.101537,0.0379506,0.0379506,0.0379509,0.0429086,0.0379621,0.0381188,0.0379508,0.0390795,0.0379508,0.0379519,0.0379506
0.0387799,0.0387789,0.104587,0.0387789,0.0405375,0.0387792,0.0389392,0.0387789,0.040145,0.0387789,0.038779,0.0387789,0.0388071,0.0387791,0.0387858,0.0387792,0.0387789,0.038788,0.0388284,0.0387837,0.0388389,0.0387789,0.0388318,0.0387789
0.0373123,0.0373649,0.0373138,0.037336,0.0373124,0.10051,0.0373148,0.0783804,0.0373123,0.0373161,0.0373123,0.0373135,0.0373123,0.037331,0.0373125,0.0373136,0.0373124,0.0373199,0.0374303,0.0373133,0.0373123,0.037318,0.0373123,0.0373133
0.0384261,0.0384261,0.0385546,0.0384261,0.039321,0.0384261,0.0389649,0.0384269,0.0384666,0.0384261,0.0508474,0.0384353,0.0384264,0.0384261,0.102077,0.0384261,0.0385013,0.0384325,0.038427,0.0384261,0.0384262,0.0384261,0.0384321,0.0384261
0.0368927,0.0368918,0.0368919,0.0368981,0.0368918,0.0368961,0.036892,0.0368921,0.0368918,0.0904279,0.0368918,0.037032,0.0368918,0.0368918,0.0368918,0.0368947,0.0368923,0.036894,0.036892,0.0368921,0.0402317,0.0944509,0.0368942,0.0368924
0.0379957,0.0461353,0.0379957,0.0380012,0.0379957,0.0379969,0.0379957,0.0379958,0.0379997,0.037996,0.0380171,0.0384502,0.0379957,0.0391103,0.0379957,0.0381025,0.0379957,0.0380033,0.0379957,0.0509823,0.0379957,0.0379957,0.0379957,0.103257
0.0385234,0.0398293,0.0385438,0.0394183,0.0385257,0.0385337,0.0385233,0.0385233,0.0385316,0.0385233,0.0385233,0.0385266,0.0385233,0.0482388,0.0385233,0.038648,0.0385233,0.0385316,0.0385233,0.101556,0.0385233,0.0385235,0.0385233,0.0388367
0.0383372,0.0383372,0.0383372,0.0384684,0.0383372,0.0383408,0.0383372,0.0389675,0.0383372,0.104023,0.0383373,0.0383698,0.0383372,0.0383372,0.0383388,0.0383373,0.0383382,0.0383401,0.0383378,0.0383372,0.0383374,0.0517401,0.038338,0.0383506
0.0388631,0.0388632,0.0389729,0.0388631,0.0388702,0.0388662,0.0388955,0.0389011,0.0388633,0.0388729,0.0389976,0.0392473,0.0388631,0.0388631,0.105424,0.0388631,0.0388637,0.0388656,0.0388637,0.0388631,0.0388638,0.0388633,0.0388635,0.0388631
0.0385177,0.0385177,0.0385177,0.0385177,0.0385179,0.0385177,0.0386752,0.0385484,0.0385229,0.0385182,0.0385317,0.038519,0.0385217,0.0385177,0.0482652,0.038518,0.10405,0.0385285,0.0385204,0.0385177,0.0385423,0.0385269,0.038552,0.0385177
0.0387273,0.0387332,0.0387274,0.0387274,0.0387274,0.0389291,0.0387275,0.1052,0.0387273,0.0390742,0.0387451,0.0387278,0.0387273,0.0387273,0.0387528,0.0387273,0.0391926,0.0387326,0.0417249,0.0387273,0.0387273,0.0387321,0.0387273,0.0387275
0.0379348,0.0379347,0.0379498,0.0379348,0.0379442,0.0379348,0.0380019,0.0379349,0.0379348,0.0379348,0.0379434,0.0379348,0.0612046,0.0379347,0.0379351,0.0379347,0.0392688,0.0379388,0.102779,0.0379347,0.0379369,0.0379353,0.0379451,0.0379347
0.0388599,0.0388616,0.0388599,0.0388618,0.0388598,0.0388712,0.0388643,0.0388598,0.0390184,0.0388598,0.0388598,0.0388635,0.0388601,0.03886,0.0388598,0.105143,0.0388601,0.0388959,0.0388598,0.039613,0.0388605,0.0389059,0.0388625,0.0389193
0.0387004,0.0386819,0.0386819,0.0386898,0.0386819,0.0386822,0.0386833,0.0386819,0.0386819,0.0407516,0.0386819,0.0387129,0.038682,0.0386819,0.0386819,0.0387155,0.0386826,0.0386855,0.0386819,0.0386863,0.0415994,0.104912,0.0389972,0.0386825
0.0388829,0.0388791,0.0388791,0.0413832,0.0388791,0.0388791,0.0388796,0.0388821,0.0388791,0.0396749,0.0388791,0.0388792,0.0388791,0.0388791,0.0388793,0.0388974,0.0388948,0.0388895,0.038884,0.0388791,0.0388797,0.101556,0.0397466,0.0388791
0.0372138,0.0372719,0.0372164,0.0372138,0.100865,0.0372138,0.0372138,0.0372146,0.0802223,0.0372138,0.0372638,0.0372141,0.0372193,0.0372149,0.0372299,0.0372138,0.0372149,0.037241,0.03726,0.0372143,0.0372138,0.0372138,0.0372139,0.0372138
0.0384254,0.0384254,0.0384328,0.0384254,0.0392766,0.0384254,0.0384323,0.0384254,0.047224,0.0384254,0.0384324,0.0384275,0.103762,0.0384254,0.0384254,0.0384257,0.0384721,0.0384352,0.0410882,0.0384261,0.0384841,0.0384257,0.0384273,0.0384254
0.0387932,0.0395592,0.0387933,0.0388102,0.0387932,0.0388323,0.0387932,0.0387962,0.0387932,0.0388896,0.0387943,0.0391988,0.0387932,0.0394229,0.0387932,0.0391872,0.0387932,0.0387987,0.0387932,0.0388377,0.0387932,0.0387942,0.0387932,0.105354
0.0368223,0.0368201,0.036839,0.0368207,0.0368203,0.0368202,0.0368226,0.03682,0.0978151,0.03682,0.03682,0.0368215,0.036977,0.0368202,0.03682,0.0905175,0.0368201,0.0368487,0.03682,0.0370841,0.0368278,0.0368215,0.0379609,0.03682
0.0387327,0.0387285,0.0387285,0.0388759,0.0387285,0.038729,0.0387285,0.0387287,0.0387285,0.042621,0.0387285,0.0387399,0.0387291,0.0387285,0.0387285,0.0387315,0.0387293,0.0387305,0.0387564,0.038729,0.0388276,0.105042,0.0387398,0.0387297
0.0372759,0.0389922,0.0372741,0.100412,0.0372741,0.0372741,0.0372741,0.0379638,0.0372741,0.0757064,0.0372743,0.0372741,0.0372741,0.0386746,0.0372741,0.0372742,0.0372744,0.0372823,0.0372795,0.0372741,0.0372741,0.0372746,0.037283,0.0372918
0.0385865,0.0384152,0.0384929,0.0487772,0.0384151,0.0384151,0.0384151,0.0384232,0.0384151,0.104334,0.0384153,0.0384151,0.0384151,0.038437,0.0384187,0.0384151,0.0384151,0.0384184,0.0384163,0.0384151,0.0384157,0.0384201,0.0398793,0.0384151
0.0385654,0.0385653,0.0385654,0.0385655,0.0428635,0.0385652,0.0387516,0.0385652,0.104593,0.0385652,0.0385652,0.0385652,0.0394282,0.0385652,0.0385672,0.0399914,0.0385691,0.0386349,0.0385656,0.0385658,0.0385658,0.0385652,0.04012,0.0385652
0.0387784,0.0387362,0.105261,0.0387375,0.0394154,0.0387362,0.038741,0.0387362,0.0388813,0.0387362,0.0387638,0.0387362,0.0387438,0.040571,0.0387367,0.0387363,0.0387362,0.0387452,0.0388448,0.0387426,0.0387364,0.0387362,0.0396749,0.0387362
0.0387503,0.103817,0.0387507,0.0387537,0.0387592,0.0419218,0.0387503,0.0389501,0.0387624,0.0387507,0.0387503,0.0397742,0.0387503,0.0387569,0.0387523,0.0387507,0.0387503,0.0387573,0.0387503,0.039236,0.0387503,0.0387504,0.0387503,0.0387546
0.0374592,0.0373169,0.037317,0.0758679,0.0373169,0.0373169,0.0373169,0.0373183,0.0373169,0.0989654,0.0373169,0.0373169,0.0373169,0.0373172,0.0373169,0.0373197,0.0373176,0.0373209,0.0373211,0.0373169,0.0373199,0.0396258,0.0390437,0.0373171
0.0376407,0.0376407,0.0380166,0.0376407,0.0996748,0.0376408,0.0376408,0.0376414,0.037647,0.0376407,0.0421434,0.0376424,0.037748,0.0376408,0.0376432,0.0376407,0.0376409,0.0376473,0.0672213,0.0376446,0.0376412,0.0376407,0.0376407,0.0376407
0.0384678,0.0384658,0.038466,0.0393335,0.0384654,0.0384655,0.0384654,0.0384656,0.0384654,0.0385072,0.0385286,0.0384658,0.0384654,0.0490024,0.0384654,0.0385074,0.0384654,0.0384723,0.0384656,0.0386824,0.0384654,0.0384669,0.0384692,0.10351
0.0375999,0.0375985,0.102123,0.0375986,0.0694327,0.0375986,0.0375998,0.0375985,0.0385241,0.0375985,0.0376128,0.0375985,0.0376006,0.0376752,0.0376068,0.0375985,0.0375985,0.0376068,0.0377779,0.0376173,0.0375995,0.0375985,0.0376386,0.0375985
0.0388325,0.0388317,0.0388341,0.0388317,0.0389563,0.0388317,0.0388317,0.038832,0.0388349,0.0388319,0.105386,0.0388323,0.0388335,0.0388317,0.0388769,0.0388317,0.0388456,0.0388355,0.0391334,0.0388317,0.0388318,0.0388317,0.0398154,0.0388341
0.0388525,0.0388326,0.0388327,0.0388518,0.0388326,0.0388328,0.0388326,0.0388326,0.0388326,0.0389829,0.0388327,0.0388416,0.0388376,0.0388326,0.0388326,0.0388343,0.0388337,0.0388338,0.0389844,0.0388568,0.0398591,0.105392,0.0388804,0.0388329
0.0381533,0.040546,0.0381552,0.0382022,0.0381549,0.0384397,0.0381533,0.0381537,0.0381558,0.0381533,0.0381534,0.0381671,0.0381533,0.0489267,0.0381533,0.0383108,0.0381533,0.038172,0.0381533,0.0778663,0.0381533,0.0381533,0.0381533,0.0690633
0.038566,0.039152,0.0385801,0.0385666,0.0388294,0.0470529,0.038566,0.0385664,0.0385771,0.038566,0.038566,0.0385949,0.0385665,0.0385875,0.038566,0.0385689,0.038566,0.0385769,0.0385688,0.103544,0.0385708,0.0385668,0.038566,0.0385684
0.0392135,0.0394298,0.0413672,0.0392135,0.0942497,0.0392352,0.0392135,0.0392136,0.0397771,0.0392135,0.0392148,0.0392234,0.0392165,0.0393129,0.0392135,0.0392135,0.0392135,0.0392183,0.0399192,0.0392727,0.0392147,0.0392135,0.0392135,0.0392136
0.0365507,0.0367002,0.0366134,0.0909211,0.0365505,0.0365946,0.0365506,0.0365507,0.0365508,0.0365507,0.0365505,0.0365505,0.0365505,0.0985685,0.0365505,0.0421405,0.0365505,0.0365801,0.0365507,0.0367733,0.0365505,0.0365506,0.0365506,0.0368493
0.0366873,0.0366914,0.0366905,0.0367042,0.0366864,0.0366873,0.0366861,0.0366861,0.0386902,0.0366861,0.0366862,0.0366885,0.0366861,0.0368321,0.0366861,0.0928149,0.0366861,0.0367095,0.0366861,0.0975161,0.0366869,0.0366863,0.0366923,0.0370472
0.0388984,0.0388588,0.0388591,0.0389843,0.0388587,0.0388587,0.0388587,0.038893,0.0388587,0.105564,0.0388709,0.0388594,0.0388587,0.038859,0.0388604,0.0388587,0.0388588,0.0388606,0.0388599,0.0388587,0.0388635,0.0388905,0.0392837,0.0388643
0.0361888,0.043685,0.0362741,0.0975495,0.0361862,0.0361885,0.0361862,0.0361875,0.0361863,0.036835,0.0361862,0.0361863,0.0361862,0.0977996,0.0361862,0.036207,0.0361862,0.0361968,0.0361863,0.0362293,0.0361862,0.0361863,0.0361869,0.0364233
0.0386273,0.0387224,0.0386273,0.0386274,0.0386284,0.0386374,0.0386274,0.104789,0.0386273,0.0386289,0.0405364,0.038628,0.0386273,0.0386274,0.0386398,0.0386273,0.0421718,0.0386399,0.0397788,0.0386273,0.0386273,0.0386274,0.0386273,0.0386709
0.0397769,0.0398284,0.0397768,0.0397938,0.0397768,0.0397769,0.0397768,0.0397881,0.0397768,0.0460698,0.0398933,0.0398394,0.0397768,0.0397797,0.0397768,0.0397775,0.0397768,0.0397784,0.0397768,0.0398198,0.0397776,0.0397895,0.0397774,0.078519
0.0384399,0.0383692,0.038406,0.0515859,0.038369,0.038369,0.038369,0.0383899,0.038369,0.103786,0.0383695,0.038369,0.038369,0.038437,0.0383695,0.038369,0.038369,0.0383723,0.038377,0.038369,0.0383705,0.0383706,0.0386669,0.038369
0.0369782,0.0368635,0.0373046,0.0991009,0.0368581,0.0368582,0.0368581,0.0368582,0.0368581,0.0380045,0.0368581,0.0368581,0.0368581,0.0882004,0.0368581,0.0368604,0.0368581,0.0368637,0.0368614,0.0369144,0.0368582,0.0368585,0.0368898,0.0368603
0.0366515,0.0365975,0.0367411,0.0993469,0.0365869,0.0365872,0.0365869,0.036587,0.0365869,0.0366653,0.0365869,0.0365869,0.0365869,0.0951882,0.0365869,0.0367329,0.0365869,0.0365985,0.0365906,0.0366323,0.0365869,0.0365878,0.0366226,0.0365885
0.0375236,0.0378129,0.0375404,0.0405184,0.0375234,0.0375237,0.037523,0.0375231,0.0375238,0.0375233,0.0375239,0.0375234,0.037523,0.0991518,0.037523,0.0375452,0.037523,0.0375348,0.0375231,0.0432321,0.037523,0.037523,0.0375231,0.066292
0.0369872,0.0369852,0.0369857,0.0369852,0.0375303,0.0369852,0.0369853,0.0369852,0.0370067,0.0369852,0.0374352,0.0369852,0.0811058,0.0369852,0.0369853,0.0369852,0.042809,0.036991,0.0981151,0.0369852,0.0370654,0.0369852,0.0371609,0.0369852
0.0391479,0.039147,0.0391642,0.0391494,0.039147,0.0391732,0.0910922,0.039147,0.039147,0.0391508,0.039147,0.0391473,0.0391513,0.039147,0.0391471,0.0418455,0.0391471,0.0391571,0.0391475,0.0391473,0.0391533,0.0448175,0.0392322,0.039147
0.0390836,0.0399604,0.0390836,0.0390837,0.0390837,0.0945773,0.0393044,0.0390929,0.0390924,0.0390837,0.0390836,0.0420982,0.0390836,0.0390836,0.0390839,0.0413832,0.0390836,0.0390973,0.0390836,0.0390892,0.0390837,0.0390878,0.0390836,0.0391294
0.0388182,0.038804,0.0388082,0.0388042,0.0388041,0.0388041,0.0958586,0.038804,0.0389813,0.0388041,0.0388041,0.0388041,0.0448198,0.0388041,0.038804,0.0439146,0.0388184,0.0388208,0.0388041,0.038804,0.0389076,0.0388047,0.0389853,0.0388135
0.0396225,0.0396955,0.0396243,0.0396228,0.0396225,0.0412591,0.0396226,0.0396409,0.0396226,0.043533,0.0396225,0.0829927,0.0396225,0.0396235,0.0396311,0.0396228,0.0396225,0.0396245,0.0396225,0.0396235,0.0396231,0.039632,0.0396225,0.0396483
0.0386928,0.038776,0.0387171,0.0387547,0.0386929,0.0716046,0.0386928,0.0386949,0.0386928,0.0386938,0.0386928,0.0388002,0.0386928,0.04592,0.0386928,0.0386972,0.0386928,0.0386985,0.038693,0.0683993,0.0386928,0.0386947,0.0386928,0.0399279
0.0394528,0.0394529,0.0394613,0.0394528,0.0398967,0.0746832,0.0566928,0.0394621,0.0394532,0.0394528,0.0394529,0.0395139,0.0394855,0.0394529,0.0394529,0.0394547,0.039453,0.0394692,0.0395077,0.0394839,0.0394532,0.0394536,0.0394528,0.0394531
0.0386674,0.0391204,0.0386703,0.0386754,0.0386713,0.0387421,0.0386673,0.0386674,0.0393908,0.0386673,0.0386674,0.0387111,0.0386673,0.0398558,0.0386673,0.0452049,0.0386673,0.038687,0.0386674,0.101195,0.0386674,0.0386674,0.0386674,0.0390681
0.044627,0.0385879,0.0385887,0.0385882,0.0385879,0.0385879,0.0385879,0.0385879,0.0385998,0.0387097,0.039882,0.0385879,0.0385895,0.0385879,0.0386306,0.0385879,0.0387048,0.0385916,0.0385908,0.0385879,0.0387324,0.0385895,0.104697,0.0385879
0.0386716,0.0386716,0.0386716,0.0386716,0.0386716,0.0386716,0.0405399,0.0387247,0.0386719,0.0386741,0.0387016,0.0386882,0.0386781,0.0386716,0.0426414,0.0386716,0.104393,0.0386772,0.0386721,0.0386716,0.0388524,0.038697,0.0386724,0.0386716
0.0388123,0.105471,0.0388123,0.0389356,0.0388383,0.0388362,0.0388123,0.0388545,0.0394347,0.0388125,0.0388123,0.0388465,0.0388123,0.0388314,0.0388124,0.0388178,0.0388123,0.0388342,0.0388123,0.0396546,0.0388123,0.0388123,0.0388123,0.0388977
0.0386635,0.0386656,0.0386631,0.039171,0.0386631,0.038664,0.0386634,0.0386631,0.0386664,0.0386633,0.0386631,0.0386632,0.0386631,0.0386636,0.0386631,0.104394,0.0386639,0.0387026,0.0386631,0.0441306,0.0386634,0.0387808,0.0386926,0.0388456
0.0388239,0.0388238,0.0388242,0.0388263,0.0388238,0.0388758,0.0388238,0.0388239,0.0388238,0.0388302,0.0388238,0.0393063,0.0388247,0.0388238,0.0388238,0.0388282,0.0388238,0.0388257,0.0388667,0.0402141,0.0389072,0.104983,0.0388239,0.0388249
0.0386382,0.0386404,0.0386839,0.0407778,0.038638,0.0386382,0.038638,0.0419009,0.038638,0.104314,0.0386401,0.038638,0.038638,0.0401754,0.0386404,0.038638,0.0386381,0.0386448,0.038642,0.038638,0.038638,0.0386381,0.0386435,0.0386399
0.0387277,0.0387276,0.0387281,0.0387305,0.0387276,0.0387469,0.0387304,0.0387307,0.0387276,0.0428771,0.0387277,0.0387443,0.0387277,0.0387276,0.0387276,0.0387278,0.038728,0.0387294,0.038743,0.0387341,0.0387983,0.104968,0.0387282,0.0387345
0.0389127,0.0387659,0.0387677,0.0387659,0.0387659,0.0387659,0.0387759,0.0387659,0.0387661,0.0429392,0.0387734,0.0387666,0.0387659,0.0387659,0.0421454,0.038766,0.0388627,0.0387695,0.0387661,0.0387659,0.0391307,0.0391702,0.0997949,0.0387659
0.0383485,0.0383484,0.0383484,0.0383484,0.0383484,0.0383484,0.0513756,0.0383806,0.0383484,0.0383578,0.038351,0.0383484,0.0383726,0.0383484,0.0386087,0.0383492,0.103561,0.0383574,0.0385562,0.0383484,0.0383581,0.0386739,0.0388648,0.0383484
0.0395699,0.0395698,0.03957,0.0395698,0.0395816,0.0395698,0.0395703,0.0395698,0.0401189,0.0395698,0.0398974,0.0395838,0.0881021,0.0395698,0.0395698,0.0395704,0.0398877,0.0395763,0.0399153,0.0395709,0.0397762,0.0395705,0.0395806,0.0395699
0.0401897,0.0402108,0.0401897,0.0401897,0.0401942,0.0402159,0.0401905,0.040209,0.0412486,0.0401897,0.0401933,0.0742801,0.0401929,0.0401897,0.0402128,0.040194,0.0403623,0.040204,0.04019,0.0401908,0.04019,0.0401918,0.0401897,0.0401907
0.0384701,0.0387689,0.0384713,0.0384701,0.038474,0.0387174,0.0384701,0.0384702,0.0385313,0.0384709,0.0384761,0.104516,0.0384701,0.0384704,0.0384703,0.0384701,0.0384701,0.0384712,0.0384701,0.044229,0.0384919,0.0384703,0.0384701,0.0427404
0.0430357,0.0385171,0.0390197,0.0385171,0.0385172,0.0385171,0.0385204,0.0385171,0.0385198,0.0385234,0.0385172,0.0385235,0.0385473,0.0385171,0.0385172,0.0385177,0.0385172,0.0385178,0.0385174,0.0385255,0.104658,0.0389676,0.0424349,0.0385171
0.037235,0.0758749,0.0372346,0.10072,0.0372346,0.0372346,0.0372345,0.0372479,0.0372348,0.0374411,0.0372345,0.0372345,0.0372345,0.041225,0.0372345,0.0372383,0.0372345,0.0372487,0.0372348,0.0372438,0.0372346,0.0372346,0.0372352,0.0372411
0.0405877,0.0405881,0.0405877,0.0405879,0.0405877,0.040588,0.0405878,0.0407094,0.0405877,0.0638381,0.0405988,0.0417516,0.0405877,0.0405877,0.0405937,0.0405877,0.0405881,0.0405898,0.0405877,0.040588,0.0405934,0.0417302,0.0405882,0.0407775
0.0377297,0.0404877,0.0380373,0.0390217,0.0377307,0.0377466,0.0377296,0.0377299,0.0377298,0.037732,0.0377303,0.0377307,0.0377296,0.102073,0.0377296,0.0377314,0.0377296,0.0377362,0.0377298,0.0400747,0.0377296,0.0377296,0.0377296,0.0611411
0.0386475,0.0386475,0.0386475,0.0386475,0.0386492,0.0386475,0.0387126,0.0386484,0.0386509,0.0386475,0.0396491,0.03865,0.0431154,0.0386475,0.0386946,0.0386475,0.103849,0.0386545,0.0402818,0.0386475,0.0386714,0.038648,0.0386505,0.0386475
0.0387945,0.0390036,0.0388113,0.0387945,0.0388048,0.105443,0.0397998,0.0388397,0.038797,0.0387945,0.0387945,0.0393846,0.0387945,0.0387952,0.0387952,0.0391186,0.0387945,0.0388035,0.0387945,0.038864,0.0387945,0.0387948,0.0387945,0.0387946
0.0383476,0.0383487,0.104043,0.0383477,0.0436088,0.0384553,0.0383479,0.0383476,0.0383506,0.0383476,0.0383491,0.0383482,0.0383476,0.0468709,0.0383479,0.0383476,0.0383476,0.0383515,0.0383942,0.0383607,0.0383476,0.0383476,0.0383476,0.0383476
0.0376128,0.0376108,0.037611,0.0376188,0.0376289,0.0376108,0.0376125,0.0376108,0.100954,0.0376108,0.0376108,0.0376108,0.0385634,0.0376108,0.0376108,0.0677504,0.0376111,0.0376441,0.0376115,0.0376455,0.0376116,0.0376109,0.0404167,0.0376108
0.0388058,0.0388005,0.0388011,0.0388082,0.0388164,0.0388004,0.0388005,0.0388004,0.102064,0.0388004,0.0388004,0.0388004,0.0390335,0.0388004,0.0388004,0.0395201,0.0388023,0.0388277,0.0388012,0.0388092,0.0388205,0.0388006,0.0432848,0.0388004
0.036795,0.0368079,0.0368064,0.0390891,0.0367931,0.0367934,0.0367931,0.0367933,0.0367932,0.0368183,0.0368066,0.0367938,0.0367931,0.0903091,0.0367931,0.0368713,0.0367931,0.0368022,0.0367931,0.0380414,0.0367931,0.0367932,0.0367956,0.0965383
0.038824,0.0388367,0.0398202,0.038824,0.105493,0.0388297,0.0388242,0.0388267,0.0391148,0.038824,0.0389525,0.0388357,0.0388246,0.0388296,0.0388329,0.038824,0.038824,0.038834,0.0388895,0.0388398,0.0388243,0.038824,0.038824,0.038824
0.038605,0.0386318,0.0386357,0.0420659,0.0386046,0.0386129,0.0386046,0.0386046,0.0386046,0.0386073,0.0386047,0.0386052,0.0386046,0.0610607,0.0386046,0.0386699,0.0386046,0.0386097,0.0386048,0.0804561,0.0386047,0.0386077,0.0386047,0.044181
0.0404192,0.0381999,0.0382021,0.0381999,0.0382002,0.0381999,0.0382017,0.0381999,0.0382872,0.0382003,0.0382,0.0382012,0.0386512,0.0381999,0.0381999,0.0382004,0.0382003,0.0382013,0.0382008,0.0382019,0.103606,0.038457,0.0529695,0.0381999
0.0388634,0.0388635,0.0388719,0.0388634,0.0388636,0.0389595,0.0388635,0.0388634,0.0388775,0.0388669,0.0388714,0.105521,0.0388634,0.0388634,0.0388712,0.0388635,0.0388634,0.0388654,0.0388634,0.0391105,0.0388752,0.0388688,0.0388634,0.0390793
0.0387277,0.0387772,0.0387381,0.0387312,0.0387282,0.10524,0.0392119,0.0388174,0.0387287,0.0387277,0.0387277,0.0387436,0.0387277,0.0387296,0.038728,0.042031,0.0387277,0.0387431,0.0387278,0.0387709,0.0387277,0.038732,0.0387277,0.0387277
0.0387876,0.0388269,0.0391569,0.0387881,0.0387877,0.105191,0.0391064,0.0388044,0.0387994,0.0387876,0.0387876,0.0388314,0.0387876,0.0387961,0.0387881,0.0406485,0.0387876,0.0388064,0.0387876,0.0387914,0.0387876,0.0387889,0.0387876,0.0387876
0.0388446,0.0386868,0.0386867,0.0426578,0.0386866,0.0386866,0.0386866,0.0387087,0.0386866,0.105059,0.0387053,0.0386868,0.0386866,0.0386873,0.0386868,0.0386866,0.0386874,0.0386885,0.0386886,0.0386866,0.0386882,0.0387676,0.0395229,0.0387412
0.0389215,0.0389206,0.0389269,0.0389206,0.0389223,0.0389208,0.0389208,0.0389206,0.039023,0.0389206,0.0389218,0.0389432,0.0389298,0.0389206,0.0389206,0.0391161,0.0389206,0.0389264,0.0389206,0.102126,0.0412311,0.0389491,0.0389256,0.0389313
0.0392754,0.0386939,0.104949,0.0386972,0.0387613,0.0386939,0.038694,0.0386939,0.0387669,0.0386939,0.038699,0.0386939,0.0387877,0.0422999,0.0386939,0.0386949,0.0386939,0.0386986,0.0387953,0.0387597,0.038712,0.0386939,0.039164,0.0386939
0.0389708,0.0388843,0.0388845,0.0389069,0.0388843,0.0388846,0.038894,0.0388843,0.0388843,0.0396945,0.0388843,0.0388959,0.0388844,0.0388843,0.0388843,0.0397088,0.0388845,0.0388868,0.0388843,0.0388883,0.0395861,0.102795,0.0392709,0.0388901
0.0388195,0.0388194,0.0388194,0.0388449,0.0388194,0.0388253,0.0388196,0.0388218,0.0388194,0.0393636,0.0388194,0.0388225,0.03882,0.0388194,0.0388194,0.0388228,0.038855,0.0388222,0.038922,0.0388255,0.0397621,0.105478,0.0388203,0.0388194
0.0386905,0.0386905,0.0389721,0.0386905,0.0386982,0.0431161,0.105109,0.0386906,0.0386908,0.0386905,0.0386905,0.0386908,0.038825,0.0386905,0.0386973,0.0387897,0.0386906,0.038719,0.0387099,0.0386905,0.0386905,0.0386956,0.0386906,0.0386905
0.0386188,0.0386175,0.0388032,0.0386173,0.0438398,0.0386173,0.0386181,0.0386173,0.104952,0.0386173,0.0386173,0.0386188,0.0390925,0.0386174,0.0386178,0.0386252,0.0386174,0.0386342,0.0386174,0.0386184,0.0393404,0.0386173,0.0388297,0.0386173
0.0360541,0.0360536,0.0360546,0.0360537,0.0360542,0.0360536,0.0362623,0.0360536,0.0360556,0.0360536,0.0360541,0.0360536,0.0977181,0.0360536,0.0360536,0.0360542,0.0612365,0.0360626,0.083605,0.0360536,0.0360817,0.0360591,0.0361119,0.0360536
0.0366463,0.0392745,0.0366464,0.0366578,0.0366464,0.036659,0.0366463,0.0366465,0.0366466,0.0366464,0.0366506,0.0370139,0.0366463,0.0370447,0.0366463,0.0366675,0.0366463,0.0366515,0.0366463,0.0932837,0.0366463,0.0366467,0.0366463,0.0970478
0.0385194,0.0398323,0.0385567,0.0422469,0.0385225,0.0385216,0.0385193,0.038522,0.038521,0.0385195,0.0385213,0.0385194,0.0385193,0.104105,0.0385193,0.0385419,0.0385193,0.038547,0.0385197,0.0389358,0.0385193,0.0385193,0.0385194,0.0429122
0.0388279,0.038826,0.0404765,0.0388262,0.0388274,0.038826,0.0388261,0.0388261,0.038826,0.0388264,0.0388458,0.038826,0.0391397,0.038826,0.0388263,0.038826,0.0388413,0.0388272,0.104892,0.0388261,0.0388858,0.038831,0.0388661,0.038826
0.0366476,0.0366383,0.0416635,0.0366384,0.0368672,0.0366383,0.0366815,0.0366383,0.0366884,0.0366383,0.036639,0.0366384,0.0979183,0.0366383,0.0366383,0.0366383,0.0366386,0.0366421,0.0901253,0.0366383,0.0371413,0.0366386,0.036687,0.0366383
0.0378713,0.0378712,0.0378712,0.0378733,0.0378712,0.0378712,0.0380015,0.038019,0.0378712,0.0378733,0.0378727,0.0378712,0.0379771,0.0378712,0.0378766,0.0378717,0.10269,0.0378855,0.0630876,0.0378712,0.0378715,0.0381404,0.0382478,0.0378712
0.0384281,0.0384282,0.0384281,0.0384281,0.0384283,0.0384286,0.0385094,0.0482027,0.0384281,0.0384282,0.038786,0.0384291,0.0384786,0.0384281,0.038459,0.0384281,0.103377,0.0384389,0.040893,0.0384281,0.0384281,0.0384311,0.0384281,0.0384286
0.0381645,0.0385556,0.0381645,0.0381648,0.0381769,0.0382065,0.0381645,0.0381645,0.0381915,0.0381645,0.038165,0.0420799,0.0381645,0.0381671,0.0381645,0.038212,0.0381645,0.038172,0.0381645,0.103661,0.0381671,0.0381664,0.0381645,0.052269
0.0388433,0.0388315,0.0388315,0.0388466,0.0388315,0.0388318,0.0388335,0.0388315,0.0388315,0.0388888,0.0388315,0.0388525,0.0388327,0.0388315,0.0388315,0.0388981,0.0388324,0.0388357,0.0388317,0.0388362,0.0398353,0.105413,0.0391052,0.0388315
0.0387985,0.0387982,0.0387982,0.038881,0.0387981,0.0387987,0.0387989,0.0392135,0.0387981,0.105276,0.0387989,0.0387998,0.0387981,0.0387982,0.038799,0.0387989,0.0388004,0.0388019,0.0387982,0.0387981,0.0387983,0.0400453,0.0388038,0.0394018
0.0390249,0.038797,0.0388214,0.038797,0.0387971,0.038797,0.0388042,0.038797,0.0388296,0.0388024,0.038797,0.038825,0.0387983,0.038797,0.0387976,0.038798,0.0387971,0.0387983,0.038797,0.0388035,0.10534,0.0396877,0.0398982,0.038797
0.0387681,0.0387696,0.0387681,0.0387681,0.0387683,0.0387843,0.0387684,0.0390975,0.0387682,0.0387689,0.0416473,0.104483,0.0387681,0.0387681,0.0392005,0.0387681,0.038788,0.0387701,0.0387683,0.0387682,0.0387685,0.0387739,0.0387681,0.0389306
0.0495599,0.0384966,0.0384967,0.0385006,0.0384966,0.0384966,0.0384966,0.0384966,0.0385093,0.0384981,0.0391114,0.0384967,0.0385021,0.0384966,0.0384966,0.0384998,0.0384985,0.0385019,0.038498,0.0384993,0.0385213,0.0385004,0.102827,0.0385029
0.097879,0.0364214,0.0364246,0.037752,0.0364215,0.0364214,0.0364216,0.0364214,0.0365352,0.0364221,0.0364223,0.0364214,0.0364297,0.0364217,0.0364215,0.0364553,0.0364216,0.0364327,0.0364216,0.0364225,0.0367827,0.0364275,0.0989779,0.0364215
0.0389653,0.0389653,0.0389653,0.0389653,0.0389721,0.0389653,0.0389744,0.0389653,0.0389664,0.0389653,0.0390506,0.0389684,0.0901532,0.0389653,0.0389653,0.0389653,0.0427005,0.0389696,0.0482094,0.0389654,0.0394924,0.0389933,0.038966,0.0389653
0.0386006,0.0386146,0.0386006,0.0386007,0.0386007,0.0386354,0.0386008,0.104824,0.0386006,0.0387056,0.0386319,0.0386012,0.0386006,0.0386006,0.0386406,0.0386006,0.0450317,0.0386092,0.0392929,0.0386006,0.0386006,0.0386036,0.0386006,0.0386012
0.0421454,0.0414006,0.0414004,0.0414479,0.0414003,0.0414003,0.0414003,0.0414003,0.0414012,0.0414296,0.0417611,0.0414018,0.0414003,0.0414025,0.0414003,0.0414022,0.0414004,0.0414058,0.0414008,0.0418139,0.0414208,0.0414026,0.0438886,0.0436727
0.0388033,0.0388038,0.0417773,0.0388033,0.104239,0.0388935,0.038821,0.0388038,0.0388469,0.0388033,0.038823,0.0388083,0.038805,0.0388046,0.0388054,0.0388033,0.0388033,0.0388157,0.0389005,0.0388229,0.0388036,0.0388033,0.0388033,0.0388033
0.0388757,0.0390276,0.038877,0.0389111,0.0388764,0.105215,0.0388808,0.0392135,0.0388758,0.0388757,0.0388757,0.0388863,0.0388757,0.0388984,0.0388757,0.0389252,0.0388757,0.0388914,0.0388827,0.0388802,0.0388757,0.0388768,0.0388757,0.0388759
0.0387566,0.0387895,0.0387571,0.0387567,0.0387567,0.105257,0.0395286,0.039563,0.0387567,0.038757,0.0387566,0.0402213,0.0387566,0.0387568,0.0387573,0.0389723,0.0387567,0.0387689,0.0387567,0.0387574,0.0387566,0.038786,0.0387566,0.0387611
0.0385144,0.0397813,0.0385144,0.0385197,0.0385145,0.104301,0.0385149,0.0465864,0.0385144,0.0385144,0.0385144,0.0388625,0.0385144,0.0385144,0.0385148,0.0385268,0.0385145,0.0385203,0.0385218,0.0385173,0.0385144,0.0386601,0.0385144,0.0385144
0.0414802,0.0416135,0.0414801,0.0415861,0.0414801,0.041481,0.0414801,0.0414978,0.0414801,0.0418918,0.0414805,0.0414944,0.0414801,0.0414804,0.0414802,0.0414889,0.0414802,0.041485,0.0414801,0.0416841,0.0414812,0.0415926,0.0414803,0.044941
0.0388623,0.0388622,0.0388667,0.0388737,0.0388622,0.0388927,0.0390961,0.0388622,0.0393401,0.0388622,0.0388622,0.0388627,0.0388642,0.0388649,0.0388622,0.105265,0.0388622,0.0389103,0.0388622,0.0389281,0.0388622,0.0388675,0.038882,0.0388644
0.0394208,0.039421,0.0533633,0.0394208,0.0743106,0.0395066,0.0394218,0.0394209,0.0394274,0.0394208,0.0394261,0.0394435,0.0394419,0.0394246,0.0394208,0.0394208,0.0394208,0.0394246,0.0443143,0.0394429,0.0394235,0.0394208,0.0394208,0.0394208
0.038083,0.0380835,0.0380829,0.0380828,0.0380915,0.0380828,0.0381785,0.0380828,0.103224,0.0380828,0.0380829,0.0381183,0.0432455,0.0380828,0.0380828,0.0496735,0.0381202,0.038106,0.0380828,0.0380851,0.0419591,0.0380831,0.0381197,0.0380832
0.0387191,0.0388156,0.0388712,0.0387228,0.0387194,0.105191,0.0392713,0.0387442,0.0387198,0.0387191,0.0387191,0.0387326,0.0387191,0.038728,0.0387192,0.041972,0.0387191,0.0387326,0.0387191,0.0388586,0.0387191,0.0387302,0.0387191,0.0387191
0.0371049,0.0371174,0.0371332,0.100685,0.0370981,0.0370989,0.0370981,0.0370994,0.0370981,0.0372433,0.0370981,0.0370981,0.0370981,0.082901,0.0370981,0.0371055,0.0370981,0.0371062,0.0371036,0.0371012,0.0370981,0.037099,0.0371203,0.0370985
0.0389531,0.0381315,0.0381345,0.0381316,0.0381316,0.0381315,0.0381395,0.0381315,0.0381795,0.0381449,0.0381315,0.0381321,0.038143,0.0381315,0.0381361,0.0381318,0.0381418,0.0381334,0.0381328,0.0381315,0.102552,0.0381985,0.0575634,0.0381315
0.0387813,0.0387817,0.0387813,0.0387813,0.0387813,0.0387812,0.0387813,0.0392005,0.0387818,0.038846,0.0426793,0.0387815,0.0387814,0.0387813,0.0391654,0.0387813,0.102921,0.0387904,0.0387843,0.0387812,0.0387818,0.0387814,0.0391066,0.0387854
0.0385023,0.038888,0.0385023,0.0385042,0.0385026,0.0385024,0.0385023,0.0385028,0.0385034,0.0385025,0.0387135,0.0393416,0.0385023,0.0385329,0.0385023,0.0385037,0.0385023,0.0385092,0.0385023,0.048166,0.0385023,0.0385024,0.0385023,0.103304
0.036905,0.037486,0.0371736,0.0757248,0.0369047,0.036933,0.0369047,0.0369049,0.0369048,0.0369069,0.0369047,0.0369048,0.0369047,0.0990387,0.0369047,0.0371284,0.0369047,0.0369174,0.0369047,0.0477726,0.0369047,0.0369049,0.0369048,0.0382517
0.0384725,0.0384726,0.0384725,0.0384725,0.0384762,0.0384726,0.0384819,0.0387506,0.0384729,0.0384726,0.0404218,0.0384811,0.0394687,0.0384725,0.0385311,0.0384725,0.104136,0.0384792,0.0461536,0.0384725,0.0384742,0.0384742,0.0384726,0.0384726
0.0423354,0.04098,0.040979,0.0411946,0.040979,0.040979,0.040979,0.040979,0.0410091,0.0409844,0.041085,0.0409794,0.0409791,0.0409812,0.040979,0.0410119,0.0409791,0.0409874,0.040979,0.0411836,0.0409856,0.0409806,0.0550152,0.0414756
0.0399968,0.0594645,0.0399968,0.0511995,0.039997,0.0399989,0.0399967,0.0399968,0.0400771,0.0399972,0.0399967,0.0399975,0.0399967,0.0408073,0.0399967,0.0408852,0.0399967,0.0400153,0.0399967,0.0474145,0.0399971,0.0399974,0.0399969,0.0401837
