0.0392566,0.0392556,0.0392557,0.0392556,0.0392664,0.0392556,0.0392556,0.0392575,0.0392611,0.0392734,0.0394719,0.0392889,0.0392556,0.0393238,0.090921,0.0392565,0.0397279,0.0446246,0.0392556,0.0392557,0.0392562,0.039256,0.0392579,0.0392556
0.0388714,0.0388571,0.0388596,0.038857,0.0388578,0.0388585,0.0388573,0.038857,0.0388573,0.0388573,0.0388631,0.0388571,0.0388592,0.0388575,0.0393756,0.0389256,0.038857,0.038857,0.0389526,0.038857,0.105575,0.0388572,0.0388582,0.038857
0.0387516,0.0387515,0.0387527,0.0388171,0.0387531,0.0387683,0.0388214,0.0387517,0.0387512,0.0387512,0.0387678,0.0387512,0.0387512,0.105311,0.0387511,0.0387512,0.0387511,0.0387513,0.0387528,0.0402389,0.0387512,0.0387511,0.0387515,0.0404992
0.0405512,0.0405513,0.0405512,0.0405513,0.0405521,0.0405538,0.0405515,0.0405512,0.0667424,0.0405512,0.0405512,0.0405512,0.040808,0.0405704,0.0405513,0.0405533,0.0405518,0.0405514,0.0406252,0.0405514,0.0405563,0.0405747,0.0407452,0.0405512
0.0386279,0.0386279,0.0387125,0.0386279,0.0386279,0.038635,0.0446011,0.0386279,0.0386704,0.0386298,0.0386279,0.038628,0.0386279,0.0386279,0.0386279,0.104996,0.0386279,0.0386286,0.0386279,0.0386288,0.0386474,0.0390584,0.0386282,0.0386292
0.0385234,0.0385237,0.0385233,0.0471236,0.0385233,0.0385233,0.0385233,0.0385262,0.0385233,0.0385233,0.0385239,0.0385233,0.0385234,0.0385233,0.0385233,0.0392335,0.0385237,0.104103,0.0385236,0.0388906,0.0385233,0.0385248,0.0386958,0.0385278
0.0389723,0.038878,0.0388791,0.0388773,0.0388858,0.0388774,0.0388803,0.0388773,0.0388821,0.0388774,0.0388978,0.0388774,0.105678,0.0388793,0.0388786,0.0388777,0.0388778,0.0388773,0.0388808,0.0388773,0.0388774,0.0388788,0.0388773,0.0388777
0.0388037,0.0388157,0.0388457,0.0387914,0.0396382,0.0387932,0.0388035,0.0387915,0.0387915,0.0387924,0.105344,0.0387919,0.0387914,0.0387919,0.040281,0.0387914,0.0387959,0.0387914,0.0387935,0.0387916,0.0387915,0.0387914,0.0387917,0.0387948
0.0378624,0.0378607,0.037916,0.0378726,0.0378608,0.0378638,0.0378609,0.0379179,0.0378633,0.0379051,0.0380796,0.102293,0.0378607,0.0378826,0.0378699,0.037861,0.0378607,0.0643085,0.0378607,0.0378608,0.0378607,0.0378881,0.0378664,0.0378641
0.0388814,0.038862,0.0388619,0.0388637,0.0388649,0.0388617,0.0389072,0.0388972,0.0388617,0.0388623,0.0389832,0.0388618,0.0388726,0.0388618,0.0388652,0.0388617,0.0393617,0.0388626,0.105436,0.0388618,0.0388621,0.0388619,0.0388618,0.0388617
0.0390654,0.039066,0.0390657,0.0390654,0.0393494,0.0390655,0.0390948,0.0390654,0.0390656,0.0390654,0.0390656,0.0390655,0.0390654,0.0390655,0.0390654,0.101166,0.0390654,0.0390654,0.0390691,0.0390684,0.0390667,0.0390654,0.0390655,0.0390722
0.0387186,0.0387,0.0387354,0.0387,0.0387018,0.0387076,0.0387008,0.0387,0.0387014,0.0387001,0.0387001,0.0387001,0.0433013,0.0387011,0.0387004,0.0387171,0.0387,0.0387,0.038701,0.0387,0.104784,0.039121,0.0387079,0.0387
0.0385661,0.0385663,0.0385673,0.0460049,0.0386501,0.0385664,0.104784,0.0388428,0.0385661,0.0387724,0.0385943,0.0385661,0.0385666,0.0385669,0.038571,0.0385662,0.0387166,0.0385661,0.0385668,0.0385661,0.0385661,0.0385661,0.0385675,0.0385666
0.0396484,0.0396468,0.0417019,0.0396469,0.0396468,0.0396468,0.039688,0.0396468,0.0396523,0.0396474,0.0396529,0.0396469,0.0396468,0.0396987,0.0396487,0.0396468,0.0396468,0.0396494,0.0396468,0.0396468,0.0397299,0.0396468,0.0858738,0.0396471
0.0388439,0.0392853,0.038844,0.0388441,0.0388442,0.0392544,0.0388476,0.105519,0.0388446,0.038888,0.038844,0.0389197,0.0388439,0.038844,0.0388551,0.0388602,0.038849,0.0388493,0.0388461,0.0388562,0.038844,0.0388856,0.038844,0.038844
0.0414669,0.0388878,0.0390005,0.0388568,0.0388572,0.0388568,0.0388628,0.0388568,0.038857,0.0388633,0.0388965,0.0388568,0.0388584,0.0388568,0.0389846,0.0388614,0.0388568,0.0388568,0.0388624,0.0388568,0.103316,0.038857,0.038857,0.0388569
0.0384913,0.0385042,0.0384769,0.0387807,0.0384558,0.0384557,0.0385267,0.0384787,0.0384702,0.0385418,0.0384557,0.0384557,0.0417066,0.0384557,0.038476,0.0385222,0.0391795,0.0384854,0.104508,0.0384562,0.0384589,0.0447467,0.0384558,0.0384557
0.0390155,0.0390148,0.0394238,0.0390148,0.0390615,0.0390178,0.102053,0.0390148,0.0390149,0.0390148,0.0390215,0.0390148,0.0390148,0.0390151,0.0390441,0.0390603,0.0390148,0.0390149,0.0390149,0.0390149,0.0390163,0.0390148,0.0390763,0.0390166
0.0388523,0.0388811,0.0388528,0.0388592,0.0388528,0.0388681,0.0388645,0.105611,0.0388523,0.0393623,0.0388555,0.0388651,0.0388523,0.0388525,0.0388525,0.0388539,0.038884,0.0388534,0.0389869,0.038853,0.038853,0.0388759,0.0388534,0.0388524
0.0388767,0.0388767,0.0388764,0.0388764,0.0388767,0.0388764,0.0388797,0.0388764,0.0388765,0.0388928,0.0388764,0.0388764,0.0388765,0.0388765,0.0388815,0.0388764,0.105664,0.038877,0.0388764,0.0388764,0.038879,0.0388764,0.0390262,0.0388764
0.0385271,0.0385263,0.0385262,0.038649,0.0385263,0.0385262,0.0393671,0.0385261,0.0385432,0.0385261,0.0467015,0.0385261,0.0385271,0.0385265,0.0385262,0.0385396,0.0385262,0.0385267,0.0385262,0.0385327,0.0385262,0.0385262,0.104719,0.0385262
0.0387404,0.0387404,0.0388201,0.0387404,0.0387417,0.0404018,0.0391465,0.0387464,0.105266,0.0387404,0.0387432,0.0387473,0.0387409,0.0387412,0.0402363,0.0387408,0.0387797,0.0387404,0.0387405,0.0387404,0.0387431,0.0387409,0.0387404,0.0387404
0.0370777,0.0369892,0.0369888,0.0369965,0.0369888,0.036989,0.0373261,0.0370315,0.0369888,0.0373652,0.0818405,0.0369889,0.0373758,0.03699,0.0380763,0.0370385,0.0376181,0.0371417,0.100462,0.036989,0.0369906,0.0370871,0.037671,0.0369891
0.0390299,0.0388994,0.0389005,0.0388994,0.0393341,0.0388995,0.0389022,0.0388994,0.0388994,0.0388994,0.0389005,0.0388995,0.104668,0.0388994,0.0388994,0.0388998,0.0389253,0.0388995,0.0388996,0.0388995,0.038937,0.0388997,0.0389104,0.0388996
0.0386115,0.0386112,0.0390353,0.0386112,0.0386112,0.0390276,0.0387161,0.038616,0.0386303,0.0386279,0.0386113,0.104713,0.0386113,0.0389945,0.0389524,0.0386115,0.0386112,0.0386249,0.0386112,0.0386112,0.0386127,0.0441136,0.0386115,0.0386112
0.0386427,0.0384958,0.0383521,0.0517672,0.0383405,0.0383407,0.0383407,0.0384464,0.0383405,0.104148,0.0383456,0.0383405,0.0383405,0.0383405,0.0383408,0.0383405,0.0383409,0.0383483,0.0383421,0.0383405,0.0383409,0.0383408,0.038341,0.0383426
0.0361789,0.0361789,0.0478461,0.036179,0.0828466,0.0466558,0.0983166,0.0361789,0.0361842,0.0361789,0.036179,0.0361802,0.0361995,0.0361924,0.0361823,0.0361902,0.0361805,0.0361789,0.036179,0.0368677,0.0361793,0.0361789,0.0361803,0.0361878
0.0388842,0.038883,0.0388829,0.0388841,0.0388815,0.0388816,0.105691,0.0388819,0.0388815,0.0388941,0.0388818,0.0388815,0.0388824,0.0388851,0.0388816,0.0388846,0.0388822,0.0388815,0.0388825,0.0388815,0.0388815,0.0388816,0.0388847,0.0388818
0.0388694,0.10564,0.0388697,0.03887,0.0388709,0.0390464,0.0388694,0.0388705,0.0388696,0.038897,0.0388694,0.0390087,0.0388694,0.0388699,0.0388694,0.0388697,0.0388694,0.0388695,0.0388695,0.0388713,0.0388817,0.0388697,0.0388694,0.0388695
0.0986905,0.038933,0.0389341,0.0389526,0.0389329,0.0389329,0.0389329,0.0389329,0.0389329,0.039038,0.0389561,0.0410886,0.0389333,0.0389329,0.0389332,0.0389331,0.0389331,0.038933,0.0389366,0.0389329,0.0389593,0.0389331,0.0424258,0.0389566
0.0388504,0.0388533,0.0388497,0.0388497,0.0388497,0.0388526,0.0388497,0.0388498,0.0388496,0.0389118,0.0388546,0.0388599,0.0388497,0.0390316,0.0388497,0.0388577,0.0388497,0.0388504,0.0388497,0.0395639,0.0388503,0.0388754,0.0388498,0.105441
0.0448026,0.0386385,0.0386991,0.0386429,0.0386383,0.0386381,0.0386381,0.0386381,0.0386381,0.038643,0.104997,0.0386384,0.0387059,0.0386386,0.0386444,0.0386381,0.0386381,0.0386432,0.0386474,0.0386381,0.0386382,0.0386381,0.0386383,0.0386392
0.0388649,0.0388649,0.0388842,0.0388656,0.038869,0.0388801,0.0388652,0.0388646,0.0388646,0.0388646,0.0388647,0.0388645,0.0391651,0.0389803,0.0389149,0.0388662,0.0388655,0.0388645,0.105603,0.0388646,0.0388649,0.0388647,0.0388646,0.0388645
0.0389177,0.0389223,0.0389195,0.0389633,0.0389181,0.0397133,0.0389179,0.104005,0.0389177,0.0389243,0.0389238,0.0389192,0.0389177,0.0389179,0.0389177,0.0389179,0.0389324,0.038918,0.0389217,0.0389222,0.0389186,0.0389179,0.0389186,0.0389177
0.038664,0.041619,0.0386647,0.0386774,0.0386642,0.0389218,0.038664,0.0387988,0.0388413,0.038664,0.038664,0.0386761,0.038664,0.0386641,0.038664,0.0406347,0.038664,0.0386674,0.0388877,0.104939,0.038664,0.0386662,0.0387,0.0386657
0.0386799,0.0386753,0.0386754,0.0386753,0.0387037,0.0386753,0.0387468,0.0386777,0.0386753,0.0386763,0.104016,0.0386753,0.0386753,0.0386753,0.0444894,0.0386753,0.038679,0.0386753,0.0391986,0.0386753,0.0386753,0.0386753,0.0386781,0.0386753
0.0392001,0.0391998,0.0392289,0.0419497,0.0391989,0.0392055,0.039199,0.0391989,0.0391993,0.039199,0.0391994,0.0391991,0.0391991,0.0944983,0.0391989,0.0403277,0.0391989,0.039199,0.0392043,0.0391991,0.039199,0.0391989,0.0392,0.0391989
0.0387789,0.0387802,0.0388899,0.0387792,0.0387875,0.0388016,0.0387792,0.0387789,0.0393484,0.0387789,0.0387789,0.0387789,0.0387789,0.038779,0.0387789,0.1054,0.0387789,0.0387795,0.0387789,0.0406931,0.0388158,0.0387792,0.0387841,0.0387934
0.0388574,0.0388568,0.0388572,0.0388567,0.0388569,0.0388572,0.0388568,0.0388572,0.0393065,0.0388567,0.0388594,0.105622,0.0388568,0.038924,0.0388626,0.0388589,0.0388567,0.0388848,0.0388567,0.0388581,0.038858,0.038961,0.0388649,0.0388567
0.0388045,0.0388104,0.0388057,0.0388045,0.0388044,0.0388045,0.0390359,0.0388044,0.0388044,0.0388113,0.0388046,0.0388082,0.0388045,0.105469,0.0388043,0.0405221,0.0388043,0.0388044,0.0388067,0.0388145,0.0388043,0.0388052,0.0388044,0.0388535
0.0387926,0.0444631,0.0387949,0.038793,0.03881,0.0387921,0.038792,0.0387932,0.0394317,0.0388195,0.0387923,0.10115,0.0387921,0.0389173,0.0387935,0.0388979,0.0387972,0.0388017,0.038792,0.038792,0.0388116,0.0387924,0.0387921,0.0387956
0.0379681,0.0379681,0.0379681,0.0379681,0.0379686,0.0603748,0.0379685,0.038041,0.0386057,0.0379789,0.0380264,0.103207,0.0381466,0.0379681,0.0379898,0.0379718,0.0379843,0.0379722,0.0379681,0.0379683,0.0379685,0.0379859,0.0380639,0.0379687
0.0388077,0.0388094,0.0388077,0.0388082,0.0388077,0.0388083,0.0388779,0.0388327,0.0388077,0.105478,0.0388077,0.0388291,0.0388077,0.0388078,0.0388081,0.0404128,0.0388099,0.0388103,0.0388077,0.0388077,0.0390144,0.0388152,0.0388083,0.0388077
0.03874,0.03874,0.038742,0.03874,0.0388424,0.03874,0.0387594,0.0387465,0.038747,0.0387427,0.0387987,0.0387401,0.0387401,0.03874,0.105277,0.03874,0.0422339,0.0387458,0.03874,0.03874,0.03874,0.0387404,0.0387443,0.03874
0.0388543,0.0388626,0.0389043,0.038853,0.0389741,0.038853,0.038853,0.038853,0.0388533,0.038853,0.105484,0.0388531,0.0391317,0.0388533,0.038853,0.0388593,0.038853,0.038853,0.0392009,0.0388532,0.038853,0.038853,0.0389329,0.0388532
0.044064,0.038701,0.0387044,0.0387303,0.038701,0.038701,0.038701,0.038701,0.038707,0.0387026,0.038701,0.038701,0.0387023,0.038701,0.038701,0.0387031,0.0387051,0.0387022,0.038701,0.038701,0.104195,0.0387017,0.0389705,0.038701
0.0388758,0.038877,0.0388704,0.038872,0.0388756,0.0388703,0.0388704,0.0388782,0.0388801,0.0388744,0.0389094,0.0388703,0.0389006,0.0388703,0.0388703,0.0388703,0.105638,0.0388742,0.0388727,0.0388703,0.0390982,0.0388703,0.0388705,0.0388703
0.0388873,0.0388807,0.038882,0.038881,0.0388843,0.0388806,0.0388808,0.0388806,0.0388844,0.0388806,0.038881,0.0388811,0.105679,0.0388806,0.0388806,0.0388855,0.0389133,0.0388806,0.0388807,0.0388806,0.0388826,0.0388809,0.0388904,0.0388808
0.0388444,0.0388435,0.105407,0.0388438,0.0389552,0.0388459,0.0388435,0.0388435,0.0398969,0.0388435,0.0388436,0.0388436,0.0388438,0.0388476,0.0388541,0.0388435,0.0388435,0.0388435,0.0388464,0.0388436,0.0388483,0.0388435,0.0388438,0.0388435
0.0383619,0.0383862,0.0383665,0.038362,0.0383619,0.104247,0.0383671,0.051366,0.0383632,0.0383676,0.0383649,0.0383619,0.0384554,0.0385117,0.0383619,0.0383863,0.0383636,0.038362,0.0383636,0.0383623,0.038362,0.0384712,0.038362,0.0383619
0.0387333,0.0387144,0.0387879,0.0387144,0.0429431,0.0387146,0.0387151,0.0387161,0.038721,0.0387197,0.0387773,0.0387145,0.0387145,0.0387144,0.105159,0.0387163,0.0387166,0.0387209,0.0387144,0.0387144,0.0387144,0.0387144,0.0387144,0.0387146
0.0385626,0.0385626,0.0385624,0.0385624,0.0385624,0.0385655,0.0386067,0.0385625,0.0385624,0.104608,0.0385628,0.0385693,0.0385624,0.0385626,0.038564,0.0392522,0.0385632,0.0385647,0.0385624,0.0385624,0.0461908,0.0386099,0.0385934,0.0385624
0.0388056,0.0390171,0.0388066,0.0388281,0.038934,0.0388021,0.0387978,0.0387984,0.0387978,0.0387996,0.038799,0.0404469,0.0387981,0.0387979,0.0387978,0.0388455,0.0387981,0.0388016,0.038798,0.0388765,0.038802,0.0388144,0.0387978,0.105439
0.0390094,0.0427524,0.0390097,0.0391221,0.0390216,0.0390197,0.0390106,0.0390191,0.0390095,0.0390095,0.0390095,0.0390099,0.0390094,0.039061,0.0390094,0.0390095,0.0390094,0.0390095,0.0390115,0.0987996,0.0390095,0.0390095,0.0390116,0.0390472
0.0389392,0.038939,0.038939,0.0389437,0.038939,0.0389422,0.0389399,0.0390998,0.038939,0.103381,0.0389505,0.0390241,0.038939,0.038939,0.0389611,0.0393801,0.0389421,0.0389394,0.038939,0.038939,0.0389412,0.0392249,0.0389395,0.038939
0.0388612,0.0388612,0.0388745,0.0388618,0.038867,0.0388994,0.0388614,0.0388793,0.0388664,0.0388631,0.0388612,0.0388645,0.0388613,0.038862,0.105635,0.0388614,0.0389196,0.0388642,0.0388612,0.0388613,0.0392467,0.0388625,0.0388829,0.0388612
0.0388118,0.0388118,0.0388121,0.0388118,0.0388118,0.0388137,0.0388123,0.0388145,0.0388174,0.0388163,0.0388118,0.0388122,0.0388118,0.0388118,0.0402294,0.0388137,0.105478,0.0388175,0.0388118,0.0388119,0.0388159,0.038812,0.0392168,0.0388118
0.0388247,0.0388308,0.0388329,0.0388255,0.0388247,0.0389067,0.0388256,0.10551,0.0388247,0.0388377,0.0388326,0.0388248,0.0388248,0.039475,0.0388248,0.0388253,0.0388251,0.0388262,0.039534,0.0388258,0.0388247,0.0388647,0.0388247,0.0388247
0.0391358,0.0391345,0.0391347,0.0391345,0.0391399,0.0391345,0.0391364,0.0391345,0.039266,0.0391348,0.0391345,0.0391351,0.0391455,0.0391345,0.0391345,0.0391424,0.0392073,0.03914,0.0996546,0.039136,0.0391396,0.0391345,0.0391405,0.0391352
0.0388736,0.0388737,0.0388739,0.0388736,0.0388736,0.0388744,0.0388736,0.0388737,0.0389081,0.0388737,0.0388736,0.0388752,0.0388736,0.0388738,0.0388736,0.105669,0.0388736,0.0390511,0.0388751,0.0388818,0.0388841,0.0388765,0.0388737,0.0388736
0.0388748,0.0388695,0.0388695,0.0388697,0.0388695,0.0388709,0.0388712,0.0388698,0.0388981,0.0390983,0.0388695,0.0388739,0.0389272,0.038874,0.0389037,0.0388695,0.0388695,0.0388852,0.0388695,0.0388709,0.038874,0.105607,0.0388752,0.0388697
0.0391738,0.0388649,0.0388649,0.0388774,0.038865,0.0388649,0.0388649,0.0388655,0.0388649,0.0388664,0.0388649,0.0388649,0.0388678,0.0388649,0.0388777,0.038865,0.0388803,0.0389744,0.0388649,0.0388649,0.0388649,0.105638,0.0388701,0.0388651
0.0384118,0.0384117,0.0384174,0.0390955,0.104394,0.0384117,0.0384117,0.0384119,0.0497354,0.0384117,0.0384117,0.0384117,0.0384133,0.0384135,0.0384126,0.0384117,0.0384984,0.0384321,0.0384117,0.038412,0.0384117,0.0384117,0.0384236,0.0384117
0.0388022,0.0388018,0.0388019,0.0388018,0.0407828,0.0388063,0.0388018,0.0388018,0.0388112,0.0388018,0.0388232,0.0388023,0.105174,0.0388018,0.0388018,0.0388023,0.0388019,0.0388019,0.0391636,0.0388022,0.038802,0.0388041,0.038803,0.0388018
0.0382435,0.039534,0.0382427,0.0382414,0.0382417,0.0382416,0.0382437,0.0382414,0.0382414,0.0384199,0.0382536,0.0383674,0.0382414,0.0547248,0.0382414,0.0384844,0.0382414,0.0382417,0.0382415,0.0382417,0.0382415,0.0382733,0.0382414,0.102073
0.0401718,0.0401717,0.0401751,0.0401717,0.0401723,0.0401719,0.0401757,0.0401717,0.0500843,0.0401717,0.040172,0.0401827,0.0402306,0.0402968,0.0401717,0.0404154,0.0401717,0.0401726,0.0401755,0.0401746,0.0401768,0.0401729,0.0656772,0.0401717
0.0391584,0.0388748,0.0388756,0.0389174,0.0388748,0.0388748,0.0388748,0.0388749,0.0388748,0.038889,0.0388749,0.0388818,0.0388827,0.0388748,0.0388754,0.0388754,0.0388758,0.0388753,0.0388769,0.0388748,0.0388767,0.105513,0.0388767,0.0388769
0.0387188,0.0387656,0.0387298,0.105239,0.038718,0.0387179,0.0387179,0.0387272,0.038718,0.0422272,0.038719,0.0387179,0.0387179,0.038719,0.0387179,0.0387179,0.0388366,0.0392622,0.0387182,0.0387179,0.0387179,0.0387179,0.0387218,0.0387188
0.0460799,0.0386214,0.038598,0.0386331,0.0385869,0.0385869,0.0385868,0.038592,0.0385867,0.104889,0.038591,0.0385869,0.0385867,0.0385873,0.0386044,0.0385868,0.038587,0.0385883,0.0385868,0.0385867,0.0385867,0.0385873,0.0385867,0.0385867
0.0378462,0.0378462,0.0378462,0.0378462,0.0492891,0.0378462,0.0378675,0.0378462,0.102739,0.0378462,0.0378462,0.037847,0.0523101,0.0378498,0.0379025,0.0378585,0.0378584,0.0378463,0.0378463,0.0378462,0.0378465,0.0386193,0.0378577,0.0378462
0.0388823,0.0388814,0.105682,0.0388814,0.038891,0.0388812,0.0388813,0.0388811,0.0388856,0.0388811,0.0388899,0.038897,0.0388834,0.0388812,0.0388819,0.0388811,0.0388811,0.0388811,0.0388886,0.0388811,0.0388811,0.0388811,0.0388812,0.0388813
0.0389209,0.103722,0.0389605,0.0389387,0.0389297,0.0395774,0.0389209,0.0389216,0.0389219,0.0390628,0.0389211,0.0391093,0.0389209,0.0389281,0.0389212,0.0389544,0.0389209,0.0389209,0.0389209,0.038921,0.0389214,0.0389213,0.0389209,0.0389213
0.0388792,0.0388854,0.0388715,0.0391798,0.0388715,0.0388716,0.0388715,0.0388728,0.0388715,0.105575,0.0388718,0.0388715,0.0388715,0.0388715,0.0388718,0.0388726,0.0388721,0.0388722,0.0388716,0.0388715,0.0388726,0.0389094,0.0388783,0.0388717
0.0388806,0.038881,0.0388812,0.0388806,0.105685,0.0388808,0.0388808,0.0388806,0.0388808,0.0388806,0.038908,0.0388806,0.0388837,0.0388808,0.0388806,0.0388806,0.0388807,0.0388806,0.0389022,0.0388874,0.0388807,0.038881,0.0388806,0.0388806
0.0388686,0.0388664,0.0388668,0.0388665,0.0388665,0.0388665,0.0388665,0.0388666,0.0388664,0.0390156,0.0388666,0.0388679,0.0388673,0.038955,0.0388665,0.0388725,0.0388665,0.0388701,0.0388664,0.0388671,0.0388665,0.0390328,0.0388869,0.105632
0.0388307,0.038829,0.104672,0.0388306,0.0405295,0.0388293,0.0388289,0.0388289,0.0390581,0.0388289,0.0388506,0.0388291,0.0388305,0.0391248,0.0388293,0.0388289,0.0388289,0.0388289,0.0388327,0.0388315,0.0388315,0.0388289,0.0388293,0.0388289
0.0386272,0.0394258,0.0386407,0.0386215,0.0386312,0.0386213,0.0386213,0.0386214,0.0386217,0.0386214,0.104772,0.0386216,0.0386215,0.0386213,0.0386213,0.0386214,0.0386231,0.0386214,0.0446688,0.0386213,0.0386213,0.0386213,0.0386692,0.0386213
0.0395699,0.0386706,0.0386712,0.0386715,0.0386706,0.0386711,0.0386707,0.0386738,0.0386706,0.038671,0.0386713,0.0396904,0.0388026,0.0386707,0.0386706,0.0386829,0.038671,0.041426,0.0386917,0.0387043,0.0387127,0.105107,0.038673,0.0392149
0.0380273,0.040632,0.0380274,0.0380438,0.0380307,0.0380366,0.0380327,0.0380444,0.0380273,0.0380273,0.0380804,0.0380294,0.0380273,0.0577685,0.0380273,0.0380295,0.0380273,0.0380273,0.0380341,0.102783,0.0380273,0.0380274,0.0380505,0.0381318
0.0382686,0.0405986,0.0382688,0.0382689,0.0382931,0.0508345,0.0382835,0.0383162,0.0382789,0.0382686,0.038269,0.0382687,0.03827,0.038467,0.0382686,0.0382757,0.0382686,0.0382686,0.0390681,0.103821,0.0382686,0.0382686,0.0382691,0.0382686
0.0384673,0.0471806,0.0954471,0.038468,0.0491868,0.0384937,0.0384672,0.0384677,0.038469,0.0384673,0.0384733,0.0384855,0.0384677,0.0384675,0.0384672,0.0384673,0.038469,0.0384672,0.0384957,0.0385158,0.0384752,0.0384672,0.0384672,0.0386994
0.0388448,0.0388876,0.0388498,0.0388567,0.0388517,0.0388476,0.0391617,0.038846,0.038845,0.0388451,0.0388452,0.0388448,0.0388448,0.105537,0.0388448,0.0394673,0.0388448,0.0388448,0.0388462,0.0388459,0.0388448,0.0388449,0.0388477,0.0388609
0.0373738,0.0373741,0.0373794,0.0373738,0.037375,0.037374,0.037374,0.0373738,0.0373915,0.0373738,0.0373739,0.0373749,0.0373738,0.0373846,0.0373738,0.101486,0.0373738,0.0373745,0.0373743,0.0761778,0.0373809,0.0373743,0.03743,0.0373839
0.0389101,0.0388717,0.0388717,0.0388718,0.0388718,0.0388717,0.0388741,0.038891,0.0388717,0.105631,0.0388717,0.0388789,0.0388717,0.0388718,0.0389937,0.0388721,0.0388717,0.0388785,0.0388717,0.0388717,0.0388717,0.0389949,0.0388717,0.038872
0.0379706,0.0444672,0.0380114,0.0561083,0.0379706,0.0379823,0.0379706,0.037977,0.0379706,0.0379771,0.0379708,0.0379958,0.0379705,0.101943,0.0379705,0.0379705,0.0379705,0.037971,0.0379706,0.0379714,0.0379706,0.0379705,0.0379705,0.037978
0.0381009,0.0381291,0.0381021,0.0381021,0.0381015,0.0381013,0.0381021,0.103541,0.0381009,0.0381012,0.0447362,0.0381009,0.0381009,0.0381013,0.0381009,0.0381076,0.0474273,0.0381176,0.0422197,0.0381011,0.0381009,0.0381009,0.0381009,0.0381013
0.0389246,0.0389173,0.0389169,0.0389171,0.0389168,0.0389171,0.0389168,0.038918,0.0389168,0.0390609,0.0389279,0.0389168,0.0389168,0.038917,0.0389182,0.0389169,0.0389177,0.104361,0.0389168,0.0389446,0.0389217,0.0390104,0.0389169,0.0391751
0.0389218,0.0388474,0.0388521,0.0388656,0.0388471,0.0388469,0.0388474,0.0389727,0.0388482,0.105577,0.038847,0.0388471,0.0388468,0.0388549,0.0395469,0.0388468,0.0388469,0.038856,0.0388468,0.0388468,0.0388468,0.0388471,0.0388469,0.0388468
0.0383957,0.0383959,0.038397,0.0951543,0.0383956,0.038396,0.0383957,0.038399,0.0383958,0.038486,0.0383962,0.0384238,0.0383956,0.0597592,0.0383956,0.0383957,0.0383956,0.0386379,0.0383957,0.0383958,0.0383957,0.0383956,0.0384108,0.0383956
0.0388744,0.0388839,0.0388884,0.105286,0.0388742,0.0388743,0.0388742,0.0388753,0.0388743,0.038881,0.0388742,0.0388742,0.0388742,0.0394291,0.0388742,0.0388748,0.0388742,0.0388794,0.0388869,0.0388743,0.0388742,0.0388742,0.0388752,0.0388743
0.0387545,0.0387545,0.0387603,0.0387554,0.0387555,0.0387545,0.0387628,0.0387545,0.0387545,0.0387544,0.0387547,0.0387545,0.0387544,0.105151,0.0387544,0.0387548,0.0387544,0.0387545,0.0387545,0.0387737,0.0387552,0.0387544,0.0387561,0.0422128
0.0391182,0.0391181,0.0391181,0.0391472,0.0402788,0.0391182,0.0391184,0.0391189,0.0391384,0.0391181,0.0422624,0.0391182,0.0411601,0.0391183,0.0391181,0.0391181,0.0391194,0.0391181,0.0938385,0.0391181,0.0391566,0.0391183,0.0391251,0.0391181
0.0380267,0.0380319,0.0380267,0.0380268,0.0380268,0.038035,0.103001,0.0380431,0.0380267,0.0380304,0.0380268,0.0406438,0.0380268,0.0380272,0.0380267,0.0380285,0.0380267,0.0380267,0.0380279,0.0383406,0.0380287,0.0380272,0.0574403,0.0380267
0.0406732,0.040674,0.0406732,0.0406732,0.0406749,0.0624967,0.0409308,0.0406732,0.0406735,0.0406741,0.0406732,0.0407046,0.0406755,0.0406732,0.0406732,0.0423137,0.0406732,0.0406732,0.0406732,0.0406732,0.0407193,0.0406732,0.0407095,0.0406752
0.0378409,0.0378305,0.0378299,0.0439821,0.03783,0.0378309,0.101908,0.0378303,0.0378357,0.0378322,0.0378313,0.0378351,0.0580659,0.0378323,0.0378298,0.0378346,0.0378384,0.0378322,0.0378484,0.0378298,0.038494,0.0378299,0.0381732,0.0383742
0.0385383,0.0385425,0.0385387,0.0385384,0.0385384,0.0385428,0.0385387,0.0385466,0.0385395,0.0472676,0.0385383,0.104552,0.0385383,0.0385444,0.0385412,0.0386741,0.0385383,0.0385537,0.0385383,0.0385383,0.0385385,0.0386965,0.0385383,0.0385383
0.0374558,0.0376149,0.0374563,0.037456,0.03746,0.0387634,0.0377931,0.0382785,0.0374561,0.037456,0.0374569,0.0374764,0.0374567,0.0738435,0.0374558,0.0374559,0.0374558,0.0374559,0.0376964,0.098334,0.0374559,0.0374691,0.0374558,0.0383418
0.0380095,0.0380518,0.0380113,0.0380095,0.0380508,0.0380365,0.102908,0.0381715,0.0380095,0.0380097,0.0380095,0.0381614,0.0380095,0.0380101,0.0380095,0.0380101,0.03801,0.0380095,0.0380239,0.0603989,0.0380095,0.0380095,0.0380492,0.0380114
0.0388181,0.039591,0.0388203,0.0388213,0.0388221,0.0388901,0.0388182,0.0388282,0.0394059,0.0388181,0.0388181,0.0388399,0.0388181,0.0388438,0.0388181,0.0395623,0.0388181,0.0388291,0.0388183,0.104919,0.0388186,0.0388226,0.0388199,0.0388211
0.038891,0.0388848,0.0388854,0.0388858,0.0388848,0.0388848,0.0388848,0.0388848,0.0390109,0.0388889,0.0389318,0.0388849,0.0388864,0.038885,0.0388899,0.0388849,0.0388981,0.038959,0.0388848,0.0388848,0.0389872,0.0388848,0.105268,0.0388848
0.0388687,0.0388817,0.0388762,0.0388708,0.0388715,0.0388952,0.0389075,0.0388713,0.0388774,0.03905,0.0388687,0.0388687,0.0388691,0.0388687,0.0388695,0.0388689,0.105627,0.0388794,0.0388687,0.0388687,0.0389652,0.0388687,0.0388687,0.0388694
0.0388766,0.105671,0.0388773,0.0388854,0.0388772,0.0388866,0.0388766,0.0388792,0.0388774,0.0388854,0.0388772,0.0388767,0.0388766,0.0388772,0.0388766,0.0388835,0.0388772,0.0388767,0.0388766,0.0388792,0.0389988,0.0388766,0.0388767,0.0388779
0.0386471,0.0386483,0.0386471,0.0386471,0.0386484,0.0386472,0.0386471,0.0386473,0.0386471,0.0386526,0.0386471,0.0386471,0.0386471,0.0386583,0.0386471,0.104906,0.0386476,0.038657,0.0386504,0.0447897,0.0386553,0.0386505,0.0386699,0.0386471
0.0388071,0.0388034,0.0388052,0.0388015,0.0388029,0.0388089,0.0388014,0.0388139,0.0388015,0.0388133,0.0388289,0.0398586,0.0388099,0.0388036,0.0388014,0.0388156,0.0388015,0.0388031,0.038896,0.0389629,0.03882,0.1054,0.0388014,0.0395384
0.0388415,0.0388416,0.0388704,0.0388414,0.0388424,0.0388553,0.0388444,0.0395016,0.0388477,0.105579,0.0388445,0.0388428,0.0388412,0.0388691,0.0391625,0.0388416,0.0388421,0.0388441,0.0388412,0.0388412,0.0388412,0.0388412,0.0388412,0.0388412
0.0388784,0.0388774,0.0388774,0.0388774,0.0388778,0.0389324,0.0388801,0.0388898,0.0388775,0.0389233,0.0388773,0.0388893,0.0388844,0.0388975,0.0388773,0.0388794,0.0388784,0.0388793,0.0388773,0.0388817,0.0390238,0.105188,0.0388834,0.039191
0.0388935,0.0388935,0.0388963,0.0388935,0.0388935,0.0388935,0.038924,0.0388935,0.0389912,0.0389178,0.0389061,0.0388938,0.0388941,0.0388941,0.0395572,0.0388935,0.0388979,0.0388986,0.0388935,0.0388935,0.0395629,0.0388963,0.103935,0.0388935
0.038816,0.038816,0.0388158,0.0388161,0.0388158,0.0388159,0.0392238,0.0388173,0.0388158,0.0390365,0.0388158,0.0388158,0.0388162,0.0388158,0.0398882,0.0388162,0.105144,0.0388161,0.03882,0.0388158,0.0388176,0.0389233,0.0390904,0.0388158
0.0407209,0.0407208,0.040721,0.0407207,0.0407212,0.0407209,0.0407207,0.0407207,0.040721,0.0407207,0.0414524,0.0407213,0.0586554,0.0407207,0.0407207,0.0407245,0.0407223,0.0407207,0.0442222,0.0410292,0.0407397,0.0407211,0.0409207,0.0407207
0.0387558,0.0387559,0.0387558,0.0387558,0.0387622,0.0387938,0.0387558,0.038835,0.040151,0.0387571,0.0407665,0.104908,0.0387571,0.0387558,0.03883,0.0387565,0.0387921,0.0387682,0.038756,0.0387558,0.0387558,0.0388089,0.0387559,0.0387558
0.0387234,0.0387448,0.0387232,0.0387217,0.039227,0.0387238,0.0387216,0.0387217,0.0387651,0.0387622,0.0387353,0.105255,0.0387219,0.042153,0.0387217,0.0387216,0.0387217,0.0387308,0.0387216,0.0387319,0.0387217,0.0387738,0.0387247,0.0387308
0.0389172,0.0388718,0.038962,0.0388713,0.0388713,0.0388714,0.0388713,0.0388713,0.0388727,0.0388795,0.0388734,0.0388714,0.0388846,0.0388723,0.0390395,0.0388878,0.0388713,0.0388713,0.0388724,0.0388713,0.105599,0.0388827,0.0388713,0.038872
0.0386346,0.0450205,0.0386359,0.104999,0.038634,0.0386338,0.0386338,0.0386407,0.0386338,0.0386415,0.0386338,0.0386338,0.0386338,0.0386373,0.0386338,0.0386339,0.0386356,0.0386474,0.0386339,0.0386338,0.0386342,0.0386338,0.0386339,0.0386338
0.0388573,0.0388535,0.0388534,0.0388537,0.0388536,0.0388534,0.0388534,0.038859,0.0388534,0.0395416,0.0388534,0.0389107,0.0388534,0.0388534,0.0388537,0.0388777,0.0388537,0.10558,0.0388534,0.0388539,0.0388534,0.0388636,0.0388536,0.0388541
0.0391401,0.0393477,0.0392296,0.0391404,0.0391442,0.0391402,0.0391461,0.0391401,0.0391403,0.0391402,0.0391402,0.0391587,0.0391401,0.0879216,0.0391401,0.0418441,0.0391401,0.0391905,0.0391696,0.0403118,0.0391414,0.0391401,0.0391401,0.046713
0.0388785,0.0388879,0.0388801,0.0388786,0.0389439,0.0388917,0.0388787,0.0388785,0.0388818,0.0388801,0.0388785,0.0388803,0.0388807,0.0388785,0.0388793,0.0388785,0.105682,0.0388787,0.0388788,0.0388792,0.0388859,0.0388785,0.0388828,0.0388785
0.0388671,0.0389387,0.0390324,0.0388671,0.0388961,0.105651,0.0389132,0.0388675,0.0388947,0.0388875,0.0388671,0.0388721,0.0388671,0.0388673,0.0388698,0.0388889,0.0388671,0.0388671,0.0388672,0.0388705,0.0388786,0.0388671,0.0388671,0.0388673
0.0387844,0.0387861,0.105414,0.038785,0.0412725,0.0388171,0.0387841,0.038784,0.0387841,0.0387845,0.0387846,0.0387841,0.038784,0.0387892,0.0387841,0.0387841,0.038784,0.038784,0.0387856,0.0387843,0.0388034,0.038784,0.038784,0.0387844
0.0376355,0.0376358,0.0376355,0.0376355,0.037646,0.0376359,0.0376719,0.0376355,0.102208,0.0376355,0.0376355,0.0376603,0.0376391,0.0376593,0.0376355,0.067453,0.0376355,0.0376356,0.0383013,0.0391165,0.0376584,0.0377179,0.0376413,0.0376355
0.0389931,0.0389931,0.0389936,0.0389932,0.0389957,0.0389932,0.0389933,0.038993,0.103106,0.0389931,0.038993,0.038993,0.0389974,0.0389941,0.0389932,0.0390091,0.0389949,0.0389951,0.0389936,0.0389941,0.0389931,0.0389935,0.0390153,0.038993
0.038399,0.0383989,0.0383993,0.0384091,0.038399,0.0383991,0.038399,0.0383991,0.038399,0.038407,0.0384115,0.0383992,0.0383989,0.0568592,0.0383989,0.0383991,0.0383989,0.0384007,0.0383989,0.0384109,0.0383989,0.0383991,0.0384074,0.0983096
0.0388633,0.0388634,0.0388751,0.0388633,0.105638,0.0388681,0.0388633,0.0388635,0.038928,0.0388633,0.0388846,0.0388637,0.0388733,0.0388637,0.0388635,0.0388633,0.0388633,0.0388633,0.038874,0.039244,0.0388641,0.0388633,0.0388633,0.0388633
0.0387563,0.0387566,0.0387689,0.0387576,0.0387573,0.0387621,0.0387568,0.0387573,0.0387564,0.0387563,0.0387563,0.0387574,0.0387563,0.0438114,0.0387563,0.0387661,0.0387563,0.0387573,0.0406797,0.100478,0.0387564,0.0387579,0.0387569,0.0398679
0.0390515,0.0388441,0.0388434,0.0388432,0.0388433,0.0388458,0.038844,0.0388432,0.0388435,0.0388494,0.0388515,0.0388432,0.0389006,0.0388432,0.0396273,0.0388459,0.0388432,0.0388432,0.0388546,0.0388432,0.105477,0.0388512,0.0388804,0.0388447
0.0387821,0.038782,0.0387834,0.038782,0.038782,0.0387882,0.0387922,0.0392214,0.0388102,0.038782,0.038782,0.105413,0.0387844,0.0390563,0.038807,0.0387842,0.038782,0.0388827,0.038782,0.0392125,0.0387993,0.0399699,0.038857,0.0387822
0.0387248,0.0387266,0.038725,0.0387249,0.0387249,0.105252,0.0387569,0.0388558,0.0387713,0.0387251,0.0387248,0.0387253,0.0387249,0.038725,0.0387249,0.0425469,0.0387249,0.0387252,0.0387249,0.0387565,0.0387299,0.0387299,0.038725,0.0387248
0.0381772,0.0381777,0.0552218,0.038181,0.0381778,0.103775,0.0381777,0.0382828,0.03832,0.0388957,0.0381772,0.0381774,0.038179,0.038181,0.038288,0.0381801,0.0381778,0.0381785,0.0381772,0.0381774,0.0381772,0.0381876,0.0381772,0.0381773
0.0878457,0.0368224,0.0368214,0.0378546,0.0368212,0.0368212,0.0368212,0.0368226,0.0368212,0.100021,0.036827,0.0368215,0.0368212,0.0368212,0.0368264,0.0368213,0.0368214,0.0368748,0.0368231,0.0368212,0.036825,0.0368315,0.0368214,0.0377705
0.0377955,0.037795,0.0377935,0.0377934,0.0377938,0.0377934,0.0377935,0.0377934,0.0377941,0.0377934,0.0377934,0.0377934,0.0378054,0.0377934,0.0377934,0.0378767,0.0377934,0.0673053,0.0377936,0.101095,0.0378026,0.0378223,0.0377991,0.0377939
0.0389378,0.0388635,0.105635,0.0388881,0.0388676,0.0388645,0.0388683,0.0388635,0.0388644,0.0388635,0.0388646,0.0388635,0.0388646,0.0388757,0.0388635,0.0388657,0.0388635,0.0388635,0.0390214,0.0388636,0.0390835,0.0388635,0.0388635,0.0388636
0.038846,0.0387786,0.0387787,0.0387787,0.0387786,0.0387788,0.0387788,0.0387786,0.0387786,0.0387919,0.0387786,0.038801,0.0387793,0.0387788,0.0387787,0.0388577,0.0387786,0.0388159,0.0387786,0.0387798,0.0390378,0.104482,0.0419061,0.0387804
0.0389947,0.0388402,0.0388406,0.0389041,0.0388491,0.0388404,0.0388402,0.0391405,0.0388402,0.0388404,0.0388402,0.03889,0.0388904,0.0388402,0.0388402,0.038841,0.0388748,0.0391267,0.0389095,0.0388849,0.038845,0.105556,0.0388407,0.0388904
0.0401364,0.0401364,0.0401365,0.0401364,0.041886,0.0401573,0.074679,0.0401364,0.0401364,0.0401364,0.0401364,0.0401385,0.0403952,0.0401373,0.0401492,0.0401377,0.0401364,0.0401364,0.0401825,0.0401383,0.0401382,0.0401365,0.040224,0.0401364
0.0388701,0.0388698,0.0390871,0.0388698,0.0388699,0.0388794,0.0388698,0.0388697,0.105658,0.0388697,0.0388697,0.0388698,0.0388926,0.0388697,0.0388697,0.038873,0.0388819,0.0388697,0.0388698,0.0388697,0.0389415,0.0388698,0.0388699,0.0388697
0.0390014,0.0388717,0.0388726,0.0388741,0.0388744,0.0388719,0.0389864,0.0388717,0.0388736,0.0388718,0.0388718,0.0388717,0.10548,0.0388717,0.0388718,0.0388797,0.0389416,0.0388717,0.039008,0.0388717,0.0388731,0.038872,0.0388727,0.0388723
0.0388553,0.0388599,0.0388505,0.0388476,0.0388478,0.0388491,0.0388475,0.0388476,0.0388476,0.0388494,0.0388479,0.0391701,0.0388476,0.039043,0.0388476,0.0388479,0.0388476,0.0388521,0.0388486,0.0390406,0.0388492,0.0391012,0.0388476,0.105507
0.0388358,0.0388547,0.0389297,0.0389472,0.0388389,0.0388359,0.0388512,0.0388463,0.0388358,0.0388358,0.0389952,0.0388359,0.0388358,0.105068,0.0388358,0.0388359,0.0388358,0.0388359,0.0388369,0.0388518,0.0388358,0.0388358,0.038839,0.0401108
0.039312,0.0392887,0.0392928,0.0392882,0.0392916,0.0392882,0.0392882,0.0392882,0.0392882,0.0392902,0.0392901,0.0392882,0.0392893,0.0392882,0.0392893,0.0392888,0.039289,0.0392883,0.0961779,0.0392914,0.0394378,0.0392886,0.0392885,0.0392882
0.0387937,0.0387886,0.0387712,0.03877,0.0389898,0.038769,0.0387696,0.0387689,0.0388146,0.0387717,0.0387691,0.0387713,0.105338,0.0387689,0.0387689,0.0387695,0.0387819,0.0387689,0.0413805,0.0387689,0.0387996,0.0387697,0.0387689,0.0387689
0.0388649,0.0388629,0.0388661,0.0389535,0.0388627,0.0388637,0.0388627,0.0388704,0.0388627,0.0388688,0.0388627,0.0388627,0.0388629,0.0388627,0.0388728,0.0388633,0.105626,0.0392408,0.0388712,0.0388627,0.0388627,0.0388747,0.0388736,0.0388627
0.0389035,0.0389035,0.0389036,0.0389039,0.0389171,0.0389081,0.0389261,0.0392131,0.0389035,0.0389039,0.0391226,0.0389047,0.0389336,0.0389035,0.0389036,0.0389042,0.104224,0.0389036,0.0392942,0.0389035,0.0389035,0.0389035,0.0389045,0.0389049
0.0388382,0.0395599,0.0388382,0.0388382,0.039077,0.0388445,0.0388398,0.0388464,0.0388387,0.0388395,0.0388417,0.038846,0.0388385,0.0388462,0.0388382,0.0388383,0.0388383,0.0388411,0.0388426,0.105573,0.038839,0.0388438,0.0388509,0.0389624
0.0389188,0.0388119,0.0388119,0.038812,0.0388119,0.0388121,0.038812,0.038812,0.0388121,0.0388173,0.0388119,0.0388169,0.0388365,0.038812,0.038815,0.038813,0.038812,0.039048,0.038812,0.038812,0.0388128,0.105483,0.0402707,0.038812
0.0388628,0.0388459,0.0388458,0.0388474,0.0388457,0.0388463,0.0388506,0.0391238,0.0388457,0.10559,0.0388466,0.0388503,0.0388457,0.0388459,0.0389104,0.0388554,0.0388461,0.0390419,0.0388457,0.0388457,0.0388468,0.0388876,0.038846,0.0391819
0.0388741,0.0388718,0.0388911,0.0388719,0.0388718,0.0388929,0.0388718,0.0388718,0.0388777,0.0388727,0.0388718,0.038875,0.0388718,0.0388718,0.0388744,0.038924,0.0388718,0.0388722,0.0388718,0.0388719,0.105372,0.0388719,0.03934,0.0388718
0.0385616,0.0385616,0.0385616,0.0385616,0.038562,0.038564,0.0385621,0.038639,0.0385631,0.0385616,0.0465395,0.104756,0.0385681,0.0385618,0.0385626,0.0385652,0.038562,0.0385634,0.0385617,0.0385617,0.0385626,0.038562,0.0388132,0.0385617
0.038907,0.0388775,0.0388775,0.0388933,0.0388775,0.0388775,0.0388775,0.0388775,0.0388775,0.0388775,0.0388833,0.0388791,0.0388798,0.0388775,0.0388775,0.0388781,0.0388781,0.0388777,0.0389247,0.0389237,0.0389206,0.0388794,0.105618,0.0388824
0.10509,0.0388493,0.0388494,0.0394955,0.0388494,0.0388493,0.0388494,0.0388493,0.0388504,0.0388494,0.0388505,0.0388493,0.0388533,0.0388493,0.0388495,0.0388498,0.0388498,0.0388911,0.0388494,0.0388493,0.038891,0.0388507,0.0394865,0.0388495
0.0390133,0.0390131,0.0390134,0.039013,0.0390138,0.0390131,0.0390132,0.039013,0.0390133,0.0390131,0.039018,0.0390171,0.102438,0.039013,0.0390131,0.0390131,0.0390639,0.039013,0.0390139,0.0390136,0.0391259,0.0390189,0.0390924,0.0390132
0.038877,0.0388788,0.038877,0.038877,0.0388771,0.0388782,0.038877,0.105672,0.0388772,0.0388772,0.0388848,0.0388773,0.038877,0.0388847,0.0388771,0.03888,0.038878,0.0388845,0.0389962,0.0388772,0.038877,0.0388839,0.038877,0.038877
0.0384757,0.0393778,0.0384747,0.0449781,0.0384747,0.0384747,0.0384747,0.0384754,0.0386,0.0403564,0.0384814,0.0388766,0.0384747,0.0384747,0.0384748,0.0394302,0.038818,0.103852,0.0385123,0.0384787,0.0384756,0.0384809,0.0385281,0.0384802
0.0389654,0.0389681,0.0395337,0.0389654,0.102444,0.0395993,0.0389663,0.0389655,0.0389666,0.0389654,0.0389655,0.0389655,0.0389654,0.0389654,0.0389655,0.0389704,0.0389655,0.0389654,0.0390014,0.0390678,0.0389657,0.0389654,0.0389654,0.0389654
0.0390482,0.0390483,0.0390922,0.0390487,0.0390485,0.101651,0.0390554,0.0390489,0.0390538,0.0390482,0.0390482,0.0390483,0.0390483,0.0391755,0.0390482,0.039101,0.0390488,0.0390482,0.0390486,0.0390483,0.0390483,0.0390485,0.0390482,0.0390482
0.0387813,0.0387813,0.0387819,0.0387814,0.0387813,0.105413,0.0410336,0.0388435,0.0387818,0.0387864,0.0387813,0.0389502,0.0388685,0.0387813,0.0388043,0.0387886,0.0387813,0.0387813,0.0387813,0.0387813,0.0387817,0.0387841,0.0387876,0.0387819
0.0388522,0.0389788,0.0388534,0.0389119,0.0388919,0.105578,0.0388522,0.0389458,0.0388537,0.0388522,0.0388547,0.0388533,0.0389179,0.0389432,0.0388522,0.0390612,0.038855,0.0388522,0.0388545,0.0388534,0.0388767,0.0389516,0.0388522,0.0388522
0.0389838,0.0389415,0.0389415,0.0389416,0.0389415,0.0389416,0.0389415,0.0389416,0.0389415,0.0389429,0.0389416,0.0389417,0.0389415,0.0389415,0.0389416,0.0389579,0.0389415,0.104201,0.0389416,0.0390146,0.038943,0.0389439,0.0389429,0.0389471
0.0388808,0.0388808,0.0388818,0.0388808,0.0388808,0.0388811,0.0389103,0.0388808,0.0388913,0.038882,0.0388808,0.0388913,0.0388808,0.0388811,0.0388808,0.105678,0.0388808,0.038881,0.0388808,0.0388809,0.0388811,0.0388854,0.0388852,0.0388808
0.0411307,0.0411505,0.0421981,0.0411307,0.0433103,0.0411672,0.0411704,0.0411348,0.0411374,0.0411313,0.0411425,0.0413517,0.0411389,0.0411315,0.0411307,0.041131,0.0411307,0.0411307,0.0503828,0.0411453,0.0411307,0.0411307,0.0411307,0.041131
0.0377654,0.0377331,0.0377335,0.037733,0.0377331,0.0377341,0.0377334,0.037733,0.102539,0.0377331,0.037733,0.0377333,0.0663241,0.037733,0.0377336,0.0377583,0.0384713,0.0377342,0.037733,0.037733,0.0379394,0.0377343,0.0377343,0.0377347
0.0379944,0.0379945,0.0608093,0.0379996,0.0379953,0.103272,0.0380039,0.038005,0.037995,0.0379952,0.0379944,0.0379946,0.0379946,0.0380012,0.0379948,0.0379987,0.0379944,0.0379945,0.0379944,0.0379956,0.0379946,0.0379949,0.0379945,0.0379944
0.0388807,0.0391601,0.0388769,0.105523,0.0388763,0.038885,0.0388761,0.0388768,0.0388761,0.0388796,0.0388761,0.0388769,0.0388761,0.0388882,0.038876,0.0388761,0.0388762,0.0388766,0.0388762,0.0388769,0.038876,0.0388762,0.0388819,0.0388799
0.0389955,0.0389935,0.0390177,0.0389936,0.0389935,0.0389945,0.0389935,0.0389934,0.0389978,0.0389965,0.0389935,0.0389935,0.0389936,0.0389934,0.0389989,0.0390275,0.0390009,0.0389935,0.0389935,0.0389934,0.102989,0.0389957,0.0390711,0.0389935
0.0388717,0.0388717,0.0388713,0.0388816,0.0388768,0.0388716,0.0388714,0.0388717,0.0388804,0.0388771,0.0392296,0.0388713,0.0388713,0.0388713,0.0388916,0.0388714,0.10554,0.0388714,0.0388713,0.0388713,0.0388732,0.0388713,0.0388783,0.0388715
0.0388802,0.03888,0.0388795,0.0388796,0.0388909,0.0388795,0.0388795,0.0388802,0.0388795,0.0388797,0.0388846,0.0388949,0.0388804,0.0390516,0.0388795,0.0388796,0.0388795,0.0388831,0.0388811,0.038924,0.0388796,0.0389166,0.0388798,0.105477
0.0387699,0.0387836,0.0386856,0.0387626,0.038674,0.0393324,0.0386715,0.0386715,0.0386716,0.0386717,0.0386765,0.0386741,0.0386715,0.105106,0.0386715,0.0386737,0.0386715,0.0386734,0.0386717,0.0386732,0.0386722,0.0386716,0.0386717,0.0431268
0.0380514,0.0380523,0.0380519,0.0380527,0.0380521,0.0380516,0.038162,0.0380842,0.0380526,0.0380519,0.0447825,0.0380708,0.0382229,0.0380514,0.0380536,0.0380518,0.103352,0.0380532,0.0524338,0.0380515,0.0380515,0.0380514,0.0380594,0.0380514
0.0400734,0.0402484,0.0400104,0.0404071,0.0400104,0.0400104,0.0400104,0.0400105,0.0400105,0.0400337,0.0403542,0.0400143,0.0400104,0.0400104,0.0400105,0.0400165,0.0400111,0.0785694,0.040016,0.0400855,0.0400111,0.0400106,0.0400297,0.0400248
0.039459,0.0923214,0.0394591,0.0394839,0.03946,0.0394593,0.0394592,0.039459,0.039459,0.0394643,0.0394589,0.0394597,0.0394589,0.0394591,0.0394589,0.039488,0.039459,0.039459,0.0394589,0.0394628,0.0394601,0.0394589,0.039459,0.0395143
0.0389175,0.0389141,0.0389142,0.0389141,0.039002,0.0389147,0.0389141,0.0389142,0.0389147,0.0389291,0.0389182,0.104845,0.0389142,0.0389141,0.0389195,0.0389146,0.0389141,0.038915,0.0389141,0.0389229,0.0389141,0.0389143,0.0389142,0.038917
