0.0410279,0.0410281,0.0410284,0.0410279,0.0410279,0.0410281,0.041028,0.0410335,0.0411657,0.0410281,0.0410378,0.042016,0.0410285,0.0410284,0.0545292,0.041028,0.0416045,0.0410605,0.0410286,0.0410279,0.0410885,0.0410288,0.0410418,0.041028
0.0392208,0.0388599,0.0388689,0.038863,0.0388564,0.0388571,0.0388563,0.0388559,0.038875,0.038857,0.0388612,0.0388559,0.0388642,0.0388614,0.0388587,0.0388565,0.0390927,0.0388566,0.0388581,0.0388586,0.105611,0.0388726,0.038867,0.0388559
0.0388447,0.0388854,0.0388635,0.0392206,0.0388514,0.0391442,0.0388441,0.0388658,0.0388449,0.0388444,0.0388438,0.0388448,0.0388545,0.10553,0.0388435,0.0388442,0.0388435,0.038845,0.0388809,0.0390772,0.0388488,0.0388443,0.0388436,0.0388468
0.0388535,0.038855,0.0388535,0.0388536,0.038856,0.0388557,0.038854,0.038854,0.105488,0.0388534,0.0388534,0.0388542,0.0388668,0.0388541,0.0388831,0.0388768,0.0389327,0.0388568,0.0388537,0.0388709,0.0388576,0.038856,0.0395542,0.0388534
0.038851,0.0366661,0.0369168,0.0366672,0.0366663,0.0366666,0.0979946,0.0366669,0.0380273,0.0369257,0.0366657,0.0366677,0.0366724,0.0366658,0.0366664,0.0904589,0.0366658,0.0366664,0.0366657,0.037473,0.0366707,0.036669,0.0366665,0.0366775
0.0388277,0.0388172,0.0388176,0.0402945,0.0388265,0.038817,0.038817,0.0388255,0.0388185,0.0388211,0.0388173,0.0388287,0.0388171,0.038817,0.0388171,0.0389628,0.0388178,0.105419,0.0388182,0.038842,0.0388172,0.0388492,0.0388616,0.0388321
0.0388649,0.0388625,0.0388942,0.0388625,0.0394397,0.0388686,0.0388655,0.0388629,0.0388634,0.0388625,0.0388636,0.0388625,0.1055,0.0388753,0.0388633,0.0388625,0.0388626,0.0388625,0.0388787,0.0388638,0.0388698,0.0388625,0.0388625,0.0388633
0.0389006,0.0389024,0.0412615,0.0389051,0.0388973,0.0388964,0.0388955,0.038896,0.0388982,0.0389496,0.102627,0.038897,0.0388955,0.0388956,0.0389348,0.0388955,0.0391639,0.038909,0.0388959,0.0388955,0.0388955,0.0388977,0.0388979,0.0388968
0.0388457,0.0388507,0.0388535,0.0388461,0.0388458,0.0388629,0.0388455,0.0388974,0.0388553,0.0388516,0.0388474,0.104938,0.0388452,0.0388454,0.0395152,0.0388454,0.0388452,0.0392142,0.0388452,0.0388453,0.0388453,0.0388494,0.0388561,0.0393082
0.0389048,0.0389024,0.0389772,0.0389029,0.0389057,0.0389023,0.0389574,0.0389054,0.0389023,0.0389026,0.0389024,0.0389035,0.0391375,0.0389047,0.0389037,0.0389026,0.0389037,0.0389427,0.104816,0.0389028,0.038909,0.0389036,0.0389027,0.0389024
0.0389414,0.0389454,0.0389385,0.038937,0.0389388,0.0389377,0.0392567,0.0389372,0.0389728,0.0389692,0.0389369,0.038937,0.038937,0.0389369,0.0389371,0.104021,0.038937,0.0389378,0.0389369,0.0389523,0.0389382,0.03894,0.0389374,0.0389395
0.0389395,0.0388595,0.0389198,0.0388587,0.0388585,0.0388586,0.0388619,0.0388585,0.03886,0.0388586,0.0388588,0.0388585,0.0388714,0.0388636,0.0388624,0.0388587,0.0388589,0.0388586,0.038881,0.038864,0.105517,0.0393933,0.0388619,0.0388586
0.0416294,0.0415818,0.0415826,0.0415816,0.0416303,0.0415847,0.0430736,0.0416138,0.0415816,0.0415864,0.041585,0.0415816,0.0416977,0.0415816,0.0416642,0.0416101,0.041656,0.0415816,0.0415816,0.0415816,0.0415826,0.0415865,0.0416824,0.0415816
0.038502,0.0385004,0.0567439,0.038499,0.0384988,0.0384989,0.0385013,0.0384991,0.0385105,0.0384988,0.0384989,0.0385,0.0384988,0.0384999,0.0385011,0.0385199,0.0385115,0.0384993,0.0384988,0.0385897,0.0385708,0.0385082,0.0960502,0.0385002
0.0384092,0.0492479,0.0384096,0.0384096,0.0384116,0.0384237,0.0384796,0.104304,0.0384175,0.0384674,0.0384098,0.0384219,0.0384091,0.0384095,0.0384104,0.0384102,0.0384191,0.03841,0.0384092,0.0394698,0.0384093,0.0384131,0.0386082,0.0384106
0.0964103,0.0365783,0.0365937,0.0365817,0.0365784,0.036578,0.0365794,0.0365779,0.0365846,0.0365877,0.0365963,0.0365782,0.0365799,0.0365786,0.0365822,0.036579,0.0365787,0.0365793,0.0365781,0.0365784,0.0987965,0.0365863,0.0365795,0.0365789
0.0382487,0.0382495,0.0422086,0.0382637,0.0383051,0.0382373,0.0388299,0.0382378,0.0382371,0.0382373,0.0382696,0.0382371,0.0397838,0.0382767,0.0389708,0.0382443,0.047049,0.038318,0.103937,0.0382379,0.0388473,0.0382965,0.0382392,0.0382377
0.0387988,0.0387744,0.0439948,0.0387744,0.0441569,0.0388659,0.0972982,0.0387754,0.0387844,0.0387803,0.0387747,0.0387744,0.0387773,0.0387753,0.0387753,0.0389176,0.0387746,0.0387744,0.0387744,0.0387746,0.0387753,0.0387751,0.038779,0.0387747
0.0388691,0.038891,0.0388693,0.0388789,0.0388803,0.0389275,0.0389296,0.105651,0.0388698,0.0389612,0.0388748,0.0388889,0.0388692,0.0388782,0.0388703,0.0388699,0.0388742,0.0388696,0.0388697,0.0388952,0.0388695,0.0388737,0.0389006,0.0388691
0.0388138,0.039021,0.0388237,0.0398271,0.0388138,0.038814,0.0388146,0.038819,0.038819,0.0388171,0.0389679,0.0388139,0.0388146,0.0388139,0.0388212,0.038815,0.105468,0.038843,0.0388147,0.038814,0.039185,0.0388154,0.0388161,0.0388138
0.0390069,0.0388745,0.0388747,0.0388748,0.0388762,0.0388744,0.0388794,0.0388758,0.0388887,0.0388744,0.0388776,0.0388745,0.0388829,0.0388759,0.0388744,0.0388753,0.0388858,0.0388898,0.0388746,0.0388797,0.0388746,0.0388929,0.105668,0.0388747
0.0388759,0.0388768,0.0388931,0.0388775,0.0389224,0.0388762,0.0388778,0.0388763,0.105652,0.038876,0.0388793,0.0388846,0.0388908,0.0388773,0.0388808,0.0388763,0.0389595,0.038877,0.038876,0.0388845,0.0388762,0.038876,0.0388813,0.038876
0.0490804,0.0382345,0.0382408,0.0382478,0.0390255,0.0382341,0.0383397,0.0382398,0.0382341,0.0421152,0.0397508,0.0382341,0.0383933,0.0382346,0.0387719,0.0382344,0.0382961,0.03853,0.102164,0.0382341,0.0383618,0.0382344,0.0382364,0.0383327
0.0388402,0.0388392,0.0390552,0.0388392,0.0397436,0.0388747,0.0388607,0.0388397,0.0388443,0.0388392,0.0388418,0.0388393,0.105481,0.0388461,0.0388394,0.0388394,0.0388416,0.0388392,0.0388477,0.0388483,0.0388394,0.0388396,0.0388406,0.0388406
0.0388715,0.0388431,0.039293,0.038843,0.0388436,0.0389409,0.0389414,0.0388448,0.0388647,0.0390971,0.0388431,0.105407,0.038843,0.0388539,0.0389651,0.0388433,0.038843,0.038852,0.038843,0.0388435,0.0388452,0.0389199,0.0388716,0.0388436
0.0389801,0.0386102,0.038589,0.0459711,0.0385808,0.0385805,0.038586,0.0385826,0.0385804,0.104515,0.0385828,0.0385806,0.0385803,0.0385811,0.0385807,0.0385804,0.0385805,0.0385856,0.0385825,0.0385803,0.0388636,0.0385824,0.0385803,0.0385834
0.0380914,0.0380914,0.054076,0.0380918,0.0382293,0.0450599,0.100474,0.0380918,0.0381315,0.0380923,0.0380914,0.0380971,0.0381152,0.0382163,0.0380945,0.0381429,0.0380921,0.0380916,0.0380915,0.0381411,0.0380918,0.038121,0.0380925,0.0380914
0.0389197,0.0388824,0.0388922,0.0388811,0.0388807,0.0388807,0.10557,0.0388852,0.0388812,0.0389109,0.0388807,0.038881,0.0388823,0.0389131,0.0388809,0.0388809,0.0388808,0.0388807,0.0389097,0.0388892,0.0388877,0.0388809,0.0388868,0.0388809
0.0388443,0.105501,0.0388443,0.0388452,0.0388485,0.0393183,0.0388444,0.0388636,0.0388554,0.0393323,0.0388446,0.0388459,0.0388443,0.0388448,0.0388477,0.0388538,0.0388447,0.0388459,0.0388443,0.0388704,0.0388532,0.0388443,0.0388445,0.0388737
0.105262,0.038856,0.038859,0.0389458,0.0388561,0.038856,0.0388561,0.0388569,0.0388622,0.0388577,0.0388709,0.0389081,0.0388708,0.0388569,0.038856,0.0388564,0.038856,0.0388586,0.0388561,0.0388567,0.0388571,0.0388635,0.0390357,0.03953
0.0388385,0.0389296,0.0388379,0.0388398,0.0388359,0.0388389,0.0388356,0.0388368,0.0388487,0.0388402,0.0388364,0.039034,0.0388368,0.0396772,0.0388388,0.0388927,0.0388356,0.038839,0.0388411,0.038869,0.0388359,0.0388372,0.0388359,0.105509
0.0388822,0.0388807,0.0388886,0.0388733,0.0388952,0.0388727,0.0388726,0.0388754,0.0388727,0.0388739,0.105651,0.0388727,0.0388755,0.0388726,0.039007,0.0388726,0.038879,0.0388838,0.0389157,0.0388726,0.0388738,0.0388728,0.0388894,0.0388745
0.0388214,0.0388302,0.0389098,0.03886,0.0388232,0.0388213,0.0388212,0.0388216,0.0388212,0.0388211,0.0388217,0.0388211,0.0401543,0.0388568,0.0388216,0.0388214,0.038927,0.0388214,0.105489,0.0388219,0.0388232,0.0388249,0.0388228,0.0388214
0.0388519,0.0389182,0.038854,0.038883,0.038855,0.0391557,0.0388627,0.105603,0.0388641,0.0388608,0.0389742,0.0388921,0.0388521,0.0388815,0.0388589,0.038852,0.0389823,0.0388521,0.0388568,0.0388561,0.0388524,0.0388552,0.0388739,0.0388519
0.038796,0.0387915,0.0387969,0.0387844,0.038785,0.038785,0.0387891,0.0387868,0.0387906,0.0387847,0.0387843,0.0387943,0.0387844,0.0387849,0.0387843,0.0414352,0.0387843,0.0387927,0.0387843,0.105153,0.0387844,0.0387844,0.0387869,0.0388727
0.0388848,0.0388709,0.0388708,0.0388716,0.0389819,0.0388708,0.0388733,0.0388849,0.0388704,0.0391353,0.105316,0.0388704,0.0388705,0.0388703,0.0390811,0.0388703,0.0388796,0.0388715,0.0389004,0.0388703,0.0388726,0.0388711,0.0388704,0.0388707
0.0387818,0.0388926,0.0387834,0.0408909,0.038782,0.0391904,0.0387828,0.038784,0.0387816,0.038852,0.0387812,0.0387939,0.0387886,0.105266,0.0387809,0.0387822,0.0387809,0.0387822,0.0387959,0.0387812,0.038794,0.0387856,0.0387809,0.038785
0.0382902,0.0382908,0.038294,0.0382929,0.039593,0.0383462,0.0382914,0.0382903,0.0517971,0.0382901,0.0382899,0.0382909,0.0382923,0.0382899,0.0382899,0.104061,0.0382916,0.0382989,0.0382899,0.0384583,0.0382911,0.0383026,0.0382946,0.0384831
0.0388277,0.0388278,0.038849,0.0388277,0.0388384,0.0392819,0.0388293,0.0389232,0.0388639,0.0388285,0.0388279,0.105517,0.0388277,0.0390246,0.0388406,0.0388278,0.0388276,0.0389008,0.0388276,0.0388277,0.0388277,0.0389019,0.0392505,0.0388735
0.038861,0.038863,0.0388694,0.0388708,0.0388748,0.0390022,0.0388607,0.0388853,0.0388621,0.038861,0.0388601,0.0388626,0.0388802,0.105605,0.0388601,0.0388649,0.0388601,0.0388607,0.0388711,0.038885,0.0388619,0.0388624,0.0388607,0.0391954
0.0389278,0.0388783,0.0388648,0.0388644,0.0388641,0.038864,0.038867,0.0388635,0.0389102,0.0391763,0.0388669,0.105383,0.0388632,0.0388861,0.0389681,0.0388636,0.0388632,0.0388648,0.0388636,0.0388633,0.0388873,0.0388642,0.0388633,0.039019
0.0388601,0.0388606,0.0388602,0.0388602,0.0388606,0.0389584,0.0388625,0.038904,0.0389402,0.0388614,0.0388628,0.105619,0.0388617,0.0388606,0.0391117,0.0388602,0.0388913,0.0388613,0.0388602,0.0388602,0.0388603,0.0388776,0.0389239,0.0388614
0.0389389,0.0388927,0.038868,0.0388854,0.0388637,0.0388674,0.0389461,0.0388645,0.0388637,0.105634,0.0388638,0.0388676,0.0388636,0.038864,0.0388855,0.0388859,0.0388636,0.0388661,0.0388643,0.0388637,0.0390927,0.0388648,0.0388636,0.0388663
0.0388597,0.0388617,0.0388695,0.0388597,0.0388603,0.0388616,0.0388703,0.0388919,0.0391682,0.0389381,0.0389137,0.0388786,0.03886,0.03886,0.10563,0.0388597,0.0389031,0.038868,0.0388622,0.0388597,0.0388606,0.0388601,0.0388602,0.0388827
0.038852,0.0388322,0.0388327,0.0388329,0.0395807,0.0388324,0.0388321,0.0388378,0.0388327,0.0388325,0.105437,0.0388325,0.0388542,0.038832,0.0388337,0.038832,0.0388411,0.0388368,0.0388443,0.0388321,0.0388321,0.0388321,0.0394301,0.0388325
0.0403622,0.0388425,0.0389503,0.0388436,0.038842,0.0388421,0.0388427,0.038842,0.0388503,0.0388532,0.0388422,0.0388423,0.038842,0.038842,0.0388493,0.038854,0.0388438,0.0389152,0.0388424,0.038843,0.104622,0.039105,0.0388437,0.0388423
0.03872,0.0389128,0.0386433,0.0386533,0.0386594,0.0386426,0.038807,0.0386428,0.0386566,0.039075,0.0389354,0.0386428,0.038688,0.0386429,0.0386975,0.0387713,0.104561,0.0386812,0.0388558,0.0386434,0.0435365,0.0386426,0.0386449,0.0386441
0.0389869,0.0389878,0.0389876,0.0389871,0.0389889,0.0389872,0.0389869,0.0389869,0.0390955,0.0389869,0.0389884,0.0389872,0.102971,0.0389877,0.0389878,0.0389869,0.0390966,0.0389869,0.0390835,0.0389885,0.0389927,0.0389872,0.0389872,0.0389873
0.0388769,0.0388833,0.105657,0.0388769,0.0388768,0.0388845,0.0388951,0.0388769,0.0389068,0.0388766,0.0388767,0.0388768,0.0389047,0.0388883,0.0388802,0.0388841,0.0388854,0.038877,0.0388816,0.0388928,0.0389109,0.0388767,0.0388768,0.038877
0.0388015,0.0390267,0.0388216,0.0388031,0.0388079,0.105462,0.0388107,0.0398555,0.0388015,0.0388604,0.0388248,0.0388185,0.0388064,0.0390042,0.0388478,0.0388016,0.0388014,0.0388025,0.039078,0.0388116,0.0388015,0.0388872,0.0388624,0.0388014
0.0389849,0.0389975,0.0391256,0.0389847,0.0389903,0.0390136,0.0389886,0.0389852,0.0389928,0.0389893,0.0390938,0.0389892,0.0389946,0.0389848,0.103,0.0389847,0.0389896,0.0389847,0.0389849,0.0389847,0.0389914,0.038985,0.0389847,0.0389955
0.0381124,0.0382235,0.0381052,0.0381046,0.0381044,0.0381605,0.0390355,0.0381051,0.0381044,0.102191,0.0381044,0.038471,0.0381043,0.0381081,0.0386228,0.0381127,0.0381061,0.0381346,0.0381053,0.0381045,0.0574664,0.038105,0.0381043,0.0381044
0.0388007,0.0392334,0.0387971,0.0387904,0.0388663,0.0388951,0.0387903,0.0388067,0.0387972,0.038791,0.0388104,0.0389874,0.0388584,0.0387912,0.0388163,0.0388369,0.0387903,0.0387947,0.038791,0.0401479,0.0387904,0.0387928,0.0387908,0.105433
0.0387542,0.0392839,0.0387582,0.0387775,0.0387499,0.0387503,0.0387494,0.0387525,0.0387504,0.0387487,0.0387487,0.0387487,0.0387678,0.0417567,0.0387487,0.0387587,0.0387487,0.0387524,0.0387515,0.105137,0.0387525,0.0387488,0.0387518,0.0387527
0.0389034,0.0392956,0.0388469,0.0396001,0.0388468,0.0388468,0.0388471,0.0388615,0.0388474,0.105041,0.038847,0.0389899,0.0388467,0.0388472,0.0388474,0.0388496,0.0388469,0.0388483,0.0388467,0.0388468,0.0389022,0.0388493,0.0388467,0.038849
0.038853,0.0388612,0.0388661,0.038853,0.038853,0.03918,0.0390739,0.0388544,0.0388533,0.0388553,0.0388539,0.0388847,0.0388579,0.0388532,0.105602,0.0388531,0.0388581,0.0388548,0.038884,0.0388531,0.0388555,0.0389043,0.0388939,0.0388878
0.0386468,0.0386549,0.0386469,0.0386481,0.0386469,0.0386499,0.0386554,0.0386483,0.0413996,0.0386527,0.0386507,0.0386483,0.0386635,0.0386468,0.0422673,0.0386928,0.104577,0.0386543,0.0386469,0.0386469,0.0386486,0.0386496,0.0387104,0.0386469
0.0388298,0.0388349,0.0388353,0.0388299,0.0389305,0.0389687,0.0388342,0.105534,0.0388325,0.0388376,0.0393027,0.038831,0.0388297,0.0388308,0.0388351,0.03883,0.0388323,0.0388301,0.0388657,0.0388349,0.0388298,0.0393136,0.0389375,0.0388297
0.0382454,0.0382406,0.0383181,0.0382448,0.038264,0.0382422,0.0544555,0.0382419,0.03824,0.0382402,0.0382397,0.0382409,0.0384267,0.038266,0.0382399,0.0382414,0.0382489,0.0382404,0.103897,0.0382404,0.0382509,0.0382548,0.0382402,0.0382403
0.0388709,0.0388722,0.0388883,0.0388763,0.0388718,0.038879,0.0388713,0.0388709,0.0389605,0.0388775,0.0388708,0.0388712,0.0388709,0.0388709,0.0388708,0.105649,0.0389109,0.0388862,0.0388708,0.0388802,0.038871,0.0389385,0.0388766,0.0389236
0.0388092,0.0387554,0.0387576,0.0387559,0.0387555,0.0387573,0.0387559,0.0387556,0.0389982,0.0387578,0.0387554,0.0397046,0.0387727,0.0387572,0.0387637,0.0387555,0.0387556,0.038756,0.0387554,0.0387562,0.0452468,0.100851,0.0387555,0.0387557
0.0388908,0.0388905,0.0388915,0.0389106,0.0388909,0.038892,0.0388905,0.0389218,0.0388905,0.0388905,0.0388906,0.0388963,0.03898,0.0388905,0.0389079,0.0388907,0.0388981,0.0390046,0.0389133,0.0388905,0.0388906,0.105197,0.0388953,0.0388951
0.0386947,0.0386972,0.0386943,0.0386969,0.102003,0.0387252,0.0386939,0.0386962,0.0444053,0.0386939,0.0396509,0.0386947,0.0398992,0.0386997,0.0386939,0.038694,0.0387112,0.038695,0.0387854,0.0386971,0.0386942,0.0386941,0.0386944,0.0386959
0.0386836,0.0386815,0.0386816,0.0386817,0.0437514,0.038687,0.0386818,0.0386828,0.0388523,0.0386815,0.0386944,0.0386822,0.104964,0.0386825,0.0386815,0.0386815,0.0386847,0.0386815,0.0387562,0.0386894,0.0386816,0.0386825,0.038687,0.0386857
0.0388552,0.0391655,0.038846,0.0388457,0.0388462,0.0388469,0.0388451,0.038851,0.0388463,0.0388462,0.0388448,0.0390771,0.038856,0.0393991,0.0388447,0.0388501,0.0388443,0.0388447,0.0388626,0.0388529,0.0388445,0.0388447,0.038845,0.105396
0.0389492,0.0389492,0.0404998,0.0389492,0.0389987,0.0391371,0.0392004,0.0389525,0.1012,0.0389501,0.0389492,0.039009,0.0389574,0.0390106,0.0389533,0.0394241,0.0389512,0.0389503,0.0389492,0.0389995,0.0389509,0.039203,0.0389569,0.0389492
0.0388795,0.038879,0.0388805,0.038879,0.0388792,0.0388936,0.0388832,0.0388796,0.038879,0.0388823,0.0388789,0.0388824,0.0388889,0.03888,0.0388796,0.0388805,0.0388789,0.0388803,0.0389011,0.0388799,0.0389057,0.105679,0.0388799,0.0388894
0.038833,0.0396721,0.0388295,0.105512,0.0388299,0.03883,0.0388293,0.0388485,0.0388323,0.0392061,0.0388366,0.0388326,0.0388295,0.0388968,0.0388293,0.0388306,0.0388326,0.0388842,0.0388312,0.0388293,0.0388462,0.0388297,0.0388293,0.0388396
0.0389198,0.038944,0.0388993,0.038904,0.0388829,0.0388833,0.0388879,0.0388835,0.0388836,0.105528,0.0388873,0.0388864,0.0388829,0.0388835,0.0388905,0.0388834,0.0388829,0.0388839,0.0388829,0.038883,0.0388859,0.0388834,0.0388829,0.0388848
0.0386944,0.038695,0.0386977,0.0386944,0.0386983,0.038695,0.0387135,0.0386964,0.10465,0.0386944,0.0386945,0.0386973,0.042379,0.0386972,0.0392236,0.0386985,0.0387159,0.0386945,0.0386956,0.0389045,0.038696,0.038695,0.0395849,0.0386948
0.0388751,0.0389156,0.10564,0.0388761,0.0388845,0.0388763,0.0389174,0.0388747,0.0388769,0.0388745,0.0389164,0.0388761,0.0389448,0.0388807,0.0388753,0.0388745,0.0388861,0.0388745,0.0388817,0.0388758,0.038877,0.0388745,0.0388757,0.0388752
0.039007,0.102463,0.039085,0.0390093,0.039007,0.0390286,0.039007,0.039016,0.0390287,0.0390144,0.0390073,0.0391589,0.039007,0.0390084,0.0390097,0.0390341,0.0390228,0.0390075,0.039007,0.0390301,0.039008,0.0390071,0.0390073,0.039019
0.038907,0.0388971,0.0388778,0.0389915,0.038873,0.0388743,0.0388736,0.0388737,0.0388737,0.105593,0.0388947,0.0388731,0.0388729,0.0388731,0.0389115,0.038878,0.0388736,0.0389386,0.038873,0.0388729,0.0388768,0.0388805,0.038873,0.0388735
0.0387455,0.0387454,0.0387467,0.0387453,0.105306,0.0387471,0.0387488,0.0388757,0.0387456,0.0387454,0.0387476,0.0387455,0.0387518,0.0387468,0.0387453,0.0387466,0.0387458,0.0388154,0.0420701,0.0387485,0.0387459,0.038748,0.0387454,0.0387455
0.0389257,0.0388715,0.0388728,0.0388745,0.0388747,0.0388717,0.0388714,0.038872,0.0388791,0.0388728,0.0389221,0.0388806,0.0389648,0.0389511,0.0388728,0.0388724,0.0388714,0.0388763,0.0388921,0.0388719,0.0388714,0.038903,0.03893,0.105534
0.0388822,0.0389046,0.105634,0.0388821,0.038883,0.0388847,0.0388856,0.0388828,0.0388933,0.038882,0.0388876,0.038885,0.038893,0.0388893,0.0388824,0.0388821,0.0388821,0.038882,0.0388874,0.0388853,0.0388822,0.038882,0.0388824,0.0388833
0.0393222,0.0393061,0.0393072,0.0393116,0.0393058,0.0393053,0.0393054,0.0393092,0.0393054,0.0393062,0.0904968,0.0393055,0.0393061,0.0393053,0.0393076,0.0393053,0.0393107,0.0395184,0.0400425,0.0393055,0.0393056,0.0393062,0.0437941,0.0393059
0.038867,0.0388477,0.0388548,0.0388486,0.0388489,0.0388494,0.0388505,0.0388489,0.038849,0.0388538,0.0388481,0.0388811,0.0390531,0.0388478,0.0388481,0.0388552,0.03885,0.0388852,0.0388598,0.0388482,0.0393924,0.105598,0.0388575,0.038857
0.0404685,0.0428095,0.0404707,0.0404682,0.0408015,0.0405217,0.0404682,0.0408269,0.0404815,0.0404682,0.040469,0.0404751,0.040469,0.0413751,0.0404687,0.0404703,0.0404684,0.0404684,0.0404696,0.057508,0.0404682,0.0404682,0.0404806,0.0481565
0.0385431,0.0385918,0.0385436,0.0385431,0.047302,0.0388968,0.0386417,0.038681,0.0385459,0.0385431,0.0385431,0.0385481,0.0385542,0.0387209,0.0385431,0.0385432,0.0385431,0.0385495,0.0385452,0.103843,0.0385445,0.0385433,0.0386037,0.0385431
0.0398239,0.0398409,0.0752587,0.039824,0.0480879,0.0399137,0.0398239,0.0398243,0.0398243,0.0398239,0.0398347,0.0398245,0.0398265,0.0398239,0.0398597,0.0398261,0.0398241,0.0398239,0.0401841,0.0398239,0.0398244,0.0398239,0.0398239,0.0398309
0.0388338,0.0396428,0.0388407,0.0389322,0.0388428,0.0389167,0.038835,0.0388561,0.0388342,0.0388342,0.0388336,0.038834,0.0388384,0.1055,0.0388336,0.0388343,0.0388337,0.0388342,0.0388898,0.039051,0.0388442,0.0388343,0.038834,0.0388361
0.0389168,0.0389175,0.0410935,0.0391533,0.0389233,0.0389173,0.038916,0.038916,0.0389514,0.0389164,0.038916,0.0389161,0.0389165,0.0389693,0.038916,0.101865,0.0389173,0.038919,0.0389194,0.0392344,0.0389238,0.0389192,0.0389193,0.0391272
0.0390776,0.0388864,0.0388711,0.0388881,0.0388715,0.0388721,0.0388724,0.0388714,0.0388712,0.1056,0.0388714,0.0388732,0.0388709,0.038871,0.0388803,0.0388752,0.0388709,0.0388798,0.038871,0.038871,0.0388731,0.0389318,0.038871,0.0389075
0.0388519,0.0410582,0.0388572,0.0390806,0.038852,0.0388619,0.0388563,0.0388619,0.0388715,0.0388627,0.0388519,0.0388668,0.0388541,0.103808,0.0388518,0.0388662,0.0388519,0.0388518,0.0388543,0.0388584,0.0388535,0.0388518,0.0388518,0.0389138
0.037424,0.0374328,0.0374349,0.0374455,0.0409607,0.0374262,0.0374377,0.100245,0.0374232,0.0374233,0.0409008,0.037423,0.037427,0.037424,0.0374235,0.0374235,0.0375687,0.0374236,0.0691877,0.037434,0.0374231,0.0374243,0.0374245,0.0374387
0.0391644,0.0388516,0.0388494,0.0390992,0.038851,0.0388492,0.0388492,0.0388531,0.0388499,0.0389227,0.038888,0.0388534,0.0388492,0.0388492,0.0388533,0.0388522,0.0388495,0.10516,0.0388628,0.0388768,0.0388519,0.0388819,0.0388505,0.0393814
0.0389064,0.038888,0.0388824,0.0389103,0.0388784,0.0388785,0.0389086,0.0388812,0.0388787,0.10564,0.0388788,0.0388795,0.0388784,0.0388784,0.0388868,0.0388802,0.0388784,0.0389047,0.0388784,0.0388793,0.0388874,0.0388799,0.0388784,0.0388792
0.0377841,0.0377838,0.0377865,0.0744625,0.0377828,0.0377836,0.0377867,0.0377924,0.0377828,0.0378272,0.0377827,0.0377841,0.0377831,0.0942305,0.0377826,0.0377832,0.0377826,0.0377875,0.0377941,0.0377839,0.0377852,0.0377829,0.0377826,0.0377827
0.0388202,0.0388368,0.0388207,0.105508,0.0388208,0.0388196,0.0388196,0.0388279,0.0388201,0.0389179,0.0388193,0.0388196,0.0388201,0.0402763,0.038819,0.0388291,0.0388228,0.0388524,0.0388264,0.0388191,0.0388259,0.0388197,0.038819,0.0388193
0.0388087,0.0388797,0.038811,0.0388107,0.0388387,0.0389078,0.0388064,0.0388284,0.0388084,0.0388064,0.0388064,0.0388088,0.0388216,0.105045,0.0388063,0.0388076,0.0388063,0.0388068,0.0388243,0.0394548,0.0388078,0.0388073,0.0388067,0.040284
0.040806,0.0407305,0.0407305,0.0407311,0.040779,0.0407308,0.0407306,0.040731,0.0407386,0.0407329,0.0452412,0.0407314,0.0438874,0.0407312,0.0407318,0.0407305,0.0407631,0.0407309,0.0552384,0.0407306,0.0408485,0.0407328,0.0407306,0.0407307
0.0386553,0.0386542,0.0386836,0.0386542,0.0386542,0.0386543,0.103624,0.038739,0.0386768,0.0386551,0.0386541,0.0387232,0.0386596,0.0387067,0.0386542,0.0386759,0.0386542,0.0386543,0.0386542,0.0454544,0.0386542,0.0386545,0.0388954,0.0386542
0.0387623,0.0427567,0.0387629,0.0387703,0.0387629,0.103316,0.0387654,0.0387843,0.0387673,0.038786,0.0387623,0.0388525,0.0387627,0.0387677,0.0388082,0.0392034,0.0387625,0.0387629,0.0387623,0.0387623,0.0387629,0.0387678,0.0387624,0.0392656
0.0455482,0.0386045,0.0386025,0.0387557,0.0386023,0.0386016,0.100315,0.0386019,0.0386021,0.0386115,0.0386017,0.0386021,0.0389845,0.0386082,0.0386016,0.0386097,0.038602,0.038602,0.0386133,0.0386036,0.0428723,0.0386024,0.0386392,0.0386114
0.0391342,0.0391501,0.0391341,0.0391339,0.0391344,0.0395876,0.0391348,0.039135,0.0391736,0.0422031,0.039134,0.0954425,0.0391339,0.0394732,0.039639,0.0391343,0.0391339,0.0391538,0.039134,0.039134,0.0391345,0.0391425,0.0391356,0.0391542
0.0392289,0.0391875,0.0391808,0.0391802,0.0392011,0.0392281,0.0391808,0.039353,0.0391852,0.039181,0.0391803,0.0399519,0.0392043,0.0392889,0.0391803,0.0391805,0.0391802,0.0391825,0.0391805,0.0957364,0.0391803,0.0391818,0.039187,0.0410784
0.038657,0.038656,0.0386578,0.0386559,0.0386921,0.0389536,0.104386,0.0387744,0.0386563,0.0386567,0.0386559,0.0442596,0.038725,0.03867,0.038656,0.0386602,0.038656,0.0386567,0.038656,0.0389909,0.0386561,0.0386567,0.0386989,0.0386559
0.038151,0.0383971,0.0382569,0.0381494,0.038174,0.0381746,0.03815,0.0381517,0.0385289,0.0381491,0.038149,0.0381983,0.0381495,0.03823,0.038149,0.0568454,0.0381493,0.0381554,0.038149,0.102857,0.0381497,0.0381491,0.0381507,0.0382363
0.0389906,0.038978,0.0389894,0.038979,0.0389774,0.0389775,0.0389805,0.0389789,0.0390523,0.0389775,0.0390157,0.0389775,0.0389776,0.0389783,0.0389777,0.0389775,0.0390196,0.0389779,0.0389798,0.0389829,0.0391174,0.0389814,0.103178,0.0389774
0.0388402,0.0395619,0.0388432,0.0388412,0.0388406,0.0388405,0.0388404,0.0388438,0.0389362,0.0388403,0.0388981,0.038841,0.0388463,0.0388406,0.03894,0.0388451,0.105551,0.0388481,0.0388409,0.0388403,0.0389583,0.0388407,0.0388406,0.0388403
0.0388786,0.105227,0.0388789,0.0389027,0.0388787,0.0388889,0.0388788,0.038881,0.0389222,0.0392645,0.0388787,0.0388824,0.0388786,0.0388844,0.0388799,0.0389117,0.0388958,0.0388795,0.0388806,0.0389084,0.0388824,0.0388786,0.0388787,0.038879
0.0386407,0.038648,0.0386499,0.0399889,0.0386411,0.0386472,0.0386811,0.0386506,0.0386748,0.0392622,0.0386404,0.0386405,0.0386404,0.0386412,0.0386404,0.104991,0.0389182,0.0390567,0.0386409,0.0420852,0.0386409,0.0386413,0.0386954,0.0386429
0.0388762,0.038876,0.0388799,0.0388755,0.0388808,0.0388845,0.0388759,0.038876,0.0388759,0.0388781,0.0388756,0.0389075,0.0388825,0.0388797,0.0388767,0.0388781,0.0388755,0.0388817,0.0388814,0.0388759,0.0388899,0.105648,0.0388758,0.0389929
0.0389502,0.0389639,0.0388414,0.038896,0.0388397,0.039234,0.0389277,0.0389121,0.0388389,0.105538,0.0388556,0.038854,0.0388387,0.0388389,0.0390037,0.0389316,0.0388387,0.0388517,0.0388387,0.0388387,0.0388411,0.038847,0.0388389,0.0388409
0.0388914,0.038884,0.0388865,0.0388853,0.0388843,0.038898,0.0389119,0.0388878,0.0388841,0.0388986,0.038884,0.0389296,0.0388855,0.0389014,0.0388841,0.0388915,0.0388841,0.0388871,0.0388885,0.0388843,0.0388934,0.105505,0.0388849,0.0388846
0.0388584,0.0388583,0.0389038,0.0388582,0.0388584,0.0388595,0.0388649,0.0388598,0.0389386,0.0388589,0.0388626,0.0388623,0.0388591,0.0388586,0.0389219,0.0388663,0.0390623,0.0388659,0.0388583,0.0388591,0.0388582,0.0391735,0.105513,0.0388599
0.0371699,0.0372138,0.0371828,0.0371702,0.0371699,0.037177,0.0382121,0.0371702,0.0373481,0.0371711,0.03717,0.03717,0.0372025,0.03717,0.0967732,0.0371745,0.0839463,0.0371713,0.0372049,0.03717,0.0373023,0.037173,0.037217,0.03717
0.0388929,0.0388757,0.0388791,0.038876,0.0389026,0.0388766,0.0389738,0.0388757,0.0388838,0.0388757,0.0388774,0.038876,0.105611,0.0388758,0.0388785,0.038876,0.0388783,0.0388757,0.038877,0.0388812,0.0388851,0.0388877,0.0388877,0.0389205
0.0388761,0.0388819,0.0388764,0.0388762,0.0388766,0.039039,0.0388763,0.0389062,0.0388928,0.0388782,0.0388766,0.105389,0.0388766,0.0388762,0.0390468,0.0388763,0.0389233,0.0388767,0.0388762,0.0388762,0.0388764,0.0388933,0.0388785,0.0388778
0.0388349,0.0393763,0.0388359,0.0388348,0.0388355,0.0389185,0.0388349,0.0388368,0.0391087,0.0388521,0.0388358,0.105391,0.0388358,0.0388825,0.0388748,0.0388349,0.0388351,0.0388351,0.0388348,0.0388669,0.0388537,0.0388353,0.0388853,0.0391303
0.0396588,0.0388435,0.0389757,0.0388435,0.038842,0.0388417,0.0388423,0.0388415,0.0388444,0.0388421,0.0388417,0.0388415,0.0388548,0.0388448,0.0388745,0.0388436,0.0388733,0.0388422,0.038842,0.0388427,0.105572,0.0388671,0.0388423,0.0388417
0.0388151,0.0403958,0.0388151,0.105465,0.0388169,0.0388164,0.0388149,0.0388329,0.0388213,0.0388341,0.0388151,0.0388162,0.0388149,0.0389254,0.0388148,0.0388294,0.0388214,0.0388229,0.0388162,0.038815,0.0388333,0.038815,0.0388148,0.0388184
0.0388055,0.038801,0.0388003,0.0388004,0.0388017,0.0388003,0.0388013,0.0388231,0.038801,0.0389551,0.0388004,0.0391365,0.0388003,0.0388004,0.038808,0.0388029,0.0388003,0.104644,0.0388104,0.0393493,0.0388031,0.0406359,0.0388127,0.0388062
0.0389975,0.0432542,0.0389995,0.0389964,0.0390246,0.0390402,0.0389951,0.0389961,0.0389986,0.0389953,0.0389958,0.0390496,0.0389975,0.0772044,0.0389951,0.0389954,0.0389951,0.0389965,0.0390197,0.0392346,0.0389999,0.0389961,0.0389957,0.060227
0.038856,0.038894,0.0388738,0.0388688,0.0389072,0.0388761,0.0388611,0.0388634,0.0388579,0.0388564,0.0391611,0.0388563,0.0390325,0.0388563,0.0388802,0.0388593,0.105618,0.038878,0.0388596,0.0388566,0.038857,0.0388561,0.0388583,0.0388563
0.0388463,0.0394213,0.038873,0.0388469,0.0388529,0.105594,0.0388586,0.0388766,0.0388473,0.0388598,0.0388467,0.0388526,0.0388525,0.039027,0.0388645,0.0389006,0.0388463,0.0388474,0.0388467,0.0388469,0.0388472,0.0388514,0.0388463,0.0388477
0.0388594,0.0388992,0.105589,0.0388596,0.0389642,0.0392369,0.03886,0.0388606,0.0388651,0.038861,0.0388597,0.0388608,0.0388594,0.0388643,0.0388812,0.0388673,0.0388597,0.0388602,0.0389278,0.0388594,0.038861,0.0388621,0.0388596,0.038862
0.0393619,0.0393601,0.0393601,0.0394201,0.0547084,0.0393602,0.0394005,0.0393667,0.078333,0.0393604,0.0393601,0.0393626,0.0393764,0.0393963,0.0393601,0.0396892,0.0394344,0.0393684,0.0393646,0.0396206,0.0393724,0.0393608,0.0395422,0.0393603
0.039049,0.0390473,0.0390681,0.0390484,0.0390471,0.0390478,0.039047,0.0390471,0.10158,0.039047,0.0390472,0.0390474,0.0391631,0.0390572,0.0390581,0.039068,0.0391148,0.0390477,0.0390474,0.039051,0.0391056,0.0390496,0.0390673,0.039047
0.0377112,0.0376546,0.0376563,0.0376685,0.0376556,0.0376852,0.0376541,0.0376666,0.037682,0.0376542,0.0376542,0.0376742,0.0378316,0.0894658,0.0376541,0.0376563,0.0376541,0.0376755,0.0376564,0.0384646,0.0376542,0.0376612,0.037677,0.0809324
0.0388766,0.0388785,0.0388861,0.0388764,0.105667,0.0389308,0.0388765,0.0388817,0.0388818,0.0388766,0.0388834,0.0388766,0.0388933,0.038899,0.0388764,0.0388767,0.0388764,0.038879,0.0389179,0.03888,0.0388764,0.0388764,0.0388765,0.0388797
0.0388056,0.0389067,0.0388104,0.03881,0.0388088,0.0388053,0.0388044,0.0388191,0.0388048,0.0388049,0.0388041,0.0388058,0.0388045,0.040962,0.0388041,0.0388318,0.0388046,0.0389886,0.0388174,0.104933,0.0388067,0.0388319,0.0388128,0.0388126
0.0410856,0.0387945,0.0387913,0.0388002,0.0387879,0.0387871,0.0387889,0.0387871,0.0387983,0.0387873,0.0387894,0.0387871,0.0387974,0.038788,0.0387994,0.0387878,0.0388375,0.0387873,0.0387907,0.0387887,0.105368,0.0388035,0.0388791,0.0387875
0.0389506,0.038909,0.0389094,0.0389078,0.0389083,0.0389092,0.038919,0.0389114,0.0389191,0.0389126,0.0389078,0.104974,0.0389078,0.0389102,0.0389247,0.0389078,0.0389078,0.038908,0.0389078,0.0389086,0.0389194,0.0389386,0.0389111,0.0389097
0.0388406,0.0388701,0.0388408,0.0388431,0.0388455,0.105574,0.0388739,0.0388946,0.0388479,0.0388999,0.0388406,0.0389089,0.0388447,0.0391931,0.0388535,0.0392314,0.0388406,0.0388585,0.0388406,0.0388426,0.0388516,0.0388816,0.0388412,0.0388408
0.0387634,0.0387842,0.0390976,0.0387639,0.0387676,0.105364,0.0391867,0.0387666,0.0387855,0.0387723,0.0387632,0.0388862,0.0387818,0.0393002,0.0389629,0.038868,0.0387633,0.0387764,0.0387633,0.0387914,0.0387639,0.0399988,0.0387657,0.0387632
0.044073,0.0378988,0.0378984,0.058214,0.0379051,0.0378983,0.0378982,0.0379047,0.0378983,0.101177,0.0379149,0.037899,0.0378982,0.0378983,0.0378983,0.0379276,0.0379005,0.0382948,0.037899,0.0378982,0.0379115,0.0379212,0.0378982,0.0380742
0.0389979,0.0389965,0.0389964,0.0389961,0.0390709,0.0389973,0.0389965,0.0390088,0.0389975,0.0389961,0.0389962,0.0389962,0.040213,0.0389968,0.0389962,0.0389965,0.0389962,0.0392827,0.0389965,0.101327,0.0389964,0.0389972,0.0391249,0.0390303
0.0388584,0.038859,0.105465,0.038856,0.0389875,0.0388807,0.0388559,0.0388558,0.0390689,0.0388558,0.0388559,0.0388559,0.0388823,0.039067,0.0388558,0.0388718,0.0388559,0.0388559,0.0389679,0.0388586,0.0388596,0.038936,0.0388704,0.0388643
0.0407281,0.0406226,0.0406226,0.0406251,0.0406238,0.0406232,0.0406368,0.0406239,0.0406226,0.0408442,0.0406226,0.0406413,0.0406226,0.0406226,0.0406231,0.0429642,0.0406227,0.0406527,0.0406226,0.0406229,0.0406287,0.0628909,0.0406357,0.0406548
0.0387049,0.0387046,0.0387054,0.0387082,0.0387086,0.0387114,0.0387045,0.0407642,0.0387063,0.0387073,0.0387079,0.0387071,0.0387726,0.0387054,0.0387055,0.0387072,0.0387049,0.0387219,0.0387178,0.0389023,0.0387195,0.105191,0.0387634,0.040848
0.0385417,0.0385265,0.0469345,0.0385251,0.0385287,0.0386224,0.104701,0.0385367,0.0385253,0.0385256,0.0385251,0.0385405,0.0390162,0.038536,0.0385754,0.0385479,0.0385252,0.0385251,0.0385262,0.0385499,0.0385268,0.0385433,0.0385652,0.0385295
0.0388701,0.038873,0.0388717,0.0388919,0.0389726,0.0388868,0.0388704,0.0388699,0.105658,0.0388701,0.0388712,0.0389177,0.0389243,0.0388704,0.0388805,0.0389048,0.0389005,0.0388708,0.0388699,0.0388703,0.0388727,0.0388716,0.0388706,0.0388705
0.0388314,0.0388278,0.0388375,0.0388299,0.038828,0.0388294,0.0389133,0.0388278,0.0388299,0.0388278,0.038828,0.0388278,0.105518,0.0388302,0.0388278,0.0388291,0.0389267,0.0388278,0.0399932,0.0388288,0.0388352,0.0388648,0.0388498,0.0388301
0.0388815,0.0388834,0.0389907,0.0388623,0.0388617,0.0388615,0.0388613,0.0388614,0.0388628,0.0388618,0.0388746,0.0388923,0.0388624,0.0392766,0.0388694,0.0388614,0.0388613,0.038872,0.0389372,0.0388709,0.0388614,0.0388681,0.0388615,0.105442
0.0387757,0.0389352,0.0388866,0.0387788,0.039032,0.0389735,0.0387756,0.0388607,0.0387761,0.0387756,0.0387767,0.0387812,0.0387799,0.105182,0.0387756,0.0387759,0.0387756,0.0387765,0.0392269,0.0387804,0.0387757,0.0387758,0.0387772,0.0404706
0.0388638,0.0388695,0.0388723,0.038862,0.0388617,0.0388612,0.0388613,0.0388613,0.0388612,0.038862,0.0390833,0.0388612,0.0390975,0.0388618,0.0388648,0.0388612,0.0389107,0.0388614,0.105551,0.0388613,0.0389597,0.0388672,0.0388615,0.0388615
0.0389177,0.038917,0.0389795,0.0389173,0.0389243,0.0389178,0.0389529,0.0389171,0.0389172,0.038917,0.038917,0.0389179,0.104506,0.0389298,0.0389174,0.038917,0.0389172,0.038917,0.0391474,0.0389173,0.0389665,0.0389171,0.0389172,0.0389171
0.0388841,0.0388972,0.0389583,0.0395657,0.038884,0.0388841,0.0389069,0.0389309,0.0388862,0.0388874,0.038893,0.0388843,0.0388842,0.0388841,0.0388863,0.0388872,0.104229,0.0389239,0.0388949,0.0388841,0.038938,0.0390275,0.0392149,0.0388841
0.0389522,0.0389539,0.0389535,0.0389636,0.0389529,0.0389525,0.0389596,0.0392876,0.0389585,0.0389522,0.0389523,0.0389542,0.0389597,0.0389537,0.0389525,0.0389528,0.103567,0.0389714,0.0390822,0.0389534,0.0389522,0.0389564,0.0389536,0.0389522
0.0388937,0.0389253,0.038872,0.0388719,0.0388762,0.0388757,0.038909,0.0388932,0.0388998,0.0388756,0.0388719,0.0388729,0.0388854,0.0388747,0.038872,0.0389318,0.038872,0.0388815,0.038872,0.105658,0.0388734,0.038872,0.0388822,0.0388878
0.038896,0.0388795,0.0388802,0.0388821,0.03888,0.0388842,0.038881,0.0388827,0.0388807,0.0388809,0.0388795,0.0388841,0.0388947,0.0388803,0.0388796,0.0388804,0.0388797,0.0389042,0.0388805,0.03888,0.0388843,0.105679,0.0388868,0.0388797
0.0388909,0.0388235,0.0388225,0.0388468,0.0388226,0.0388226,0.0388445,0.0388527,0.0388227,0.105526,0.0388226,0.0388932,0.0388224,0.0388224,0.0388245,0.0397106,0.0388225,0.0389095,0.0388225,0.0388224,0.038828,0.0391217,0.0388239,0.0388787
0.0388918,0.0388728,0.0389651,0.038874,0.038872,0.0388724,0.0388722,0.0388718,0.0388793,0.0388724,0.0388719,0.038872,0.0388734,0.0388719,0.0389936,0.0388862,0.0388986,0.0388818,0.0388739,0.0388721,0.105623,0.0388939,0.0388721,0.0388722
0.0385414,0.0385423,0.0385416,0.0385418,0.0385415,0.0385676,0.0385415,0.0387272,0.0385627,0.0385422,0.0419863,0.103918,0.0385445,0.0385415,0.0431931,0.0385414,0.038575,0.038543,0.0385416,0.0385415,0.0385414,0.0386432,0.0396646,0.0385753
0.0390998,0.0388391,0.0388395,0.0388511,0.0388397,0.0388391,0.0388404,0.0388411,0.0388582,0.0388392,0.0388406,0.0388408,0.0388622,0.0388413,0.0388391,0.0388404,0.0388528,0.0395305,0.0389018,0.0388523,0.0388392,0.0388696,0.105563,0.0388395
0.105381,0.0388304,0.0388307,0.0392188,0.0388308,0.0388304,0.0388309,0.0388306,0.0388319,0.038843,0.0388323,0.0388305,0.0388883,0.0388305,0.0388303,0.0388473,0.0388304,0.0397425,0.0388305,0.0388576,0.0388495,0.0388335,0.0389024,0.038836
0.0388481,0.0388464,0.0388472,0.0388464,0.0388672,0.0388474,0.0388508,0.0388468,0.0388469,0.0388464,0.0388469,0.0388465,0.10551,0.0388465,0.038851,0.0388464,0.0388498,0.0388465,0.0388573,0.0389704,0.038847,0.0388775,0.0396595,0.0388516
0.0388596,0.0388763,0.0388604,0.0388597,0.038963,0.0388633,0.0388681,0.105623,0.0388604,0.0388694,0.0391963,0.0388606,0.0388596,0.0388603,0.0388611,0.0388597,0.0388734,0.0388613,0.038871,0.038885,0.0388596,0.0388788,0.0389104,0.0388596
0.0390303,0.0388635,0.0388637,0.0389492,0.0388709,0.0388634,0.0388635,0.0388647,0.038864,0.0389621,0.0388681,0.038864,0.0388636,0.0388634,0.0388674,0.0390038,0.0388745,0.105235,0.0389177,0.038874,0.0388642,0.03915,0.0388655,0.0388936
0.0385913,0.0393161,0.0443634,0.0385913,0.104545,0.0386397,0.0386054,0.0385914,0.0398277,0.0385979,0.0385956,0.0385924,0.0385913,0.0385914,0.0386178,0.0385996,0.0385915,0.0385928,0.0385994,0.0385913,0.0385914,0.0385913,0.0385913,0.0385937
0.0388669,0.0388896,0.0388679,0.0388669,0.0390347,0.105618,0.0388757,0.038941,0.0388669,0.0389293,0.0388674,0.0388935,0.0388735,0.0388782,0.0388693,0.0388908,0.0388668,0.0388674,0.0388683,0.0388676,0.0388673,0.0388993,0.0388669,0.0388669
0.0386253,0.0386334,0.0386374,0.0386265,0.0386258,0.104969,0.0414567,0.0386645,0.0386352,0.0386389,0.0386253,0.0407665,0.0386309,0.0387806,0.0386306,0.0386269,0.0386252,0.0386253,0.0386252,0.0386255,0.0386259,0.0400477,0.038626,0.0386255
0.0384483,0.0495004,0.0384527,0.0384484,0.0384886,0.104198,0.038449,0.0387172,0.0384496,0.0384497,0.038471,0.0384862,0.038452,0.0384611,0.0384492,0.0384578,0.0384516,0.0384484,0.038449,0.0384498,0.038454,0.0384684,0.0384498,0.0384497
0.0389607,0.0389316,0.0389282,0.0390238,0.0389393,0.0389282,0.0389281,0.0389377,0.0389286,0.0394683,0.038929,0.0389717,0.0389281,0.0389281,0.0389345,0.0391009,0.0389282,0.103013,0.0389284,0.0389302,0.0389291,0.0389356,0.0389299,0.0396384
0.0388634,0.0388619,0.0388649,0.0388752,0.0389036,0.0388747,0.0388665,0.0388619,0.0389175,0.038862,0.0388616,0.0388623,0.0388636,0.0388628,0.0388616,0.105624,0.0388788,0.0388618,0.0388616,0.038862,0.0388618,0.0388841,0.0388644,0.0392382
0.0405899,0.0405951,0.0460318,0.0405849,0.0516013,0.0405567,0.0501068,0.0405552,0.0405597,0.0406442,0.0405547,0.0405572,0.0405571,0.0405648,0.0405542,0.0405552,0.0405544,0.0405546,0.0409438,0.0405594,0.0405561,0.0405542,0.0405542,0.0405543
0.0388783,0.0388782,0.0388799,0.0388789,0.0389026,0.0388815,0.038882,0.0388779,0.10559,0.0388879,0.03888,0.0388881,0.0389437,0.0388781,0.0388974,0.0389059,0.0388883,0.0388781,0.0388778,0.0388786,0.0389026,0.0388778,0.0388811,0.0388852
0.0388261,0.038843,0.0388534,0.0388333,0.0388329,0.105537,0.038864,0.0388407,0.0388264,0.03884,0.038826,0.0389548,0.038835,0.0393352,0.0388344,0.0388497,0.038826,0.0388333,0.038826,0.0388298,0.038831,0.03947,0.038826,0.038826
0.03888,0.0388993,0.0388758,0.105661,0.0388752,0.0388755,0.0388746,0.0388887,0.0388789,0.0389347,0.0388768,0.0388791,0.0388749,0.0389294,0.0388746,0.0388807,0.0388754,0.0388804,0.0388748,0.0388746,0.0388806,0.0388814,0.0388747,0.0388987
0.0390597,0.0388804,0.0388816,0.0389009,0.0388804,0.0388803,0.0388877,0.0388802,0.0388815,0.0388898,0.0388805,0.038881,0.0388824,0.0388837,0.0388821,0.0388803,0.0388919,0.0388812,0.0389519,0.0388803,0.105358,0.0389605,0.0388837,0.0388803
0.0386076,0.0386771,0.0386071,0.038856,0.0386291,0.038607,0.038607,0.0386138,0.0386134,0.0395565,0.0427323,0.0386105,0.0386078,0.038607,0.0400131,0.0386096,0.10397,0.0395321,0.0386096,0.038607,0.0388997,0.0386076,0.0386114,0.0386081
0.0389491,0.0388862,0.0388863,0.0388862,0.0389056,0.0388862,0.0388862,0.038899,0.0388899,0.0388958,0.0388883,0.0406068,0.0389229,0.0389065,0.0388963,0.0388863,0.0388862,0.0389362,0.0388867,0.0389337,0.0388862,0.0388892,0.0389011,0.103603
0.0387125,0.0387147,0.0395999,0.039289,0.0387142,0.0387765,0.0387132,0.0387185,0.0387413,0.038712,0.0387113,0.0398105,0.0387121,0.105126,0.0387112,0.0387183,0.0387111,0.0391176,0.0387275,0.0387233,0.0387112,0.0387252,0.0387158,0.0400868
0.0388271,0.0388378,0.038831,0.0388573,0.0388271,0.0388275,0.0388347,0.0388318,0.0388958,0.0388272,0.0389048,0.038828,0.0388413,0.03883,0.0388486,0.0388281,0.105491,0.0388314,0.0400432,0.0388272,0.0388431,0.0388303,0.0388278,0.0388273
0.0575457,0.0380807,0.0380812,0.038401,0.0380821,0.0380806,0.0380807,0.0380852,0.0380808,0.0383605,0.0381753,0.0380816,0.0380809,0.0380807,0.0380817,0.0381072,0.0380824,0.103446,0.038363,0.0381178,0.0381222,0.0381473,0.0380971,0.0381388
0.0388521,0.105389,0.0388819,0.0392165,0.0388519,0.0388621,0.0388519,0.0388557,0.0388647,0.0388695,0.0388518,0.0388537,0.0388518,0.0388533,0.0388519,0.0393223,0.0388548,0.0388521,0.038852,0.0389234,0.0388718,0.0388518,0.0388518,0.0388624
0.0392057,0.0392063,0.0392067,0.0392057,0.0392062,0.039297,0.0392057,0.0392067,0.0392203,0.0392059,0.039206,0.0980769,0.0392093,0.0392062,0.0392664,0.0392058,0.0392088,0.0392067,0.0392057,0.0392085,0.0392058,0.0392064,0.0392064,0.0392148
