0.0408582,0.0408583,0.0408603,0.0408581,0.0408593,0.0408581,0.0408581,0.0408582,0.0408623,0.0408715,0.0411826,0.0408825,0.0408581,0.0408605,0.0596249,0.0408648,0.0409817,0.0409416,0.0408588,0.0408581,0.040887,0.0408583,0.0408633,0.0408754
0.0393785,0.0393311,0.0393299,0.0393302,0.0393379,0.0393321,0.0393292,0.0393292,0.0393292,0.0393292,0.0393294,0.0393292,0.0393321,0.0393292,0.0395252,0.0393332,0.0393346,0.0393294,0.0393679,0.0393293,0.0948952,0.039357,0.0395225,0.0393292
0.0386112,0.0385921,0.0385938,0.0392736,0.0386236,0.0385917,0.0386302,0.0385902,0.0385904,0.0385904,0.0385921,0.0385902,0.038592,0.104778,0.0385901,0.0386028,0.0385901,0.0385902,0.0385901,0.0452044,0.0385903,0.0385901,0.0385946,0.038818
0.0389409,0.0388754,0.0388772,0.0388754,0.0388755,0.0388792,0.0389125,0.0388755,0.102855,0.0388756,0.0388757,0.0388758,0.0391593,0.0388755,0.0388797,0.0388756,0.038876,0.0388781,0.0389416,0.0388761,0.0388754,0.0389021,0.0413809,0.0388856
0.0381419,0.0381268,0.0381282,0.0381269,0.0381269,0.0381937,0.0556289,0.0381274,0.0382256,0.038151,0.0381268,0.038127,0.0381294,0.0381278,0.0381268,0.10359,0.0381292,0.038985,0.0381269,0.0389332,0.0381269,0.0381432,0.0381277,0.0382223
0.038877,0.0388661,0.0388636,0.04046,0.038867,0.0388634,0.0389071,0.0388739,0.0388634,0.0388641,0.039001,0.0388634,0.0388634,0.0388655,0.0388634,0.0390354,0.0388647,0.103724,0.0388634,0.0391737,0.0388635,0.0388682,0.0389753,0.0388694
0.03902,0.0386981,0.0388724,0.0387009,0.038924,0.0386981,0.0386983,0.0386981,0.0387073,0.0387071,0.0387105,0.0386986,0.105163,0.038699,0.038698,0.038698,0.0387076,0.0386993,0.0426785,0.0387217,0.0387044,0.0386983,0.0387,0.0386983
0.0397507,0.0397517,0.040395,0.0397504,0.0397673,0.039752,0.039751,0.0397505,0.0397514,0.0397515,0.0849091,0.0397551,0.0397505,0.0397505,0.0398652,0.0397504,0.0397568,0.0397505,0.0397506,0.0397505,0.0397509,0.0397506,0.0397871,0.0397505
0.0386706,0.0389577,0.0387834,0.0386489,0.0386516,0.0386598,0.0386493,0.0386756,0.038649,0.0386639,0.0398674,0.104947,0.0386485,0.0386519,0.0386711,0.0386494,0.0386489,0.0429383,0.0386485,0.03865,0.0386524,0.038686,0.03865,0.0386811
0.0389885,0.0389811,0.0391874,0.0389821,0.038981,0.0389812,0.0389814,0.0389829,0.0389823,0.0389813,0.038981,0.0389822,0.0389854,0.0389809,0.039168,0.0389809,0.0389988,0.0390232,0.102904,0.0389809,0.0390384,0.0389818,0.0389841,0.0389811
0.0389463,0.0389464,0.0389464,0.0389463,0.0389864,0.0389468,0.0391902,0.0389464,0.0389529,0.0389463,0.0389463,0.0389464,0.0389463,0.0389464,0.0389463,0.102251,0.0389463,0.0389463,0.0389476,0.0406214,0.0389465,0.0389468,0.0389603,0.0389477
0.0392893,0.0386936,0.0386948,0.0388824,0.0386916,0.0386924,0.0386914,0.0386915,0.0387218,0.0386916,0.0386915,0.0386927,0.0411802,0.0386914,0.0386948,0.0388997,0.0386936,0.0387114,0.0399933,0.0386916,0.105119,0.0387464,0.0387627,0.0386915
0.038844,0.0385942,0.0385945,0.0385941,0.0386769,0.0385946,0.102215,0.0386802,0.0385942,0.048117,0.0385943,0.0385941,0.0385952,0.0385949,0.0386389,0.0386193,0.0386449,0.0386462,0.0385942,0.0385941,0.0385942,0.0385958,0.0385943,0.0385949
0.0392224,0.0392102,0.0556244,0.0392164,0.0392097,0.0392121,0.0392184,0.0392097,0.0392106,0.0392097,0.0392123,0.03921,0.0392118,0.0392189,0.0392108,0.0392147,0.0392812,0.0392098,0.0392097,0.0392097,0.0432638,0.0392097,0.0775548,0.0392391
0.0389294,0.0394127,0.0389301,0.0389303,0.0389295,0.0389935,0.0389451,0.103818,0.0389295,0.0390055,0.0389332,0.0390419,0.0389294,0.0389294,0.038948,0.0389298,0.0389407,0.0389295,0.0389296,0.0389297,0.0389299,0.0389354,0.0389321,0.0389386
0.0389894,0.0388748,0.0391509,0.0388616,0.0388595,0.0388634,0.0388594,0.0388593,0.0388746,0.0388596,0.0390737,0.0388604,0.0388607,0.0388598,0.0389305,0.0388601,0.0388594,0.0388705,0.0388837,0.0388597,0.105388,0.0388597,0.0389211,0.0388598
0.0384262,0.0389901,0.0382731,0.0382684,0.038378,0.0382676,0.0382789,0.0388736,0.038268,0.0384018,0.038268,0.0382677,0.0383907,0.0382676,0.05499,0.0383049,0.0385184,0.0382696,0.100606,0.0382676,0.0385985,0.0382688,0.0382676,0.0382883
0.0388653,0.0387633,0.0388539,0.0387633,0.0417358,0.0387712,0.105196,0.0387633,0.0387646,0.0387642,0.0387679,0.0387633,0.0387647,0.0387633,0.0387634,0.0387949,0.0387672,0.0387633,0.0387647,0.0387633,0.0387646,0.0387633,0.0387919,0.0387635
0.0388536,0.0389821,0.0388524,0.0388759,0.0388524,0.0388962,0.0389588,0.105585,0.0388524,0.0389359,0.0388536,0.0388921,0.0388526,0.0388533,0.0388634,0.038855,0.0388605,0.0388526,0.0389305,0.0388524,0.0388525,0.0390134,0.0389698,0.0388532
0.0388721,0.0388721,0.0388778,0.038902,0.0388724,0.0388723,0.0388722,0.0388758,0.0388722,0.038911,0.0388723,0.0388721,0.0388724,0.0388721,0.0389066,0.0388923,0.105589,0.0389054,0.0388751,0.0388721,0.0390515,0.0388736,0.0388735,0.0388723
0.0389361,0.0387737,0.0387738,0.0387793,0.0419807,0.0387764,0.0388267,0.0387735,0.0387906,0.0387736,0.0387985,0.0387735,0.0387792,0.0387757,0.0387736,0.0387742,0.0387743,0.0387756,0.0387837,0.0387742,0.0387737,0.0387747,0.104711,0.0387738
0.0388559,0.0388559,0.0390969,0.038856,0.038858,0.0389841,0.0388759,0.0388562,0.105599,0.0388592,0.0388827,0.0388639,0.038876,0.0388559,0.0391075,0.038856,0.0388638,0.038856,0.038856,0.0388559,0.0388582,0.038858,0.0388559,0.0388567
0.0936572,0.0360069,0.0360089,0.0360076,0.0360162,0.0360074,0.0488767,0.0360079,0.037065,0.0412323,0.0363813,0.0360069,0.0360642,0.0360076,0.0361651,0.0381735,0.0374014,0.0369741,0.0898984,0.036007,0.036008,0.0360085,0.0360074,0.0360106
0.0388697,0.0388781,0.0388774,0.0388391,0.0396768,0.0388444,0.03884,0.0388389,0.0388391,0.0388397,0.038842,0.0388415,0.105485,0.0388395,0.0388423,0.0388487,0.03902,0.0388393,0.038841,0.0388423,0.038841,0.0388613,0.0388731,0.0388402
0.0387406,0.0387552,0.0395468,0.0387467,0.0387387,0.0388034,0.0387404,0.0387413,0.038739,0.0387393,0.0387397,0.104807,0.0387387,0.0389954,0.0387699,0.0387402,0.038739,0.0388035,0.0387393,0.038739,0.0405442,0.0398734,0.0387399,0.0387389
0.039093,0.0387905,0.0387903,0.0407531,0.0387898,0.0387895,0.0388088,0.0388599,0.0387895,0.105418,0.0387895,0.0387897,0.0387895,0.0387929,0.0387905,0.0387936,0.0387931,0.0388176,0.0387938,0.0387899,0.0388092,0.0387896,0.0387895,0.0387897
0.0364735,0.0364734,0.0651441,0.0364732,0.0370539,0.0665798,0.0909391,0.0364732,0.0472291,0.036474,0.0364737,0.0364861,0.0364846,0.0364753,0.0364751,0.0364781,0.0364955,0.0364732,0.0364734,0.0364742,0.0364739,0.0364743,0.0364741,0.0364751
0.0387924,0.038786,0.038789,0.0389141,0.038786,0.038786,0.105405,0.0390936,0.0387868,0.0403516,0.0387861,0.038786,0.0388348,0.038786,0.0387866,0.0388289,0.039122,0.0388361,0.0388065,0.0387863,0.0387861,0.0387897,0.0387871,0.0387874
0.0388606,0.105532,0.0388638,0.0393263,0.0388605,0.0388731,0.0388603,0.0389682,0.0388603,0.0389316,0.0388616,0.0388615,0.0388601,0.0388601,0.0388649,0.0388605,0.0388601,0.038867,0.0388601,0.0388606,0.0388608,0.0388641,0.0388601,0.0388615
0.10281,0.038941,0.0389471,0.0392585,0.0389404,0.0389404,0.0389411,0.0389404,0.0389441,0.0389491,0.0389435,0.0398552,0.0389644,0.0390011,0.0389433,0.0389404,0.0389419,0.0389404,0.0389414,0.0389404,0.0389482,0.0389443,0.0391419,0.0389416
0.0386506,0.0386483,0.0386471,0.038647,0.038647,0.0386629,0.038647,0.0387976,0.0386471,0.0386736,0.0386711,0.0416458,0.0386472,0.0392613,0.0386562,0.0387751,0.0386515,0.0386497,0.0386471,0.0399895,0.0386475,0.0393968,0.0386505,0.105042
0.038553,0.0385465,0.0385706,0.0385468,0.038547,0.0385465,0.0385468,0.0385465,0.0385467,0.0385468,0.104566,0.0385466,0.0385485,0.0385536,0.0386835,0.0385466,0.0385526,0.038558,0.038565,0.0385465,0.0385573,0.0385465,0.047181,0.0385512
0.0387694,0.0387714,0.0387826,0.0387705,0.0415983,0.0387676,0.0387676,0.0387689,0.03877,0.0387681,0.0387684,0.0387689,0.0388214,0.0387679,0.0388056,0.0387676,0.0387771,0.0387676,0.105335,0.0387676,0.0387892,0.0387678,0.0387934,0.0387677
0.038718,0.0387296,0.0387197,0.0413361,0.0387185,0.0388799,0.0387249,0.105239,0.0387178,0.0388462,0.0388789,0.0387431,0.0387179,0.0387198,0.0387245,0.0387179,0.038755,0.0387178,0.0396603,0.0387178,0.0387184,0.0388628,0.0387178,0.0387179
0.0384186,0.0384198,0.0384213,0.0384534,0.0384215,0.0384946,0.0384191,0.0384187,0.0384565,0.0384187,0.0384229,0.0384212,0.0384186,0.0385615,0.0384185,0.0502402,0.0384186,0.0384187,0.0384245,0.104232,0.0384185,0.0384239,0.0384191,0.0384202
0.0389264,0.0389276,0.0389275,0.038926,0.0393617,0.0389259,0.0389326,0.038942,0.0389259,0.038926,0.10212,0.0389259,0.038926,0.038926,0.0408444,0.038926,0.0389311,0.0389267,0.0391205,0.0389259,0.038926,0.0389262,0.0389276,0.038926
0.038895,0.0388546,0.0388774,0.0398466,0.0388549,0.0394131,0.0388547,0.0388541,0.0388555,0.0388554,0.038855,0.038857,0.0388601,0.101771,0.0388541,0.0417149,0.0388546,0.0388622,0.0388555,0.0388545,0.0388543,0.0389195,0.0388717,0.0388541
0.0373982,0.0373983,0.0374294,0.0374031,0.037401,0.0373986,0.0374029,0.0373981,0.0374088,0.0373984,0.0374064,0.0373981,0.0373981,0.0373981,0.0373981,0.101559,0.0373989,0.0374015,0.0373981,0.0375751,0.0373985,0.0374369,0.0373989,0.0753976
0.0389438,0.0389592,0.0390203,0.0389419,0.0389421,0.0390196,0.038943,0.0389419,0.038961,0.038942,0.0389614,0.103834,0.038942,0.0389694,0.0389776,0.0389442,0.0389419,0.0389543,0.0389504,0.0389434,0.0389428,0.0391161,0.0389649,0.0389428
0.0388584,0.03887,0.0388804,0.0388816,0.038856,0.0388566,0.0389146,0.0388587,0.0388576,0.038883,0.038857,0.0388586,0.0388569,0.105567,0.0388559,0.03898,0.0388561,0.0388571,0.0388563,0.0390091,0.0388559,0.0388561,0.0388594,0.039158
0.0390613,0.0391147,0.0390602,0.0390581,0.0390621,0.0391061,0.0390581,0.0390585,0.0390948,0.0390984,0.0390602,0.100591,0.0390581,0.0392382,0.0392323,0.0394141,0.0390581,0.0391634,0.039058,0.0390582,0.039099,0.0390585,0.039058,0.039081
0.0387864,0.0387874,0.0387865,0.0387864,0.038787,0.0399009,0.0387865,0.0387933,0.0396334,0.0387882,0.0389911,0.10542,0.0388526,0.0387912,0.0389454,0.0387879,0.0387871,0.0387865,0.0387864,0.0387963,0.0387866,0.0388007,0.0387968,0.0388356
0.0388775,0.0388591,0.0388567,0.0388626,0.0388563,0.0388796,0.0389427,0.0388653,0.0388582,0.105617,0.0388564,0.0388634,0.0388563,0.0388574,0.0388592,0.0393314,0.0388584,0.0388564,0.038879,0.0388565,0.0388642,0.0388583,0.0388565,0.0388719
0.0388734,0.038873,0.0388734,0.038873,0.0389444,0.038873,0.0388802,0.0389269,0.0388899,0.0388752,0.0388834,0.0388769,0.0388744,0.038873,0.105666,0.038873,0.0389354,0.0388771,0.038873,0.038873,0.0388744,0.0388732,0.0388741,0.0388915
0.0385903,0.0385864,0.0386103,0.0385859,0.0418596,0.038586,0.0385891,0.038586,0.0385873,0.0385861,0.103782,0.0385866,0.0386591,0.0385866,0.0385864,0.0385859,0.038586,0.038586,0.0386478,0.0385861,0.0385871,0.0385859,0.0438765,0.0385907
0.0413731,0.0387086,0.0387148,0.0387088,0.0387097,0.0387107,0.0387092,0.0387082,0.0387532,0.0387314,0.0387083,0.0387129,0.0387114,0.0387082,0.0387102,0.0387367,0.0387152,0.0387114,0.0387117,0.0387082,0.105032,0.0394566,0.0398413,0.0387084
0.0388638,0.0388721,0.0388638,0.038865,0.040215,0.0388636,0.0388638,0.0388645,0.0388981,0.0388728,0.0389034,0.0388651,0.0388671,0.0388639,0.0389641,0.0388693,0.103989,0.0388646,0.0389499,0.0388636,0.0393638,0.0388641,0.0388639,0.0388659
0.0388784,0.0389001,0.0388793,0.0388808,0.0396847,0.0388784,0.0388783,0.0388792,0.0388831,0.0388783,0.0388809,0.0388798,0.104656,0.0388784,0.0388784,0.0388867,0.0390771,0.0388848,0.0388786,0.0389152,0.0389274,0.0388787,0.0388788,0.0388785
0.0388232,0.0388254,0.103019,0.0417048,0.0388237,0.038849,0.0388237,0.0388232,0.038891,0.0388232,0.0388235,0.0388232,0.0388311,0.0388232,0.0388233,0.0388232,0.0388626,0.0388233,0.0398391,0.0388235,0.0388271,0.0388233,0.0388235,0.0388232
0.0387282,0.0387527,0.0387294,0.0387283,0.0387279,0.105252,0.0387288,0.0415122,0.0387615,0.038737,0.0390681,0.038728,0.0388974,0.0387364,0.0388552,0.0387292,0.0387414,0.038728,0.0387293,0.0387286,0.0387278,0.038733,0.0392115,0.0387278
0.038893,0.0388906,0.0389004,0.0388904,0.039171,0.0388904,0.0388909,0.0388946,0.0389234,0.0389235,0.038931,0.0388924,0.0389082,0.0388905,0.105072,0.038891,0.0389044,0.0388906,0.0388908,0.0388904,0.0388924,0.0388905,0.0388931,0.0388948
0.0389835,0.0389713,0.0389578,0.0389579,0.0389577,0.0389603,0.0389578,0.0389581,0.0389579,0.102839,0.0389578,0.0390878,0.0389587,0.0389615,0.0389661,0.0389596,0.038958,0.0389645,0.0389579,0.0389579,0.039874,0.0389711,0.038961,0.0389632
0.0388704,0.0390047,0.0388685,0.0388663,0.0388658,0.0389007,0.0388669,0.0388695,0.0388658,0.0388685,0.0388787,0.0389506,0.0388659,0.0388742,0.0389047,0.0388696,0.0388657,0.0388659,0.0388657,0.038884,0.0388688,0.0389431,0.0388701,0.105646
0.0388885,0.044247,0.0389702,0.0405379,0.0388981,0.038898,0.0388884,0.0388887,0.0388884,0.0388884,0.0388967,0.0388898,0.0388884,0.0389299,0.0388884,0.0388886,0.0388884,0.0388885,0.0388936,0.098397,0.0388888,0.0388893,0.0388891,0.0388898
0.0388556,0.0388561,0.0388554,0.0389765,0.0388551,0.0388566,0.0389423,0.0390692,0.0388621,0.105515,0.0388564,0.0389311,0.0388554,0.0388552,0.0388678,0.0390097,0.0388611,0.0388942,0.0388562,0.0388551,0.0388555,0.0389474,0.0388552,0.0388555
0.03885,0.0388712,0.0389695,0.0388499,0.0388579,0.0388847,0.0388499,0.0388506,0.0388502,0.0388515,0.0388691,0.0388572,0.03885,0.0388499,0.105566,0.0388499,0.039469,0.0388501,0.0388502,0.0388499,0.0388841,0.0388554,0.03886,0.0388534
0.0388179,0.0388179,0.0388182,0.0388232,0.0388182,0.0388326,0.038818,0.0388185,0.0388241,0.0388191,0.0388209,0.038818,0.0388182,0.0388179,0.0404337,0.0388325,0.105486,0.0388188,0.0388206,0.0388179,0.0388362,0.0388201,0.0388329,0.0388179
0.0387834,0.0387847,0.0387862,0.0387834,0.0387873,0.0388054,0.0387851,0.105419,0.0387835,0.038797,0.041001,0.0387835,0.0387835,0.0387836,0.0387853,0.0387879,0.0388267,0.0387934,0.0388213,0.038785,0.0387834,0.0389815,0.0387854,0.0387834
0.0396156,0.0396135,0.0397381,0.0396183,0.0397122,0.0396162,0.0396193,0.0396156,0.0396134,0.0396134,0.0396134,0.0396136,0.0403889,0.0396134,0.0396144,0.0396142,0.0470472,0.0396136,0.0802278,0.0396134,0.0396196,0.039615,0.0398159,0.0396138
0.0388795,0.0388804,0.0388796,0.0388796,0.0388796,0.0388828,0.0388801,0.0388797,0.0388805,0.0388794,0.0388803,0.0388799,0.0388793,0.0388796,0.0388793,0.105665,0.0388888,0.0388974,0.0388794,0.0389322,0.0388845,0.0388823,0.0388806,0.0388898
0.0389017,0.0388986,0.0389001,0.0389024,0.0388983,0.0388986,0.0388983,0.0389118,0.0389052,0.0425298,0.0388982,0.0389459,0.0388985,0.0389022,0.0389379,0.0388986,0.038917,0.0388986,0.0388982,0.0388982,0.0389262,0.101521,0.0389068,0.0389079
0.0388949,0.0388882,0.0388881,0.0389141,0.0388899,0.0388882,0.0388886,0.0388898,0.0388884,0.0388963,0.0388882,0.0388886,0.0388887,0.0388881,0.039259,0.0388961,0.0389054,0.0389256,0.0388956,0.0388881,0.0388883,0.105076,0.038898,0.0388882
0.0388248,0.0392749,0.0391031,0.0388498,0.105525,0.0388248,0.0388259,0.0388711,0.0388258,0.0388248,0.0388318,0.038825,0.0393677,0.0388735,0.0388256,0.0388356,0.0388543,0.0388263,0.0388532,0.0388253,0.0388263,0.0388249,0.0388546,0.0388258
0.0389413,0.0389409,0.0389489,0.038941,0.0392367,0.0389469,0.0389419,0.0389409,0.0389616,0.0389409,0.0389474,0.0389419,0.10398,0.038941,0.0389408,0.038941,0.0389626,0.0389409,0.0389462,0.0389411,0.0389409,0.0389516,0.0389429,0.0389409
0.0388777,0.0389417,0.0388785,0.038877,0.038877,0.0389032,0.0396589,0.0389027,0.0388771,0.0389097,0.0388777,0.0391231,0.0388771,0.0390927,0.0388781,0.0389812,0.0388783,0.0388783,0.038877,0.0388774,0.0388771,0.0388786,0.038877,0.104323
0.0373023,0.0372981,0.0373342,0.0372986,0.0373252,0.0373096,0.0373008,0.0372981,0.0998608,0.0372981,0.0372981,0.0372981,0.0376714,0.0376629,0.0372982,0.0376554,0.0374461,0.0372982,0.0372981,0.0372991,0.0373028,0.0372987,0.0782487,0.0372986
0.0388547,0.0388248,0.038825,0.0388291,0.0388249,0.0388311,0.0388248,0.0388316,0.0388247,0.040206,0.0388266,0.0390529,0.0388255,0.038825,0.0388288,0.0388325,0.0388255,0.0388516,0.0388249,0.0388249,0.0388766,0.105272,0.0388253,0.0388313
0.0387152,0.0405493,0.0387539,0.105176,0.0387148,0.0387148,0.0387149,0.0389545,0.0387149,0.0393647,0.0387156,0.0387148,0.0387148,0.0387155,0.0387148,0.038715,0.0402704,0.0387639,0.0387255,0.0387148,0.0387154,0.0387152,0.0387149,0.0387164
0.0446549,0.0386528,0.0386483,0.0386505,0.0386468,0.0386469,0.0387364,0.038647,0.0386485,0.104992,0.0386468,0.0386469,0.0386474,0.0386496,0.0386585,0.0386484,0.0386473,0.0386486,0.0386468,0.0386469,0.0386474,0.0386472,0.0386468,0.038647
0.0388996,0.0383883,0.0383898,0.0383878,0.038398,0.0383997,0.0391821,0.0383878,0.104131,0.0383877,0.0383877,0.0383881,0.049908,0.0383879,0.038395,0.0383992,0.038446,0.0383941,0.0383922,0.0383877,0.0383877,0.0383902,0.0383962,0.0383879
0.0388756,0.0388815,0.105584,0.0388885,0.0388766,0.0388781,0.0388848,0.0388757,0.0388773,0.0388756,0.0388841,0.0388777,0.0390107,0.0388756,0.0388756,0.0388756,0.0388757,0.0388756,0.0388846,0.0388762,0.0389369,0.0388756,0.0389012,0.0388775
0.0381588,0.103159,0.0383004,0.0381486,0.0381811,0.0411674,0.0381466,0.0381699,0.0381465,0.0381512,0.0381564,0.0542998,0.0381464,0.0381841,0.0381479,0.0381481,0.0381466,0.0381464,0.0381465,0.0381533,0.0381543,0.0381473,0.0381465,0.0381468
0.0388722,0.0388558,0.0388371,0.0399496,0.0388368,0.0388369,0.038837,0.0388414,0.0388369,0.105483,0.0388368,0.038837,0.0388389,0.0388369,0.0388375,0.0388376,0.0388392,0.0388375,0.0388372,0.0388369,0.0388372,0.0389245,0.0388384,0.0388375
0.038859,0.0388751,0.0389022,0.0388586,0.105615,0.0388606,0.0388632,0.0388589,0.0388586,0.0388587,0.0389174,0.0388669,0.0388745,0.0388592,0.0388586,0.0388586,0.0388588,0.0388586,0.03933,0.0388638,0.038859,0.0388588,0.0388668,0.0388596
0.0388833,0.0388394,0.0388399,0.0388445,0.0388397,0.0388395,0.0388399,0.0388461,0.0388448,0.0390403,0.03884,0.0388507,0.0388421,0.0392467,0.0388464,0.0388428,0.0388534,0.0391305,0.0388406,0.0388499,0.0388394,0.0388445,0.0390339,0.105482
0.039268,0.0392778,0.0966888,0.0392822,0.0393437,0.0392691,0.0392685,0.039268,0.039279,0.039268,0.0392876,0.0392686,0.0392708,0.0392705,0.039268,0.039268,0.039268,0.039268,0.0392712,0.0392684,0.0392719,0.039268,0.0392691,0.0392685
0.0387585,0.0387591,0.0387586,0.0387579,0.0395259,0.0387579,0.0387727,0.038758,0.0387581,0.038759,0.10509,0.038758,0.0387587,0.0387579,0.0387582,0.0387579,0.0387587,0.0387768,0.0409924,0.0387618,0.0387583,0.0387586,0.0391889,0.0387582
0.0389757,0.0388539,0.038854,0.0388576,0.0388531,0.0388616,0.0388526,0.0388735,0.0388526,0.0388907,0.0388578,0.0391386,0.0389039,0.0388532,0.0388549,0.0388689,0.038853,0.038884,0.0388571,0.0388597,0.0390566,0.105512,0.0388583,0.0389169
0.0397121,0.0398051,0.0397788,0.0397129,0.0398195,0.0397269,0.039728,0.0397125,0.039757,0.0397123,0.0397363,0.0405376,0.0397122,0.0424482,0.039712,0.0397127,0.039712,0.0397122,0.0397121,0.0797956,0.039712,0.039712,0.0397186,0.0426013
0.0385155,0.0394785,0.0385714,0.0385126,0.0388222,0.0457801,0.0385673,0.03855,0.0386307,0.0385079,0.0385141,0.0385531,0.0385117,0.038582,0.0385078,0.0385149,0.0385079,0.0387523,0.03851,0.104645,0.0388737,0.038539,0.0385444,0.0385079
0.0386212,0.0404336,0.0413866,0.038706,0.10325,0.0386894,0.0386213,0.0386215,0.0386217,0.0386213,0.0386214,0.038646,0.0386842,0.0386256,0.0386212,0.0386213,0.0386224,0.0386212,0.0422059,0.0386429,0.0386274,0.0386219,0.0386289,0.0386369
0.0389156,0.0389929,0.0389189,0.0391365,0.0389156,0.0389331,0.0389549,0.0389174,0.038916,0.0389181,0.0389162,0.0389164,0.038916,0.104466,0.0389155,0.0389195,0.0389163,0.0389174,0.0389156,0.0389194,0.0389156,0.0389208,0.0389192,0.0390075
0.0386732,0.0386721,0.0386804,0.0386716,0.0386729,0.038679,0.0386718,0.0386714,0.0389376,0.0386715,0.0386906,0.0386797,0.0386715,0.0386901,0.0386714,0.100463,0.0386714,0.0387164,0.0386733,0.0478897,0.0387996,0.0386863,0.0386717,0.039024
0.038972,0.0388745,0.0388746,0.0388748,0.0388749,0.0388745,0.0388784,0.0388893,0.0388812,0.10565,0.0388759,0.0388745,0.0388756,0.0389382,0.0388751,0.0388793,0.0388764,0.0388828,0.038875,0.0388746,0.0388745,0.0389025,0.0388751,0.0388768
0.0388649,0.0401933,0.0394992,0.0390847,0.0388598,0.0388681,0.0388626,0.0388632,0.0388604,0.0399582,0.0388599,0.0388686,0.0388599,0.10287,0.0388598,0.0388601,0.0388686,0.038868,0.03886,0.0388606,0.0388599,0.03886,0.0388599,0.0388704
0.0368983,0.0369077,0.0368983,0.0368984,0.0368987,0.0368983,0.0369105,0.0989354,0.0368983,0.036915,0.0866983,0.0369142,0.0368994,0.0368994,0.0368983,0.0368983,0.0381029,0.0369051,0.0382268,0.0369021,0.0368982,0.0368983,0.0368997,0.0369
0.0401194,0.0401042,0.0401037,0.0401431,0.0401031,0.040103,0.0401028,0.0401161,0.0401028,0.0403052,0.0402829,0.0401028,0.0401028,0.0401028,0.0401063,0.0401032,0.0401036,0.0769834,0.0401028,0.0401146,0.0401504,0.0401073,0.040103,0.040231
0.0400103,0.038831,0.0388301,0.0388305,0.0388306,0.0388287,0.0388403,0.0388458,0.038829,0.105516,0.0388293,0.0388287,0.0388288,0.0388378,0.0388324,0.0388286,0.0388288,0.0390192,0.0388286,0.0388307,0.0388286,0.0388292,0.0388286,0.0388289
0.0391579,0.0391624,0.0391593,0.0965184,0.0391562,0.0391562,0.0391567,0.0391583,0.0391563,0.0393351,0.0391568,0.0391573,0.0391563,0.0417709,0.0391562,0.0391563,0.0391564,0.0391952,0.0391575,0.0391935,0.0391569,0.0391562,0.0391569,0.0391566
0.0387932,0.0389092,0.0387973,0.104291,0.0387914,0.0387914,0.0387914,0.0387924,0.0387914,0.0387953,0.0387914,0.0387914,0.0387914,0.0421176,0.0387914,0.0387968,0.0387925,0.0387923,0.0388271,0.0387924,0.0387931,0.0387914,0.0387943,0.0387935
0.0388163,0.0388177,0.0388199,0.0391815,0.0388205,0.0388174,0.0388165,0.0388163,0.0388163,0.0388162,0.0388174,0.0388192,0.0388162,0.104909,0.0388161,0.0388162,0.0388162,0.0388163,0.0388165,0.0388874,0.0388164,0.0388162,0.0388198,0.0406782
0.0394233,0.0394178,0.0394168,0.0396047,0.0618659,0.0394164,0.0394197,0.0394569,0.0394254,0.0394168,0.0413028,0.0394183,0.0394399,0.0394165,0.0394186,0.0394169,0.0394422,0.0394165,0.068662,0.0394164,0.0395311,0.0394184,0.0394204,0.0394164
0.0392793,0.0392797,0.0392835,0.0392878,0.0392792,0.0396534,0.0953331,0.0393073,0.0392792,0.0393629,0.0392795,0.039533,0.0392801,0.0392801,0.0392791,0.0392809,0.0392792,0.0392791,0.0393683,0.0395382,0.0392793,0.0393972,0.039301,0.0392795
0.0395945,0.0396386,0.0395947,0.0395945,0.039595,0.0876903,0.0399475,0.0395946,0.0395947,0.0395945,0.0395945,0.0407341,0.0395946,0.0395946,0.0395976,0.0396263,0.0395954,0.0395955,0.0395947,0.0395946,0.0396315,0.0395964,0.0396101,0.0396011
0.0387335,0.0387291,0.0387206,0.0387317,0.0387427,0.0387205,0.105047,0.0387207,0.0387698,0.0387367,0.0387251,0.0387236,0.0407414,0.0387504,0.0387205,0.0387242,0.0387254,0.0387254,0.0387205,0.0387248,0.0387655,0.0387205,0.0388069,0.0407739
0.0388568,0.0389282,0.0388749,0.0388568,0.0388568,0.0388696,0.0388598,0.0388634,0.0388715,0.0396607,0.0388587,0.10482,0.0388568,0.0389363,0.0391367,0.0389406,0.0388575,0.0388999,0.0388568,0.0388569,0.0388631,0.0389026,0.0388568,0.0388593
0.0391634,0.0388114,0.0388351,0.0388403,0.0388257,0.0389852,0.0388221,0.0390416,0.0388132,0.0391608,0.0388062,0.0395395,0.0388083,0.0390774,0.0388055,0.0388058,0.0388055,0.0388055,0.0388379,0.103679,0.0388073,0.0388115,0.0388058,0.0403058
0.0383123,0.0383145,0.0383175,0.0383123,0.039723,0.0437785,0.103851,0.0384395,0.0383151,0.0383275,0.0383124,0.0431745,0.0384077,0.0383146,0.038313,0.0383177,0.0383123,0.0383123,0.0383306,0.0412345,0.0383123,0.0383206,0.0383133,0.0383336
0.03865,0.0386564,0.0386745,0.0386596,0.0387479,0.0388891,0.0386504,0.0386499,0.0387203,0.0386499,0.0386613,0.0386539,0.0386499,0.0399975,0.0386499,0.0433702,0.0386499,0.0386501,0.0386521,0.104503,0.0386499,0.0386525,0.038651,0.0386605
0.0389395,0.038934,0.038935,0.0389316,0.0389319,0.0389316,0.0389318,0.0389321,0.0392823,0.0389323,0.0390751,0.0389319,0.0389316,0.0389317,0.0389691,0.038932,0.038946,0.038932,0.0389321,0.0389316,0.0389336,0.0389322,0.104007,0.0389317
0.0388322,0.0388327,0.0388333,0.0388324,0.0388336,0.0388325,0.0388517,0.0388349,0.0388366,0.0388345,0.0388324,0.0388324,0.0388325,0.0388322,0.0389133,0.0388372,0.105206,0.0388594,0.0388324,0.0388322,0.0403386,0.0388322,0.0388324,0.0388327
0.0388822,0.105487,0.0388819,0.0388874,0.0388814,0.0389573,0.0388828,0.0388857,0.0388831,0.0388819,0.0389086,0.0389779,0.0388812,0.0388814,0.0388846,0.0388912,0.0388813,0.0388818,0.0388812,0.0388849,0.0388896,0.0388816,0.0388822,0.0388817
0.0386786,0.0386789,0.0386781,0.0386968,0.0386778,0.0386866,0.038678,0.0386784,0.0386789,0.0386915,0.0386778,0.0386778,0.0386889,0.0386791,0.0386778,0.104814,0.0387886,0.0387099,0.0386791,0.0439643,0.0387268,0.0387288,0.0386804,0.038683
0.0387593,0.0387592,0.0387579,0.0387576,0.0387576,0.0387638,0.0387575,0.0388539,0.0387575,0.039084,0.0387615,0.0405993,0.038826,0.0387647,0.0387636,0.038758,0.0387575,0.0392993,0.0387655,0.0390151,0.0387577,0.105307,0.0387988,0.038818
0.038851,0.0388219,0.0388621,0.0388224,0.0388217,0.0388247,0.0389958,0.0388622,0.0388413,0.105519,0.0388277,0.0388218,0.0388217,0.0399198,0.0388418,0.0388232,0.0389606,0.0388275,0.0388218,0.0388217,0.0388217,0.038825,0.0388217,0.0388219
0.0390332,0.0388736,0.0388736,0.038878,0.0388736,0.0389243,0.0388804,0.0389055,0.0388735,0.0389644,0.0388735,0.0393185,0.0388746,0.0389144,0.0388777,0.0389594,0.0388753,0.0391345,0.0388744,0.0390287,0.0388779,0.104546,0.0388754,0.0388892
0.0390078,0.0389829,0.0389824,0.0389811,0.0389995,0.0389813,0.0389909,0.0390039,0.0389885,0.039036,0.0390733,0.0389814,0.0389823,0.0389832,0.0398025,0.0389811,0.0390279,0.0390411,0.0389814,0.038981,0.0389833,0.0389907,0.102255,0.0389811
0.0369289,0.0368901,0.0368914,0.0368917,0.0368899,0.0368907,0.0387422,0.0368935,0.0369534,0.0373676,0.0368899,0.0368899,0.0369101,0.0368899,0.0870286,0.0368977,0.0980057,0.0368914,0.0375942,0.0368899,0.0369954,0.0369679,0.0369094,0.0369005
0.0390074,0.0390079,0.0390084,0.0390078,0.0390075,0.0390461,0.0390073,0.0390074,0.0390074,0.0390073,0.0390124,0.0391018,0.10086,0.0390074,0.0390073,0.0390078,0.0390259,0.0390073,0.0390835,0.0390297,0.0390532,0.0390421,0.0406392,0.0390076
0.0387107,0.0387112,0.0387158,0.0387107,0.0387121,0.0393279,0.0387107,0.0387521,0.0401487,0.038711,0.0387362,0.105012,0.0387119,0.0387107,0.038731,0.0387124,0.0387551,0.0387107,0.0387112,0.0387115,0.0387108,0.0411445,0.0387157,0.0387154
0.0387941,0.0398943,0.0387958,0.038794,0.0387953,0.0389336,0.0387941,0.0387944,0.038956,0.0388044,0.0388012,0.10541,0.0388105,0.0393646,0.0388015,0.0387941,0.038794,0.0388093,0.038794,0.0388786,0.0387985,0.0387982,0.0388922,0.0388974
0.040218,0.0387994,0.0390843,0.0387922,0.0387904,0.0389016,0.0387903,0.0387902,0.0387951,0.0387944,0.0387903,0.0387914,0.0388007,0.0387902,0.0388299,0.0387916,0.0387992,0.0387911,0.0388089,0.0387904,0.10544,0.0387924,0.0388174,0.039211
0.0371348,0.0823991,0.0371218,0.100864,0.0371212,0.0371209,0.037121,0.0371314,0.037121,0.0371224,0.037121,0.037121,0.037121,0.0371242,0.0371209,0.0371327,0.037123,0.0371337,0.0371225,0.0371222,0.0371373,0.0371209,0.037121,0.037121
0.0385285,0.0385304,0.0385218,0.0385638,0.0385215,0.0385215,0.0385407,0.0394662,0.0385214,0.0444782,0.0385389,0.0405782,0.0385214,0.0385218,0.0385245,0.0385275,0.0385382,0.104706,0.0385214,0.0385514,0.0385223,0.0387071,0.0385223,0.0385251
0.0390434,0.040281,0.0390453,0.0398678,0.0392291,0.0390555,0.0390429,0.0390452,0.0390433,0.0390449,0.0390443,0.0554892,0.0390429,0.0510878,0.0390428,0.0390496,0.0390429,0.0390566,0.039045,0.0665607,0.039091,0.0390433,0.0390443,0.0436611
0.0386017,0.0386009,0.0386019,0.0386017,0.0411727,0.0387972,0.0386015,0.0385997,0.0386025,0.0386068,0.0386011,0.0386007,0.043067,0.0386155,0.0386246,0.0385998,0.104892,0.0386059,0.0386018,0.0385998,0.0386049,0.0386003,0.0385997,0.0385999
0.0387885,0.0392831,0.0388159,0.0387886,0.0388505,0.105435,0.040385,0.0387898,0.0388205,0.0387884,0.0387884,0.0388191,0.0387886,0.0387918,0.0387934,0.0389576,0.0387926,0.0387884,0.0387884,0.0387911,0.0387891,0.0387891,0.0387886,0.0387885
0.0388238,0.039061,0.104977,0.0388259,0.0405714,0.0388348,0.0388238,0.0388238,0.0388243,0.038824,0.0388793,0.0388241,0.0388238,0.0388283,0.0388248,0.0388238,0.0388238,0.038824,0.0388267,0.038824,0.0388248,0.0388239,0.0388249,0.0388339
0.0388688,0.0388679,0.0388774,0.0388679,0.0388754,0.0388687,0.0392195,0.0388678,0.104238,0.0388678,0.038868,0.0388679,0.0388698,0.0388696,0.0388679,0.0389729,0.0388679,0.0388678,0.0392306,0.0388679,0.0388682,0.0388685,0.0398249,0.0388689
0.0391747,0.0391594,0.0391763,0.0391925,0.0391593,0.039159,0.039159,0.0391589,0.0990277,0.0391589,0.0391589,0.0391589,0.03917,0.03916,0.0391593,0.0391709,0.0391979,0.0391703,0.0391609,0.0391605,0.0391595,0.0391624,0.0393257,0.0391589
0.0380494,0.0380493,0.0380491,0.0380575,0.0380489,0.038051,0.0380489,0.0380506,0.038051,0.0380491,0.0380633,0.0381004,0.0380489,0.0595751,0.0380505,0.0380501,0.0380492,0.038056,0.0380489,0.0380585,0.0380489,0.0380527,0.0393495,0.101943
0.0387755,0.0387797,0.0387989,0.0387751,0.105399,0.0387792,0.0387816,0.0387777,0.0387756,0.0387751,0.0407472,0.0387777,0.0387876,0.0392478,0.0387752,0.0387751,0.0387751,0.0387751,0.0388724,0.0389309,0.0387839,0.0387752,0.0387847,0.0387751
0.0388129,0.038827,0.0388224,0.0392006,0.0393336,0.0388869,0.0388129,0.0388158,0.0388129,0.0388129,0.0388145,0.038816,0.0388138,0.040469,0.0388129,0.0388147,0.0388136,0.0388134,0.0423491,0.100795,0.0388405,0.0388336,0.0388676,0.0390083
0.0403273,0.0391342,0.0388273,0.0388298,0.0388274,0.0388281,0.0388272,0.0388269,0.0388273,0.0388276,0.038827,0.0388275,0.0388452,0.038827,0.0390716,0.038827,0.0388277,0.0388271,0.0388338,0.038827,0.104829,0.0388275,0.0388886,0.0388311
0.0387896,0.0387893,0.0387924,0.0387893,0.0387893,0.038793,0.0387927,0.0388069,0.0390501,0.0387893,0.0388457,0.105435,0.0387893,0.0388751,0.0388945,0.0387957,0.0387904,0.039398,0.0387999,0.0387907,0.0395812,0.0390399,0.0387893,0.038994
0.0388382,0.0392886,0.0388388,0.0388387,0.0388401,0.105528,0.0388447,0.0388429,0.0388523,0.0388382,0.0388382,0.0388739,0.0388388,0.0389863,0.0388909,0.039149,0.0388396,0.038839,0.0388392,0.0388475,0.0388601,0.0389656,0.0388426,0.0388384
0.0387063,0.0387009,0.0405906,0.0386939,0.0387159,0.105177,0.0387409,0.0387011,0.0387086,0.0388135,0.0386936,0.0386942,0.0397861,0.0386955,0.0386996,0.0388864,0.0400585,0.0387026,0.0386936,0.0386996,0.0386936,0.0387564,0.0386972,0.0386943
0.0390904,0.038914,0.0389138,0.0396621,0.038914,0.0389138,0.0389139,0.0389843,0.0389139,0.103398,0.0389139,0.0389141,0.0389139,0.0389146,0.0389574,0.0389179,0.0391225,0.0390474,0.0389319,0.0389139,0.038916,0.0390637,0.0389139,0.0389403
0.0384616,0.0384975,0.0390119,0.0384609,0.0384626,0.0384596,0.0395241,0.0384597,0.038462,0.0384595,0.0385123,0.0385308,0.051151,0.0384599,0.0384594,0.0384623,0.0384595,0.0388264,0.0384595,0.100541,0.0384752,0.03846,0.0384602,0.0384829
0.0389615,0.0389605,0.103064,0.0389775,0.0390799,0.0389651,0.0389606,0.0389605,0.0390024,0.0389605,0.0389664,0.0389605,0.0389621,0.0390073,0.0389605,0.0389779,0.0389857,0.0389607,0.0389639,0.0389608,0.0389924,0.038967,0.0394724,0.0389699
0.0387264,0.0387236,0.0387244,0.0387245,0.0387236,0.0402348,0.038724,0.0387239,0.0387241,0.0387504,0.0387239,0.0387913,0.0387236,0.038727,0.0387236,0.0519066,0.0387287,0.0387824,0.0387236,0.038729,0.0387255,0.0944101,0.0387341,0.0387905
0.0387773,0.0387745,0.0387746,0.0390644,0.0387775,0.038776,0.0387746,0.0401958,0.0387745,0.0387959,0.038775,0.0387762,0.0387761,0.0387746,0.0387761,0.039348,0.0387784,0.0390181,0.0388217,0.0387764,0.039016,0.105317,0.0387764,0.0387853
0.0388543,0.0388523,0.0389461,0.0388517,0.0394984,0.0389066,0.105433,0.0388517,0.0388519,0.0388518,0.0388571,0.0388588,0.0389135,0.0388765,0.0388598,0.0388568,0.038852,0.0388518,0.0388687,0.0388548,0.0388517,0.0388519,0.0388951,0.0388534
0.0388696,0.0388684,0.039173,0.0388694,0.0388693,0.0388711,0.0388713,0.0388683,0.105651,0.0388684,0.0388683,0.0388819,0.0388728,0.0388683,0.038869,0.0388961,0.03887,0.0388683,0.0388691,0.0388683,0.0388784,0.0388714,0.0388698,0.0388683
0.0385597,0.0385005,0.038501,0.0385055,0.0385265,0.0385068,0.0385588,0.0385004,0.0385004,0.0385013,0.0385006,0.0385004,0.10455,0.0385012,0.038501,0.0385009,0.047413,0.038505,0.0391064,0.0385005,0.0386569,0.0385033,0.0385977,0.038502
0.0384931,0.0385452,0.0385029,0.0384895,0.0384909,0.0385326,0.038489,0.0384903,0.0384891,0.0384932,0.0385325,0.0390346,0.038489,0.0388189,0.0385007,0.0384976,0.038489,0.0384902,0.0384899,0.0474307,0.0384898,0.0387299,0.0384916,0.1045
0.038927,0.0389336,0.0389271,0.0389287,0.0389289,0.0389288,0.0389275,0.0389298,0.0389376,0.0389271,0.0389717,0.038927,0.0389269,0.103207,0.0389269,0.0389271,0.038927,0.0389269,0.0389301,0.0389337,0.0389269,0.0389269,0.0390482,0.0401979
0.0388377,0.0388402,0.039181,0.0389988,0.0388473,0.0388258,0.0388256,0.0388263,0.0388256,0.0388256,0.0388274,0.0388256,0.0392797,0.0388256,0.0389073,0.0388256,0.0388749,0.0388413,0.105346,0.0388258,0.0391217,0.0388811,0.0389559,0.0388284
0.0388529,0.0387916,0.0394985,0.0387948,0.0389205,0.0387934,0.0387925,0.0387917,0.0388528,0.0389236,0.0387916,0.0387918,0.105417,0.0387925,0.0387917,0.0387916,0.0387973,0.0387917,0.0400587,0.0387926,0.0387956,0.0387917,0.0387919,0.0387918
0.038802,0.0388019,0.038889,0.0398535,0.0388019,0.0388029,0.0393373,0.0388368,0.0388274,0.0388058,0.038802,0.038802,0.0389466,0.0388019,0.038827,0.0388063,0.105466,0.0388743,0.0388036,0.0388019,0.0388021,0.0389004,0.0388047,0.0388023
0.0387405,0.0387406,0.0387408,0.0387967,0.0387487,0.0387909,0.039252,0.0421514,0.0387405,0.0387405,0.0387767,0.0387424,0.0387664,0.0387416,0.0387407,0.0387413,0.10484,0.038743,0.0387427,0.0387405,0.0387405,0.0387406,0.0387586,0.038742
0.0388631,0.0389545,0.0388617,0.0388621,0.0388703,0.0389209,0.0388735,0.038914,0.0388617,0.0388634,0.0388622,0.0388661,0.0389846,0.0388721,0.0388617,0.0388695,0.0388617,0.0388624,0.0388617,0.10559,0.0388622,0.0388618,0.0388619,0.0390772
0.0389392,0.0388616,0.0388616,0.0388648,0.0388621,0.0388664,0.0388617,0.0388644,0.0389743,0.0389078,0.0388616,0.0388666,0.0388703,0.0388623,0.0388636,0.0388972,0.0388628,0.0390221,0.0388649,0.0388655,0.0388633,0.105629,0.0389456,0.0388616
0.0387628,0.0387264,0.0387264,0.0388466,0.0387263,0.0387307,0.0387317,0.0387524,0.0387263,0.103105,0.0387263,0.0387272,0.0387264,0.0387437,0.0387287,0.0387621,0.0387338,0.0390308,0.0387264,0.0387266,0.0387263,0.0388404,0.0387269,0.0442395
0.0388757,0.0388998,0.038883,0.038954,0.0388705,0.0388832,0.0388704,0.0388703,0.0388728,0.0388742,0.0388703,0.0388743,0.0388715,0.0388703,0.0389004,0.0388751,0.0388763,0.0388754,0.0388732,0.0388719,0.105623,0.0389892,0.0389052,0.0388703
0.0388743,0.0388843,0.0388743,0.0388743,0.0388786,0.038962,0.0388743,0.0389311,0.0388798,0.0388756,0.0393961,0.104227,0.0388771,0.0388744,0.0395159,0.0388743,0.0389465,0.0388746,0.0388836,0.0388749,0.0388748,0.0389979,0.0389975,0.0388769
0.0389668,0.0388742,0.0388748,0.0388783,0.0388744,0.0388766,0.0388742,0.0388741,0.0388769,0.0388742,0.0388792,0.0388751,0.0389234,0.038933,0.0388741,0.0388752,0.0388769,0.0388743,0.0388791,0.038876,0.0388904,0.0388765,0.105601,0.038921
0.105306,0.0388768,0.0388775,0.0389205,0.0388779,0.0388768,0.0388803,0.0388767,0.0389168,0.0388826,0.0388768,0.0388767,0.0390059,0.0388771,0.0388774,0.038892,0.0388833,0.0388868,0.0388772,0.0388768,0.0388808,0.0388939,0.0391262,0.0388768
0.0388128,0.0388243,0.0388065,0.0388038,0.0391736,0.039081,0.0388042,0.0388045,0.0388037,0.0388049,0.0388044,0.0390929,0.105086,0.0388047,0.038804,0.0388037,0.0388861,0.0388038,0.0398806,0.0388539,0.0388159,0.0389244,0.0389162,0.0388037
0.0388322,0.0388336,0.0388324,0.0388322,0.0388382,0.0388529,0.0388323,0.105543,0.0388327,0.0388366,0.0392633,0.0388335,0.0388322,0.0388323,0.0388323,0.0388388,0.0390454,0.0388473,0.0392196,0.0388499,0.0388324,0.0390426,0.0388327,0.0388321
0.0392592,0.0388312,0.038836,0.0389963,0.0388318,0.0388312,0.0388312,0.0388313,0.0390704,0.0389769,0.039316,0.038832,0.0388341,0.0388333,0.0388313,0.0388684,0.0391629,0.10436,0.0391331,0.0389034,0.0388419,0.0389257,0.0388318,0.0390298
0.0400232,0.0400233,0.0401809,0.0400232,0.0790565,0.0401315,0.0400305,0.0400232,0.0400767,0.0400237,0.0400411,0.0400232,0.0400232,0.0400232,0.0400233,0.0400302,0.0400283,0.0400233,0.0400715,0.0400245,0.0400234,0.0400232,0.0400232,0.0400258
0.0389054,0.0388767,0.0388508,0.0388517,0.0389014,0.102277,0.0392228,0.040827,0.0389059,0.0388564,0.0388508,0.038859,0.0388743,0.0388523,0.0388511,0.0400868,0.0388537,0.0388539,0.0388508,0.0391872,0.0388508,0.0388526,0.0388509,0.0388508
0.0387872,0.0387892,0.0387946,0.0387872,0.0387874,0.105419,0.0395305,0.0387887,0.0387968,0.038788,0.0387874,0.0393061,0.0387944,0.0388871,0.0387876,0.0388746,0.0387892,0.0387873,0.0387872,0.0387872,0.0387872,0.0388057,0.0397635,0.0387874
0.0388341,0.0388632,0.038834,0.0388414,0.0388687,0.105384,0.0389155,0.039837,0.0388343,0.0388394,0.038835,0.0388458,0.0388373,0.0388398,0.0388378,0.0388387,0.0388369,0.0388347,0.038834,0.0388341,0.0388358,0.0390655,0.0388392,0.038834
0.0396537,0.0396567,0.0396507,0.0396981,0.0396519,0.0396514,0.0396516,0.0396515,0.0396507,0.039669,0.0396508,0.0396508,0.0396511,0.0396508,0.039651,0.0397254,0.0396521,0.087848,0.0396508,0.0396549,0.0396528,0.0396528,0.0396543,0.039669
0.0388783,0.0388767,0.0388768,0.0388773,0.0388767,0.0388774,0.038877,0.0388767,0.0390637,0.0388767,0.0388776,0.0388773,0.0388767,0.0388774,0.0388773,0.105583,0.0388873,0.0388772,0.0388768,0.0388775,0.0388841,0.0388772,0.03889,0.038903
0.0411564,0.0411753,0.0414243,0.0411578,0.0518598,0.0411778,0.0411718,0.0411565,0.0411574,0.0411609,0.0411587,0.0411624,0.0411584,0.0411809,0.0411563,0.0411564,0.0411578,0.0411563,0.0422884,0.0411732,0.0411573,0.0411563,0.0411694,0.0411701
0.0393647,0.0392728,0.0392822,0.0392715,0.0393393,0.0393205,0.0393077,0.0392715,0.0958816,0.0392715,0.0392715,0.0392774,0.0392935,0.0392715,0.0392727,0.0395515,0.0392833,0.0392722,0.0392715,0.0392735,0.0394351,0.0392897,0.0392736,0.0393798
0.038786,0.0388055,0.0387965,0.038786,0.0387873,0.105428,0.039481,0.0388257,0.0387888,0.0388552,0.0387854,0.0387877,0.0387897,0.0387863,0.0387857,0.0396572,0.038898,0.0387863,0.0387855,0.0387922,0.0387856,0.0394484,0.0387861,0.0387856
0.0388728,0.0389167,0.0388731,0.105538,0.0388716,0.0388729,0.0388716,0.0388715,0.0388716,0.0388742,0.0388758,0.038872,0.0388719,0.038925,0.0388715,0.0388717,0.0388729,0.0388716,0.0388719,0.0388724,0.038872,0.0388717,0.0391461,0.0388999
0.0388829,0.0388743,0.0388739,0.0389783,0.0388736,0.0388741,0.0388737,0.0388735,0.0388753,0.0388745,0.0388735,0.0388764,0.0388738,0.0388735,0.0389365,0.0388742,0.0390084,0.0388775,0.0389121,0.0388735,0.105538,0.0388808,0.0388738,0.0388736
0.0388555,0.0388555,0.0388555,0.0389841,0.0388729,0.0388555,0.0388555,0.0388646,0.0388858,0.0388609,0.0388835,0.0388555,0.0388555,0.0388555,0.039782,0.0388571,0.104967,0.0388591,0.0388638,0.0388555,0.0390486,0.0388555,0.0388571,0.038859
0.0389297,0.0389303,0.0389296,0.0389296,0.0389296,0.0389298,0.03893,0.0392239,0.0389298,0.0389298,0.038934,0.0403558,0.0389297,0.0392801,0.0389806,0.0389301,0.0389296,0.0389306,0.0389296,0.0389944,0.0389299,0.03893,0.0389598,0.102394
0.0387452,0.0388634,0.038944,0.03918,0.0387412,0.0387787,0.0388324,0.0387428,0.0387412,0.0387412,0.0387426,0.0387619,0.0387419,0.105239,0.0387413,0.0387423,0.0387423,0.0388125,0.0387412,0.0388247,0.0387424,0.0387419,0.0391028,0.0410128
0.0388585,0.0388586,0.038859,0.0388608,0.0388586,0.0388882,0.0388676,0.0388758,0.0388646,0.0388591,0.0388668,0.0388606,0.0388659,0.0388585,0.038867,0.0388587,0.105482,0.0388586,0.0395302,0.0388585,0.0388625,0.0388585,0.0388629,0.0388585
0.0438382,0.0386591,0.0386654,0.0387728,0.0386553,0.0386547,0.0386546,0.0386554,0.0386811,0.0388426,0.0386653,0.0386548,0.0386555,0.0386583,0.0386546,0.0387029,0.038664,0.102761,0.0386593,0.0395148,0.0389851,0.0387098,0.0386548,0.0399802
0.0389569,0.100392,0.0389809,0.0424221,0.0389627,0.03896,0.0389577,0.0389563,0.0389565,0.0389581,0.0389593,0.0389566,0.0389563,0.0389571,0.0389563,0.0389608,0.0389563,0.0389563,0.0389565,0.0389982,0.0389586,0.038957,0.0389563,0.039011
0.0390298,0.0390312,0.0390333,0.0390298,0.0390323,0.039039,0.0390298,0.0390299,0.0390332,0.0390306,0.0390306,0.102164,0.0391042,0.0390299,0.039031,0.0390298,0.0390298,0.0390298,0.0390307,0.0390776,0.0390337,0.0390304,0.03903,0.0390303
