0.0393979,0.0393997,0.0393995,0.0393979,0.039398,0.0393983,0.0393979,0.039404,0.0395279,0.0395223,0.0447985,0.0399066,0.0393979,0.0393979,0.0871421,0.039398,0.0397997,0.0394029,0.039398,0.0393979,0.0395131,0.0394068,0.0393987,0.0393984
0.0425086,0.0386877,0.0390032,0.038688,0.0386878,0.0386877,0.0386895,0.0386877,0.0386928,0.0387205,0.0386924,0.0386888,0.0392233,0.0386877,0.0388903,0.0386877,0.0386898,0.0386877,0.0386921,0.0386877,0.103485,0.038882,0.0402636,0.0386877
0.0366797,0.037016,0.0368546,0.0635259,0.0366842,0.036675,0.0366729,0.0366746,0.036673,0.036673,0.036673,0.0366729,0.0366729,0.0987728,0.0366729,0.0366788,0.0366729,0.0366881,0.0366757,0.0665537,0.0366729,0.0366729,0.0366834,0.0371082
0.0394879,0.0394878,0.0394906,0.0394878,0.0395247,0.0394904,0.0396511,0.0394879,0.0906133,0.0394878,0.0394894,0.0394885,0.0395929,0.0394878,0.0395062,0.0396774,0.0396536,0.0394902,0.039488,0.0394895,0.0395239,0.0394916,0.0399239,0.0394878
0.0373243,0.0373244,0.037329,0.0373243,0.0373255,0.0375441,0.0744004,0.0373244,0.0381614,0.0373255,0.0373243,0.0373275,0.0373244,0.0373245,0.0373245,0.101335,0.0373265,0.0373543,0.0373243,0.039275,0.037331,0.0373801,0.0373353,0.0373295
0.0379625,0.0378922,0.0378916,0.0487148,0.0378908,0.0378908,0.0378908,0.0379565,0.0378928,0.0380504,0.0380361,0.0378908,0.0378908,0.0379079,0.0378908,0.0384302,0.037906,0.102629,0.0378908,0.0381118,0.0378908,0.0379388,0.0514404,0.0381127
0.0384019,0.0383477,0.04191,0.0383477,0.0441199,0.0383479,0.0383675,0.0383477,0.0386138,0.0383477,0.0384818,0.0383498,0.103809,0.0383482,0.0383548,0.0383477,0.038348,0.0383477,0.0419923,0.0383478,0.0390188,0.0383486,0.038406,0.0383477
0.0387646,0.0387648,0.0392709,0.0387686,0.0388196,0.0387644,0.0387643,0.0388215,0.0387708,0.0387645,0.105014,0.0387648,0.0387662,0.0387644,0.0399861,0.0387643,0.0392077,0.0387699,0.0398431,0.0387644,0.0387644,0.0387645,0.0387873,0.0387644
0.0385815,0.0392535,0.0385838,0.0385816,0.0385815,0.0386489,0.0385815,0.0386083,0.0385878,0.0388988,0.0385827,0.0976848,0.0385815,0.0385823,0.0387114,0.0385863,0.0385815,0.0386337,0.0385815,0.0385915,0.0385826,0.0395346,0.0385815,0.0512771
0.0387066,0.038694,0.0395496,0.0387286,0.0387603,0.038695,0.0387654,0.0387002,0.038694,0.0386942,0.0390064,0.038694,0.0422433,0.0386951,0.0387137,0.038694,0.0387239,0.038694,0.105062,0.038694,0.0386943,0.0386955,0.0387081,0.038694
0.0386907,0.0386909,0.0387112,0.0386908,0.0387284,0.038935,0.0507029,0.0386911,0.0391082,0.0386909,0.0386907,0.0386927,0.038691,0.0386995,0.0386907,0.0944427,0.0386909,0.0386971,0.0386907,0.0416014,0.0386918,0.0386943,0.0386937,0.0386927
0.0406575,0.0382739,0.0393476,0.0382739,0.038274,0.0382741,0.0382842,0.0382739,0.038288,0.0382747,0.038274,0.0382824,0.0447317,0.0382739,0.0383361,0.0382758,0.038274,0.0382739,0.0382778,0.0382739,0.102298,0.0449721,0.0389604,0.0382739
0.038196,0.0381956,0.0381957,0.0382003,0.0382015,0.0381965,0.0862358,0.0385395,0.038197,0.0382367,0.0381971,0.0381956,0.0382115,0.0381957,0.0382052,0.0381975,0.0721313,0.0381984,0.0387891,0.0381957,0.038196,0.0381957,0.038501,0.0381956
0.0592737,0.0369617,0.0379181,0.0369684,0.0369617,0.0369617,0.0369624,0.0369617,0.0369896,0.0369691,0.0369744,0.0369618,0.0369913,0.0369618,0.0369639,0.0369749,0.0369684,0.0369748,0.0369618,0.0369618,0.0653871,0.0370293,0.0979987,0.0369618
0.0379827,0.0557334,0.0379828,0.0379838,0.038006,0.0445473,0.0379853,0.101594,0.037983,0.0382853,0.0379833,0.0380635,0.0379827,0.037983,0.0380054,0.0379833,0.0380079,0.0379891,0.0379835,0.0379992,0.0379827,0.0379835,0.0379827,0.0379862
0.0555828,0.0379872,0.0391006,0.0379873,0.0379872,0.0379872,0.0379876,0.0379872,0.0380253,0.0380027,0.0379952,0.0380073,0.0380974,0.0379872,0.0380959,0.0379886,0.0379873,0.0379876,0.0379873,0.0379873,0.102132,0.0383072,0.0428148,0.0379899
0.038708,0.0386786,0.0387039,0.0386802,0.0386879,0.0386786,0.0391114,0.0386819,0.0386786,0.038682,0.0393976,0.0386786,0.0405856,0.0386786,0.0396392,0.0386786,0.0406159,0.0386786,0.104304,0.0386786,0.0386834,0.038683,0.0387283,0.0386786
0.038852,0.0388519,0.0391031,0.038852,0.0435509,0.0388565,0.100438,0.038852,0.039261,0.0388519,0.038852,0.0388519,0.039117,0.0388521,0.0388521,0.0389932,0.0389468,0.038852,0.0388929,0.0388578,0.0388569,0.0388519,0.0389017,0.0388519
0.0386409,0.0390104,0.0386409,0.0410633,0.0386432,0.0387438,0.0386438,0.104724,0.0386409,0.0407829,0.0386919,0.0386409,0.0386409,0.0386492,0.0386429,0.0386409,0.0388466,0.0387271,0.0397793,0.0386413,0.0386409,0.0386418,0.0386409,0.038641
0.0387388,0.0387385,0.0387387,0.038744,0.038739,0.0387385,0.038976,0.0387698,0.0387504,0.0387892,0.0392885,0.0387384,0.0387447,0.0387384,0.0390936,0.0387386,0.104563,0.0387435,0.038789,0.0387384,0.0387525,0.0387385,0.0418717,0.0387384
0.0499531,0.0383401,0.0383425,0.0400751,0.0383404,0.0383401,0.0383581,0.0383402,0.038356,0.0383407,0.038375,0.0383401,0.0386817,0.0383679,0.0383402,0.0383503,0.0384371,0.0385381,0.038352,0.0383414,0.0383422,0.0383405,0.104067,0.0383402
0.0378431,0.0378432,0.0379852,0.0378431,0.0586421,0.0378717,0.0380146,0.0378436,0.101384,0.0378431,0.0378821,0.0384225,0.0380202,0.0378431,0.0438798,0.0378465,0.0379706,0.0378432,0.0378436,0.0378443,0.0379603,0.0378433,0.0378433,0.0378431
0.0388857,0.0382916,0.0382922,0.0385773,0.0382922,0.0382916,0.0383284,0.0383246,0.0382916,0.0383445,0.0523499,0.0382916,0.0384115,0.0382918,0.0383796,0.0382916,0.0415781,0.0383108,0.0901436,0.0382916,0.0382918,0.0382944,0.0488624,0.0382916
0.0387205,0.0387068,0.0389265,0.0387068,0.0399556,0.0387074,0.0394133,0.0387068,0.0389301,0.0387068,0.0387117,0.0387069,0.104843,0.0387069,0.0387149,0.038707,0.0387564,0.0387068,0.0399416,0.0387069,0.0391868,0.0387072,0.0394168,0.0387068
0.0380317,0.0380364,0.0380525,0.0380317,0.0380317,0.0386462,0.0380348,0.0380319,0.0380355,0.0383731,0.0380317,0.0991344,0.0380317,0.0380317,0.0386945,0.0380487,0.0380317,0.0380321,0.0380317,0.0380319,0.0385304,0.0619723,0.0380317,0.0380596
0.0373921,0.0371097,0.0369686,0.0851202,0.0369684,0.0369684,0.0369747,0.0370834,0.0369684,0.100171,0.0369736,0.0369684,0.0369684,0.0369729,0.0369693,0.0369684,0.0369693,0.0375136,0.0369783,0.0369684,0.0369687,0.0369846,0.037007,0.0370642
0.0378764,0.0378764,0.0380492,0.0378764,0.0498553,0.0432707,0.101275,0.0378767,0.0460206,0.0378764,0.0378764,0.0378873,0.0387898,0.0378764,0.037891,0.0386945,0.037941,0.0378764,0.0378811,0.0378837,0.0379188,0.0378777,0.0378766,0.0378764
0.0388434,0.0386383,0.038639,0.0386861,0.0386383,0.0386383,0.10371,0.0386396,0.0386383,0.0442988,0.0386383,0.0386383,0.0386399,0.0386383,0.0386437,0.0386611,0.0389509,0.0386504,0.0387003,0.0386383,0.0386477,0.0386444,0.0398995,0.0386383
0.0386424,0.10411,0.0386447,0.0386493,0.0386437,0.0400329,0.0386427,0.039171,0.0386426,0.0394703,0.0386424,0.0411337,0.0386424,0.0386503,0.0386433,0.0386511,0.0386424,0.0386474,0.0386424,0.0387607,0.038643,0.0386435,0.0386424,0.0403651
0.0973326,0.0366384,0.0366716,0.0398883,0.0366384,0.0366384,0.0366384,0.0366384,0.0366384,0.0377996,0.038942,0.0366388,0.0366418,0.0366396,0.0366438,0.0366384,0.0366386,0.0367507,0.036641,0.0366384,0.0366849,0.0370197,0.0892163,0.0367431
0.0385218,0.0386346,0.0385259,0.0385248,0.0385209,0.0385251,0.0385209,0.0385244,0.0385209,0.0386704,0.0385209,0.0436927,0.0385208,0.0385728,0.038521,0.0388819,0.0385208,0.0388664,0.0385209,0.0397194,0.0385212,0.0406719,0.0385209,0.104459
0.0394046,0.0386294,0.0387709,0.039038,0.0386299,0.0386293,0.0386293,0.0386296,0.0386296,0.0386333,0.104767,0.0386293,0.038634,0.0386296,0.0386675,0.0386293,0.0386759,0.0386684,0.039332,0.0386293,0.0386312,0.0386295,0.043222,0.0386313
0.0387178,0.0387128,0.0397006,0.0390984,0.0393767,0.0387133,0.038714,0.0387162,0.0387126,0.0387127,0.0402439,0.0387126,0.0395737,0.0387558,0.0387137,0.0387126,0.0387217,0.0387126,0.105106,0.0387126,0.0387127,0.0387126,0.0387219,0.0387126
0.0386568,0.0421284,0.0386569,0.0386909,0.0386688,0.0409162,0.0386574,0.104485,0.0386568,0.0389605,0.0386706,0.0386613,0.0386568,0.0386579,0.0386763,0.0386568,0.0387324,0.0386635,0.038861,0.0386574,0.0386568,0.0386578,0.0386568,0.038657
0.0369225,0.0370368,0.0369708,0.0369249,0.0369238,0.0397725,0.0369233,0.0369376,0.0369382,0.0369225,0.0369225,0.0369718,0.0369225,0.0383356,0.0369225,0.0826653,0.0369225,0.0372649,0.0369225,0.0993132,0.0369225,0.0369823,0.0369227,0.0377366
0.0376199,0.0376189,0.0376199,0.0376403,0.0377214,0.0376189,0.0376196,0.0382286,0.0376192,0.0376234,0.100354,0.0376189,0.0376294,0.0376189,0.039743,0.0376189,0.0388965,0.0376219,0.0678184,0.0376189,0.0376189,0.0376189,0.0376745,0.0376189
0.0367291,0.0367563,0.0382753,0.0917851,0.0366956,0.0366972,0.0366946,0.036695,0.0366946,0.0366948,0.0366948,0.0366946,0.0366949,0.0982223,0.0366946,0.0366972,0.0366946,0.0367055,0.0367072,0.0376273,0.0366946,0.0366949,0.0367598,0.0367004
0.0372184,0.0372198,0.0372424,0.0372184,0.0372217,0.0372913,0.0372578,0.0372187,0.048877,0.0372186,0.0372184,0.0372925,0.0372184,0.0372189,0.0372186,0.100889,0.0372188,0.037794,0.0372184,0.06759,0.0372259,0.0372891,0.0372257,0.0373983
0.0384942,0.038535,0.0385247,0.0384943,0.0384991,0.0494935,0.0384944,0.038499,0.0385747,0.038495,0.0384943,0.10213,0.0384943,0.0385069,0.0385045,0.0385189,0.0384942,0.0384949,0.0384942,0.0385705,0.0384947,0.0396096,0.0384942,0.0385951
0.0373133,0.0372891,0.0373093,0.0777531,0.0372005,0.0372007,0.0371998,0.0372,0.0371995,0.0372003,0.0371996,0.0371997,0.0371997,0.100293,0.0371995,0.0372022,0.0371995,0.0372142,0.0372023,0.0385246,0.0371995,0.0372004,0.0372225,0.039078
0.0386771,0.039473,0.0386789,0.0386771,0.0386771,0.0387021,0.0386772,0.0386772,0.0387382,0.0389987,0.0386771,0.103155,0.0386771,0.0386772,0.0387264,0.0387109,0.0386771,0.0386776,0.0386771,0.0386818,0.0396148,0.0387304,0.0386771,0.0436644
0.0381984,0.0382055,0.0381987,0.0381984,0.038243,0.0392444,0.0381988,0.0382348,0.0517393,0.0381987,0.0381994,0.10318,0.0381986,0.0381984,0.0416621,0.0382032,0.0381989,0.0381985,0.0381984,0.0382087,0.0382286,0.0382538,0.0381984,0.0382135
0.0387884,0.038797,0.038784,0.0388026,0.038784,0.0387845,0.0391486,0.0388093,0.038784,0.105347,0.038784,0.0387925,0.038784,0.038784,0.0391147,0.0388347,0.0387914,0.0390719,0.038784,0.038784,0.0388124,0.0402283,0.0387861,0.0388187
0.037736,0.037736,0.037736,0.037736,0.0377581,0.0377363,0.037754,0.0378828,0.0391077,0.0377448,0.0521141,0.0378003,0.0377428,0.037736,0.102365,0.037736,0.0514115,0.0377366,0.0377437,0.037736,0.0377384,0.0377383,0.0377379,0.037736
0.038254,0.0382313,0.0384608,0.0382394,0.0401779,0.0382313,0.0382314,0.0382316,0.0383582,0.0382313,0.1032,0.0382313,0.0405712,0.0382335,0.0382344,0.0382313,0.0383909,0.0382326,0.0481259,0.0382314,0.0382317,0.0382314,0.0409758,0.0382314
0.0586405,0.0368395,0.0368518,0.0368398,0.0368395,0.0368395,0.0368584,0.0368395,0.0368487,0.0372184,0.0368397,0.0368411,0.0368569,0.0368395,0.0369463,0.0368808,0.0368416,0.0368435,0.0368395,0.0368395,0.0930597,0.0386553,0.0722616,0.0368398
0.0371165,0.0371165,0.0371164,0.0371164,0.0371182,0.0371164,0.0371287,0.0371342,0.0372694,0.0372106,0.0444376,0.0371169,0.0371187,0.0371164,0.080562,0.0371166,0.0951519,0.0371188,0.0371214,0.0371164,0.0371627,0.0371166,0.0371843,0.0371164
0.0388874,0.038886,0.0389141,0.038886,0.0397649,0.0388863,0.0389654,0.038886,0.0453871,0.038886,0.0389055,0.0388876,0.0958618,0.038886,0.0389277,0.0388863,0.03917,0.038886,0.0389089,0.0388861,0.040534,0.0388862,0.0391384,0.038886
0.0388493,0.0388486,0.10545,0.0388575,0.039003,0.038852,0.0388536,0.0388484,0.0388766,0.0388484,0.0388559,0.0388484,0.0392585,0.038859,0.0388484,0.03885,0.0388523,0.0388484,0.0390873,0.0388651,0.0388634,0.0388487,0.0389785,0.0388484
0.0374062,0.0405157,0.0374161,0.0374112,0.0375133,0.0990404,0.037417,0.0745342,0.0374063,0.0374076,0.0374063,0.0374183,0.0374063,0.0374526,0.0374066,0.0374065,0.037407,0.0374063,0.0375709,0.0374208,0.0374063,0.0374115,0.0374062,0.0374063
0.0387127,0.0387127,0.03872,0.0387127,0.0388876,0.0387131,0.0387206,0.0387151,0.0414462,0.0387135,0.0424619,0.039478,0.0387204,0.0387127,0.10201,0.0387128,0.0388097,0.0387128,0.038715,0.0387127,0.0387599,0.0387141,0.0387129,0.0387129
0.0386108,0.0386077,0.0386063,0.0386063,0.0386062,0.0386144,0.0386532,0.0386064,0.0386062,0.0918877,0.0386062,0.0391295,0.0386062,0.0386062,0.0393851,0.0386255,0.0386067,0.0386077,0.0386062,0.0386062,0.0454336,0.0505509,0.0386068,0.0386181
0.038435,0.0391088,0.0385249,0.0384499,0.0384328,0.0384332,0.0384326,0.0384334,0.0384328,0.03844,0.0384347,0.0401455,0.0384326,0.0389077,0.0384326,0.0385223,0.0384326,0.0387231,0.0384326,0.0466495,0.0384332,0.0385067,0.0384327,0.104391
0.0366354,0.0447611,0.0393746,0.0402981,0.0366396,0.036664,0.0366347,0.0366364,0.0366348,0.0366348,0.0366348,0.0366374,0.0366347,0.0911943,0.0366347,0.0366463,0.0366347,0.0366418,0.0366352,0.0862923,0.0366347,0.0366356,0.0366349,0.0385953
0.0387666,0.0388361,0.0387658,0.0388445,0.0387658,0.0387661,0.0387722,0.039019,0.0387658,0.105302,0.0387663,0.0387761,0.0387658,0.0387658,0.0395208,0.0387761,0.0387987,0.0401215,0.0387658,0.0387658,0.03877,0.0392511,0.0387667,0.0387858
0.0386242,0.0386244,0.0386261,0.0386242,0.0386243,0.0386525,0.0386395,0.038636,0.0386277,0.0399454,0.0386431,0.0421155,0.0386244,0.0386242,0.104823,0.0386242,0.0387589,0.0386242,0.0386257,0.0386242,0.0396333,0.0394069,0.0386242,0.0386242
0.0373453,0.0373453,0.0373453,0.0373453,0.0373457,0.0373468,0.0379574,0.0374386,0.037718,0.0373748,0.0373912,0.0373455,0.0373472,0.0373453,0.0757739,0.0373554,0.101245,0.0373545,0.0373464,0.0373453,0.0373605,0.0373468,0.0375356,0.0373453
0.0387708,0.0387949,0.0387708,0.0388242,0.0387757,0.0391023,0.0387747,0.105147,0.0387708,0.0389284,0.0389583,0.0387709,0.0387708,0.0387713,0.0387956,0.0387708,0.0398954,0.0388591,0.0398812,0.0387712,0.0387708,0.0387829,0.0387708,0.0387708
0.0382868,0.0382831,0.0385664,0.0382853,0.0394514,0.0382843,0.0393103,0.0382839,0.0382831,0.0382831,0.0383026,0.0382831,0.0517881,0.0382842,0.0382841,0.0382831,0.038357,0.0382831,0.103381,0.0382831,0.0382847,0.0382832,0.0383025,0.0382831
0.0383853,0.0383857,0.0383867,0.0383854,0.0383854,0.038455,0.0384022,0.0383934,0.0393231,0.0383872,0.0383853,0.0383886,0.0383853,0.0383857,0.0383856,0.103868,0.0383974,0.0461418,0.0383853,0.0425373,0.0383857,0.0386517,0.0384144,0.0383993
0.0387849,0.038446,0.0384469,0.0384461,0.038446,0.0384486,0.0384683,0.0384461,0.0384486,0.0389574,0.0384461,0.0385925,0.038448,0.0384461,0.0386029,0.0386302,0.0384461,0.0384622,0.0384461,0.0384461,0.0490193,0.10369,0.0385367,0.0384485
0.0391513,0.0387688,0.03877,0.0387712,0.0387688,0.0387693,0.0387702,0.0387692,0.0387688,0.0407324,0.0387696,0.0387752,0.0387692,0.0387688,0.0394913,0.0387755,0.0387703,0.0390305,0.0387697,0.0387688,0.0388066,0.104547,0.039148,0.0387693
0.0380585,0.03806,0.0402017,0.0380595,0.102391,0.0380701,0.0380585,0.0380595,0.0551651,0.0380585,0.039762,0.0380589,0.0386825,0.0382389,0.0380586,0.0380586,0.0380661,0.0380586,0.0384677,0.0381289,0.0380588,0.0380585,0.0380608,0.0380585
0.0380332,0.0380318,0.0384555,0.0380318,0.0515696,0.0380356,0.0380893,0.0380318,0.0452912,0.0380318,0.0380706,0.0380318,0.102141,0.0380335,0.0380321,0.038032,0.0380803,0.0380318,0.039167,0.0380361,0.0380419,0.0380321,0.038637,0.0380318
0.0385683,0.0437182,0.0385809,0.0385848,0.038568,0.0385883,0.0385682,0.0385685,0.038568,0.0387006,0.038568,0.0412093,0.0385679,0.0390791,0.038568,0.0390099,0.0385679,0.0385794,0.0385679,0.0392019,0.0385691,0.0385913,0.038568,0.103338
0.0378888,0.0378885,0.0392609,0.0378885,0.0379117,0.0378908,0.0379156,0.0378885,0.101766,0.0378885,0.0378886,0.0378923,0.0381591,0.0378887,0.0378889,0.0581201,0.0379122,0.0378895,0.0378885,0.0379362,0.0388988,0.0378927,0.0416685,0.0378885
0.0402185,0.0387503,0.038875,0.038755,0.0387502,0.0387523,0.0387503,0.0387502,0.0387502,0.0396614,0.0387504,0.0391962,0.0387508,0.0387504,0.0388128,0.0387514,0.0387502,0.0387568,0.0387521,0.0387502,0.039196,0.105131,0.0387557,0.0388825
0.0377723,0.0498792,0.0377676,0.101845,0.0377648,0.0377648,0.0377648,0.0382062,0.0377648,0.0535969,0.0378743,0.0377648,0.0377648,0.0382011,0.0377648,0.0377648,0.0377665,0.0383207,0.0377803,0.0377649,0.0377648,0.037765,0.0377844,0.0377928
0.0388304,0.0389168,0.0387678,0.0413841,0.0387676,0.0387676,0.0387781,0.0387968,0.0387676,0.105253,0.0387699,0.0387684,0.0387676,0.0387678,0.0388275,0.0387677,0.0387682,0.0388451,0.0387688,0.0387676,0.0387706,0.0388065,0.0387722,0.0388027
0.038387,0.038387,0.0384201,0.038387,0.0424209,0.0383951,0.0441388,0.038387,0.101851,0.038387,0.0383885,0.0383873,0.0426779,0.038387,0.0384239,0.0385118,0.0391469,0.038387,0.0383879,0.0383893,0.0384037,0.0383872,0.0385742,0.038387
0.0388133,0.0387967,0.105179,0.0388316,0.0391003,0.0387965,0.0388033,0.0387964,0.0388019,0.0387964,0.0390217,0.0387965,0.0397017,0.0388194,0.0387965,0.0387965,0.0387969,0.0387965,0.0395477,0.0388016,0.0388056,0.0387965,0.0390108,0.0387965
0.0384624,0.101468,0.038788,0.0384678,0.0384636,0.0410512,0.0384624,0.0384852,0.0384625,0.0384855,0.0384624,0.0488897,0.0384624,0.0384737,0.0384629,0.0384642,0.0384624,0.0384627,0.0384624,0.038509,0.038463,0.0384646,0.0384624,0.0389018
0.0383877,0.0380545,0.0380479,0.0536068,0.0380478,0.0380478,0.0380543,0.0380752,0.0380478,0.101481,0.0380489,0.0380478,0.0380478,0.0380483,0.0380489,0.0380526,0.0380566,0.0443071,0.0380482,0.0380478,0.0380491,0.0386062,0.0386843,0.0380556
0.0371871,0.0371874,0.0414028,0.0371876,0.0984584,0.0372097,0.0371882,0.0371911,0.0372067,0.0371871,0.0375247,0.0371878,0.0403082,0.0372965,0.0371872,0.0371871,0.0371873,0.0371871,0.0755636,0.0372158,0.0371872,0.0371871,0.0371872,0.0371871
0.0386936,0.0385725,0.03857,0.0387828,0.0385588,0.0385587,0.0385586,0.0385591,0.0385587,0.0385722,0.0385628,0.0387016,0.0385586,0.0450757,0.0385586,0.0385714,0.0385586,0.0388133,0.0385589,0.0396845,0.0385588,0.0386635,0.0385615,0.104587
0.0386604,0.0386641,0.104883,0.0386634,0.0439794,0.0386647,0.0386605,0.0386602,0.0386981,0.0386602,0.038683,0.038662,0.0389279,0.0387556,0.0386602,0.0386603,0.0386602,0.0386602,0.038797,0.0386814,0.0386747,0.0386602,0.0386632,0.0386602
0.0387506,0.0387061,0.0387422,0.0389692,0.0387146,0.038706,0.038706,0.0387269,0.0387068,0.0387074,0.105092,0.038706,0.0387074,0.0387064,0.0387386,0.038706,0.038837,0.0389025,0.0409377,0.038706,0.038706,0.038706,0.0404054,0.038707
0.048519,0.0384264,0.0384687,0.038428,0.0384264,0.0384266,0.0384266,0.0384264,0.0384265,0.0386305,0.0384267,0.0384655,0.0384294,0.0384265,0.038459,0.0384507,0.0384265,0.0385534,0.0384274,0.0384265,0.0392167,0.104368,0.0388746,0.0384437
0.0380473,0.0392983,0.0380816,0.0380702,0.0386287,0.0381866,0.0380479,0.0380568,0.0380504,0.0380473,0.0380473,0.0380572,0.0380474,0.0783316,0.0380473,0.0380611,0.0380473,0.0380477,0.0380477,0.0815555,0.0380473,0.0380473,0.0380473,0.0390529
0.0371748,0.0375599,0.0374521,0.0371843,0.0437231,0.0417331,0.037176,0.0372316,0.0371912,0.0371748,0.0371748,0.0371753,0.0371752,0.0717858,0.0371748,0.0371972,0.0371748,0.0371757,0.0371802,0.0984835,0.0371748,0.0371749,0.0371748,0.0371776
0.0374156,0.037686,0.0812466,0.0374157,0.0938594,0.0379504,0.0374157,0.0374158,0.0374465,0.0374156,0.0374314,0.0377577,0.0374709,0.0374639,0.0374158,0.0374156,0.0374156,0.0374156,0.0378397,0.0374345,0.0374246,0.0374156,0.0374156,0.037416
0.0370561,0.0373338,0.0371901,0.0705857,0.0370651,0.037069,0.0370544,0.0370577,0.0370541,0.037054,0.0370539,0.0370539,0.037054,0.0999829,0.0370539,0.0370721,0.0370539,0.0370697,0.0370574,0.0507427,0.0370539,0.037054,0.0370654,0.037112
0.0365447,0.0365469,0.0368708,0.0365459,0.0365622,0.0365623,0.036545,0.0365446,0.037779,0.0365445,0.0365445,0.036546,0.0365445,0.0377997,0.0365445,0.093685,0.0365445,0.0378702,0.0365445,0.0972345,0.0365462,0.0365522,0.0365719,0.0374261
0.0388861,0.0388133,0.0388041,0.0388319,0.0388041,0.0388041,0.0388098,0.03884,0.0388041,0.105334,0.0388176,0.0388171,0.0388041,0.0388041,0.0398558,0.0388042,0.0388053,0.039177,0.0388041,0.0388041,0.0388387,0.0390326,0.0388134,0.0390907
0.0352711,0.0698984,0.0353815,0.0908585,0.035266,0.0352694,0.035266,0.0352693,0.0352659,0.0353265,0.0352661,0.0352682,0.0352659,0.0936515,0.0352659,0.0352664,0.0352659,0.0352852,0.0352667,0.0357546,0.035266,0.0352663,0.0352666,0.039572
0.0376281,0.0377935,0.0376301,0.0377391,0.0379475,0.0376397,0.0376283,0.0995236,0.0376281,0.0376303,0.0490939,0.0376281,0.0376281,0.0376313,0.0376329,0.0376281,0.038221,0.0376426,0.059964,0.0376292,0.0376281,0.0376281,0.0376281,0.0376283
0.0377022,0.0379454,0.037692,0.0383697,0.0376901,0.0376901,0.0376901,0.0377219,0.0376902,0.0472009,0.0380757,0.0376938,0.0376901,0.0376918,0.0376918,0.0377015,0.0376908,0.0945168,0.0376901,0.0377078,0.0376909,0.0378582,0.0377187,0.0651893
0.0385043,0.0384373,0.0383917,0.0473393,0.0383917,0.0383917,0.0384001,0.0390902,0.0383917,0.104109,0.0384127,0.0383918,0.0383917,0.0383933,0.0383971,0.0383917,0.0383928,0.0412784,0.0383937,0.0383917,0.038392,0.0384136,0.0384112,0.0385012
0.0371901,0.0369469,0.0366953,0.0990634,0.0366437,0.0366437,0.0366437,0.0366465,0.0366437,0.0368472,0.0366462,0.0366437,0.0366437,0.0928914,0.0366437,0.0366437,0.0366437,0.0368202,0.0366691,0.0366849,0.0366437,0.0366442,0.0367524,0.0370654
0.0369645,0.0376465,0.0370301,0.0999303,0.0368546,0.0368547,0.0368546,0.0368599,0.0368546,0.0369098,0.0368576,0.0368546,0.0368546,0.0873954,0.0368546,0.036855,0.0368546,0.0372102,0.0368794,0.0369454,0.0368546,0.0368549,0.0370364,0.0369331
0.037577,0.0379227,0.0378318,0.0398613,0.037575,0.0375629,0.03756,0.0375603,0.0375603,0.0375601,0.0375602,0.0375644,0.0375601,0.100328,0.03756,0.0375634,0.03756,0.0375636,0.0375606,0.0534622,0.0375601,0.0375604,0.0375612,0.054465
0.0366994,0.0365108,0.0365142,0.0365165,0.0368155,0.0365108,0.0365164,0.0365118,0.0365189,0.0365108,0.0532751,0.0365108,0.086457,0.0365111,0.0365347,0.0365108,0.0369505,0.0365108,0.0906815,0.0365108,0.0365233,0.0365109,0.0383768,0.0365108
0.0389273,0.0389244,0.0389293,0.0389251,0.0389333,0.0389663,0.103801,0.0389251,0.0389255,0.0389247,0.0389244,0.0389245,0.0395726,0.0389278,0.0389245,0.0390015,0.0389255,0.0389244,0.0389836,0.0389328,0.0389251,0.0389346,0.0389923,0.0389244
0.0381088,0.0390377,0.0381104,0.0381088,0.0381177,0.101654,0.0384046,0.0381743,0.0381209,0.0381174,0.0381088,0.0573313,0.0381088,0.0381096,0.0381245,0.0392613,0.0381089,0.0381089,0.0381088,0.0381252,0.0381115,0.0382145,0.0381088,0.0381143
0.0407169,0.0382507,0.0382601,0.0382527,0.0382522,0.0382507,0.102816,0.0382507,0.0382552,0.0382569,0.0382507,0.0382507,0.0424898,0.0382514,0.0382508,0.0383166,0.0382523,0.0382507,0.0382533,0.0382508,0.0450173,0.0382508,0.0421017,0.0382514
0.0387255,0.0403498,0.0387258,0.0387255,0.0387256,0.0418363,0.0387263,0.0387459,0.0387271,0.0420788,0.0387255,0.0999133,0.0387255,0.0387261,0.0388704,0.0387307,0.0387255,0.0387259,0.0387255,0.0387264,0.0387381,0.039314,0.0387255,0.0392612
0.0385239,0.0390872,0.0385497,0.0385436,0.0388495,0.0402,0.038525,0.0385894,0.038524,0.038524,0.0385239,0.0385887,0.0385241,0.0877625,0.0385238,0.0385245,0.0385238,0.038524,0.0385342,0.0608757,0.0385238,0.0385256,0.0385238,0.0396052
0.0397266,0.039727,0.0397386,0.0397266,0.0431576,0.0503687,0.0710382,0.0399117,0.039728,0.0397266,0.0397266,0.0397475,0.0397566,0.0397297,0.0397269,0.0397373,0.0397268,0.0397266,0.0399566,0.0404062,0.0397267,0.0397292,0.0397266,0.0397269
0.0382111,0.0385694,0.038494,0.0382141,0.0383082,0.0390885,0.0382112,0.0382162,0.03837,0.0382111,0.0382111,0.0382324,0.0382111,0.0456157,0.0382111,0.0464582,0.0382111,0.038294,0.0382111,0.103295,0.0382111,0.0382121,0.0382114,0.0385203
0.0388749,0.0385159,0.0385161,0.0385493,0.0385159,0.0385159,0.0385162,0.0385161,0.0389111,0.0385469,0.0407097,0.0385159,0.038521,0.038516,0.0385317,0.038517,0.0454917,0.0394419,0.0385163,0.0385159,0.0386409,0.0385186,0.103069,0.0385159
0.0367852,0.0367854,0.0367853,0.0367852,0.036786,0.0367871,0.0369288,0.0369171,0.0369593,0.0368885,0.0369168,0.0367887,0.0367856,0.0367852,0.0911092,0.0367892,0.0988676,0.036789,0.0367861,0.0367852,0.0368261,0.0367867,0.0367914,0.0367852
0.038783,0.105211,0.0387881,0.0390716,0.0387883,0.0393768,0.038783,0.0399752,0.0387833,0.0389155,0.0387833,0.0388512,0.038783,0.0388833,0.038783,0.038785,0.0387833,0.0387901,0.038783,0.0390214,0.038783,0.038783,0.038783,0.0389283
0.0372904,0.0372907,0.0372913,0.0372918,0.0372905,0.037298,0.0373124,0.037344,0.0374008,0.037295,0.0372903,0.0372904,0.0372903,0.0372916,0.0372903,0.0999674,0.037328,0.0642859,0.0372903,0.0522537,0.0372904,0.0373312,0.03739,0.0373051
0.0388384,0.0388182,0.0390596,0.038819,0.0388182,0.0388585,0.0388182,0.0388182,0.0388182,0.0388313,0.0388182,0.0401434,0.0388183,0.0388195,0.0388223,0.0388477,0.0388182,0.0388365,0.0388187,0.0388212,0.0388615,0.105246,0.0388189,0.039012
0.038781,0.0388647,0.0387767,0.0399812,0.0387767,0.0387771,0.0388114,0.0398504,0.0387767,0.105064,0.0387779,0.0387773,0.0387767,0.038777,0.0388006,0.0387771,0.0387796,0.0393119,0.0387772,0.0387767,0.0387769,0.0388626,0.0387798,0.0387889
0.0400736,0.0387621,0.0387641,0.038763,0.0387621,0.0387665,0.0388199,0.0387622,0.0387621,0.0405053,0.0387621,0.0387763,0.0387629,0.0387624,0.0387735,0.038796,0.0387621,0.0387826,0.0387637,0.0387622,0.0388685,0.105082,0.0388033,0.0388013
0.0384655,0.038438,0.038438,0.0384387,0.038438,0.038438,0.0384851,0.0384392,0.0385449,0.0386546,0.0385946,0.038438,0.0384441,0.038438,0.0413036,0.0384415,0.059633,0.0386126,0.0384382,0.038438,0.0384729,0.038515,0.0910124,0.038438
0.0363474,0.0363472,0.0363472,0.0363472,0.0363473,0.0363479,0.058488,0.0363577,0.0363504,0.036626,0.0363514,0.0363473,0.0363907,0.0363472,0.0836483,0.0363481,0.0938825,0.0363476,0.0364277,0.0363472,0.0364752,0.0363655,0.0364677,0.0363472
0.0390668,0.0390404,0.0391589,0.0390404,0.039194,0.0390404,0.0390748,0.0390404,0.0395147,0.0390404,0.039876,0.0390405,0.0968986,0.0390404,0.0390591,0.0390404,0.0394052,0.0390404,0.0392863,0.0390406,0.039152,0.0390408,0.0418283,0.0390404
0.0391034,0.0391144,0.0391052,0.0391034,0.0391152,0.040768,0.0391037,0.0392451,0.0409709,0.0391036,0.0391059,0.0943751,0.0391035,0.0391034,0.0415266,0.0391146,0.0391134,0.0391037,0.0391034,0.0391126,0.0391067,0.0391884,0.0391034,0.0391069
0.0387355,0.039395,0.0387515,0.0387355,0.0387427,0.0389055,0.0387355,0.0387356,0.0388155,0.0387365,0.0387355,0.104838,0.0387355,0.038738,0.038743,0.0387374,0.0387355,0.0387355,0.0387355,0.038794,0.0388537,0.0387546,0.0387355,0.0418391
0.0425911,0.0384804,0.0426889,0.0384804,0.0384804,0.0384804,0.0384829,0.0384804,0.0384889,0.0384996,0.0384804,0.0386754,0.0385789,0.0384804,0.0386027,0.0384854,0.0384804,0.0384804,0.0384804,0.0384804,0.104536,0.0398923,0.0387094,0.0384843
0.0371283,0.0719559,0.0371294,0.0994929,0.037127,0.0371271,0.0371269,0.0374408,0.0371268,0.0388094,0.0371322,0.0371269,0.0371268,0.0466415,0.0371268,0.0371269,0.037127,0.0372524,0.0371317,0.0371359,0.0371268,0.0371268,0.0371301,0.0372237
0.0369767,0.0369734,0.0369716,0.037002,0.0369715,0.0369716,0.0369719,0.0372331,0.0369722,0.085239,0.036981,0.0369743,0.0369715,0.0369716,0.0370165,0.037352,0.0369851,0.097742,0.0369716,0.0369763,0.0369721,0.0386786,0.0370768,0.0380475
0.036722,0.0444983,0.0369293,0.0376886,0.0367756,0.0367349,0.0367208,0.0367216,0.036721,0.0367213,0.0367209,0.0367357,0.0367208,0.09727,0.0367208,0.0367225,0.0367208,0.036723,0.0367216,0.0549511,0.036721,0.0367209,0.0367209,0.0675967
0.0388843,0.0388843,0.0388876,0.0388843,0.0389276,0.0388868,0.0397296,0.0388915,0.0390091,0.0388844,0.0389888,0.0388844,0.0395205,0.0388843,0.0399199,0.0388849,0.102691,0.0388844,0.0389566,0.0388843,0.0388899,0.0388844,0.0389723,0.0388843
0.0385588,0.0399406,0.0385698,0.0385588,0.0386854,0.104724,0.0399169,0.038641,0.038568,0.03856,0.0385588,0.0432668,0.0385589,0.0385617,0.0385611,0.03923,0.038559,0.0385588,0.038559,0.0386042,0.0385603,0.0385798,0.0385588,0.0385591
0.0387009,0.0392777,0.104439,0.0387114,0.0430568,0.0387787,0.0387009,0.0387009,0.038702,0.0387008,0.0387061,0.0387236,0.0387014,0.0389128,0.0387009,0.0387009,0.0387008,0.0387008,0.0388617,0.0387109,0.0387074,0.0387009,0.0387009,0.0387016
0.040112,0.0401113,0.040839,0.0401116,0.0426628,0.0401133,0.0408478,0.0401113,0.0638622,0.0401113,0.0401117,0.0401113,0.0463224,0.0401504,0.0401113,0.040432,0.0401183,0.0401116,0.0401256,0.0405824,0.0401124,0.0401114,0.0426054,0.0401113
0.0391083,0.0391081,0.0399995,0.0391084,0.0391773,0.0391089,0.0391102,0.0391081,0.0951348,0.0391081,0.0391289,0.0391082,0.0392039,0.0391085,0.0391086,0.0392042,0.0395506,0.0391129,0.0391085,0.0391205,0.0391499,0.0391084,0.042807,0.0391081
0.0372103,0.0373929,0.0371918,0.0465697,0.0371567,0.0371568,0.0371567,0.0371588,0.0371567,0.0371687,0.0371581,0.0371608,0.0371567,0.0676903,0.0371567,0.0371859,0.0371567,0.0384122,0.0371569,0.0436956,0.0371567,0.0371662,0.037168,0.0972602
0.0385979,0.0386339,0.0414263,0.0385982,0.104825,0.0387967,0.0385982,0.0386039,0.0402926,0.0385979,0.0386651,0.0386201,0.0386586,0.0396626,0.038598,0.0385979,0.038598,0.0385979,0.0395578,0.0390808,0.0385985,0.0385979,0.0385979,0.0385981
0.0376635,0.0384295,0.038758,0.0402339,0.0376649,0.0376749,0.0376629,0.0376691,0.0376629,0.0376631,0.0376629,0.0376633,0.0376629,0.0715407,0.0376629,0.0377424,0.0376629,0.0378263,0.0376656,0.0910753,0.0376629,0.0376704,0.0376641,0.0417548
0.0526792,0.0382697,0.0384183,0.0382698,0.0382697,0.0382697,0.0382732,0.0382697,0.0382711,0.0384644,0.0382702,0.0382884,0.0385397,0.0382697,0.0384974,0.0382698,0.0382697,0.0382697,0.0382701,0.0382697,0.103696,0.0386089,0.0387554,0.0382705
0.0383345,0.0383403,0.0383397,0.0383344,0.038335,0.0387609,0.0383348,0.0383349,0.0384014,0.0383402,0.0383345,0.103518,0.0383345,0.0383348,0.0384,0.0383896,0.0383344,0.0383353,0.0383344,0.0383806,0.0384686,0.0465063,0.0383344,0.0441384
0.0385463,0.0391447,0.0385487,0.0385463,0.0385586,0.104564,0.0395127,0.0393957,0.038556,0.038548,0.0385463,0.038926,0.0385463,0.0385487,0.0385473,0.0444209,0.038548,0.0385464,0.0385463,0.0386794,0.0385464,0.0385839,0.0385463,0.0385464
0.0378933,0.0379592,0.0379157,0.0378933,0.0378954,0.102271,0.0384145,0.0379569,0.0379628,0.0378941,0.0378933,0.043669,0.0378933,0.037895,0.0378959,0.0561576,0.0378934,0.0378936,0.0378933,0.0381772,0.0378936,0.0390022,0.0378933,0.0378934
0.0417857,0.0385523,0.0385378,0.0412818,0.0385376,0.0385376,0.0385377,0.0385398,0.0385376,0.103807,0.0387538,0.0385386,0.0385376,0.0385377,0.0386168,0.0385377,0.0385395,0.0398763,0.0385382,0.0385376,0.0385745,0.0387693,0.0387007,0.0402872
0.0388987,0.03889,0.0389534,0.0388901,0.0388984,0.03889,0.0389274,0.0388901,0.0392294,0.03889,0.0388906,0.0388905,0.0388913,0.0388941,0.03889,0.056108,0.0388901,0.040115,0.03889,0.085041,0.0388952,0.0389194,0.039273,0.0400543
0.038835,0.0387988,0.104979,0.0388122,0.0394486,0.0388004,0.0387997,0.0387988,0.0388482,0.0387988,0.0387999,0.0387989,0.0392564,0.0398328,0.0387988,0.0388065,0.0387988,0.0387988,0.0388992,0.0388291,0.0389286,0.0387999,0.0389337,0.0387992
0.0389384,0.0384945,0.0384964,0.0384948,0.0384944,0.0384947,0.0385181,0.0384945,0.0384946,0.0400442,0.0384945,0.0385025,0.0384945,0.0384945,0.0385097,0.0470239,0.0384951,0.0393638,0.0384945,0.038495,0.0387028,0.102302,0.0391032,0.0385592
0.0388779,0.0387868,0.0387885,0.0387873,0.0387868,0.0387885,0.0387874,0.0387905,0.0387868,0.0399583,0.0387876,0.0388034,0.0387869,0.0387868,0.0392031,0.038799,0.0387878,0.0395904,0.0387887,0.0387869,0.0388097,0.105331,0.0388071,0.0387927
0.0386287,0.0386286,0.0386496,0.0386286,0.0412825,0.0405381,0.104742,0.0386291,0.0386393,0.0386286,0.0386286,0.0386292,0.0403272,0.038629,0.0386306,0.0387196,0.0386297,0.0386286,0.0390248,0.0386307,0.0386336,0.0386355,0.0386288,0.0386286
0.0387105,0.0387105,0.0387931,0.0387105,0.0410935,0.0387156,0.038861,0.0387105,0.105126,0.0387105,0.0387131,0.0387248,0.039192,0.0387105,0.0387352,0.0388897,0.0389957,0.0387106,0.0387105,0.0387144,0.039548,0.0387105,0.0387928,0.0387105
0.0379164,0.037559,0.0376723,0.0375594,0.0376867,0.0375592,0.0386792,0.037559,0.0375649,0.037559,0.0375719,0.037559,0.101589,0.0375594,0.0375612,0.0375591,0.0376231,0.037559,0.0650517,0.037559,0.037739,0.0375597,0.0426347,0.037559
0.0384085,0.0392939,0.0385528,0.0384192,0.0384076,0.0384116,0.0384071,0.0384079,0.0384071,0.0384151,0.0384079,0.0440414,0.0384071,0.0397028,0.0384071,0.0384201,0.0384071,0.0384443,0.0384071,0.0425918,0.0384082,0.0386723,0.0384071,0.104145
0.0379043,0.0384255,0.0381992,0.0564058,0.0380008,0.0379058,0.0379024,0.0379141,0.0379025,0.0379024,0.0379085,0.0379026,0.0379025,0.102009,0.0379024,0.0379027,0.0379024,0.03791,0.0379757,0.0437388,0.0379024,0.0379025,0.0379046,0.038773
0.0388298,0.0384457,0.047538,0.0386136,0.0384499,0.0384457,0.0384461,0.0384457,0.0384456,0.0384458,0.040899,0.0384456,0.039568,0.0384469,0.0384489,0.0384456,0.0384554,0.0384457,0.102319,0.0384456,0.0384635,0.0384476,0.0386178,0.0384456
0.0366063,0.036565,0.0485674,0.036566,0.0396904,0.0365663,0.0369007,0.036565,0.0365658,0.036565,0.0365747,0.0365652,0.0967076,0.0365716,0.0365654,0.036565,0.0365651,0.036565,0.083178,0.036565,0.0367176,0.036565,0.0365722,0.036565
0.0387892,0.0387889,0.0387925,0.0388155,0.038789,0.0387896,0.0390031,0.0393295,0.0387891,0.0387968,0.0390395,0.0387889,0.0387946,0.0387889,0.0388647,0.03879,0.103641,0.038845,0.0397651,0.0387889,0.038789,0.0388046,0.0408279,0.0387889
0.038416,0.0384163,0.0384166,0.0384166,0.0384666,0.0384217,0.0385285,0.0485424,0.0384173,0.0384169,0.0400381,0.038416,0.0384198,0.038416,0.0388846,0.038416,0.10161,0.0384171,0.040841,0.038416,0.038416,0.038416,0.0384184,0.038416
0.0381552,0.0384448,0.0381581,0.0381561,0.0381816,0.0381804,0.0381566,0.0382421,0.0381665,0.0381554,0.0381552,0.0381676,0.0381552,0.0386028,0.0381552,0.040627,0.0381552,0.0383557,0.0381552,0.103534,0.0381552,0.0381557,0.0381553,0.0534745
0.0406148,0.0387312,0.038733,0.0387313,0.0387312,0.0387318,0.0387391,0.0387312,0.0387316,0.0388494,0.0387312,0.0387432,0.0387361,0.0387312,0.0387773,0.0388888,0.0387313,0.038908,0.0387313,0.0387314,0.0392756,0.105126,0.0398316,0.0387323
0.0381656,0.0381828,0.0381602,0.0382351,0.0381602,0.0381604,0.0381778,0.0383037,0.0381602,0.103515,0.0381603,0.0381662,0.0381602,0.0381602,0.0382337,0.0383082,0.0381673,0.0479889,0.0381602,0.0381603,0.0381622,0.0460214,0.0381698,0.0387597
0.0390126,0.038811,0.0388207,0.038811,0.038811,0.038811,0.0388959,0.038811,0.038884,0.0391763,0.038811,0.0388515,0.0388163,0.038811,0.0396956,0.038892,0.0388161,0.0388116,0.038811,0.038811,0.104178,0.0396273,0.039412,0.0388111
0.0367471,0.0367566,0.0367474,0.0367471,0.0367516,0.0368855,0.0367472,0.0369064,0.0368514,0.036755,0.0368997,0.0966535,0.0367473,0.0367471,0.0942027,0.0367471,0.036752,0.0367471,0.0367474,0.0367471,0.0367607,0.0368549,0.0367471,0.0367511
0.0574349,0.0381401,0.038145,0.0389442,0.0381401,0.0381401,0.0381402,0.0381401,0.0381432,0.0381431,0.0385067,0.0381401,0.0381885,0.0381469,0.0381402,0.0381411,0.0381498,0.0384758,0.038145,0.0381406,0.0381463,0.0381532,0.101873,0.0381412
0.0977542,0.0363994,0.0364013,0.0382106,0.0363994,0.0363994,0.0364055,0.0363994,0.0364017,0.0364325,0.0364162,0.0363994,0.0365431,0.0364125,0.0363994,0.036407,0.0364014,0.0368089,0.0364002,0.0363996,0.0365049,0.0364137,0.0988901,0.0364002
0.0388903,0.0388549,0.0390181,0.038855,0.0389698,0.0388558,0.0389125,0.038855,0.0388754,0.0388549,0.0388995,0.0388559,0.103251,0.038855,0.0388698,0.0388549,0.0388703,0.0388549,0.0410855,0.038855,0.0389923,0.0388629,0.039096,0.0388549
0.0384171,0.0384282,0.0384171,0.0384473,0.0384318,0.0385653,0.0384187,0.104198,0.0384175,0.038444,0.0389783,0.0384171,0.0384171,0.0384174,0.0384279,0.0384171,0.0488223,0.0389482,0.0388769,0.03842,0.0384171,0.0384212,0.0384173,0.0384171
0.0390736,0.0381187,0.0381185,0.0390425,0.0381182,0.0381182,0.0381182,0.0381239,0.0381197,0.0423706,0.0393357,0.0381184,0.0381182,0.0381189,0.0381198,0.0381548,0.0381259,0.102575,0.0381183,0.0381273,0.03812,0.0383856,0.0487092,0.0405503
0.0387849,0.0387875,0.039629,0.0387849,0.104358,0.0391218,0.0388513,0.038808,0.0407475,0.0387849,0.0387939,0.0387933,0.0387875,0.0387856,0.038789,0.0387902,0.0387921,0.038785,0.0389622,0.0389228,0.0387853,0.0387849,0.0387849,0.038785
0.0388444,0.0389807,0.0388561,0.0388445,0.0388898,0.104726,0.039383,0.0391052,0.0388476,0.0388448,0.0388444,0.0390156,0.0388445,0.0388606,0.0388445,0.0393032,0.0388447,0.0388444,0.0388451,0.0390317,0.0388445,0.0388652,0.0388444,0.0388445
0.0381764,0.0385385,0.0381778,0.0381764,0.0381937,0.10358,0.0385404,0.0388594,0.0381863,0.038181,0.0381764,0.054111,0.0381764,0.0381785,0.0381972,0.0386957,0.0381765,0.0381765,0.0381764,0.0381976,0.0381767,0.0385967,0.0381764,0.0381774
0.0386436,0.0405539,0.0386648,0.0386437,0.0387106,0.104764,0.0386608,0.0422049,0.0386444,0.038644,0.0386436,0.0394076,0.0386436,0.0386462,0.0386456,0.0386665,0.0386444,0.0386436,0.0386448,0.0386725,0.0386436,0.0386764,0.0386436,0.0386436
0.0385327,0.0388672,0.0385323,0.0385913,0.0385321,0.038533,0.0385322,0.0386574,0.0385322,0.0518462,0.0385327,0.0385577,0.0385321,0.0385354,0.0385336,0.0388089,0.0385323,0.0711758,0.0385321,0.038608,0.0385325,0.0390419,0.0385339,0.0663865
0.0386617,0.0386617,0.0386646,0.0386617,0.0386644,0.0386964,0.039544,0.0386618,0.0435817,0.0386621,0.0386616,0.0386656,0.0386617,0.0386625,0.0386618,0.103773,0.0386636,0.0387807,0.0386616,0.0396414,0.0386649,0.0386767,0.0386979,0.0386666
0.0384817,0.0384894,0.050328,0.0384835,0.0942848,0.0385173,0.0385749,0.038483,0.038487,0.0384817,0.0384847,0.0384821,0.0386884,0.0386052,0.0384817,0.0384817,0.0384821,0.0384817,0.0467158,0.0385582,0.0384821,0.0384817,0.0384817,0.0384817
0.0384841,0.0384841,0.0384851,0.0384841,0.0386918,0.038487,0.0428283,0.0384841,0.103496,0.0384841,0.0384841,0.0385754,0.038835,0.0384841,0.038626,0.0415635,0.0386184,0.0384842,0.0384841,0.0384906,0.0414734,0.0384848,0.0385035,0.0384841
0.0380053,0.0385814,0.0380313,0.0380053,0.0380122,0.102914,0.0386774,0.0381467,0.0380323,0.0380064,0.0380053,0.0386021,0.0380053,0.0380134,0.0380056,0.0580159,0.0380054,0.0380058,0.0380053,0.0387074,0.0380054,0.0382004,0.0380053,0.0380055
0.0385376,0.0390778,0.0387909,0.103624,0.0381878,0.0381878,0.0381878,0.0381899,0.0381878,0.0383045,0.0383519,0.0381878,0.0381878,0.0535464,0.0381878,0.0381879,0.0381879,0.0383247,0.0382342,0.0381923,0.0381878,0.0381879,0.0385175,0.0382417
0.0393481,0.038672,0.0386756,0.0386721,0.038672,0.038672,0.0388303,0.038672,0.0386968,0.0407353,0.0386721,0.0386778,0.0386888,0.038672,0.0410304,0.038674,0.0386874,0.0386722,0.038672,0.038672,0.104207,0.0388105,0.0395454,0.038672
0.0386068,0.0386074,0.0386064,0.038614,0.0386065,0.0386064,0.038607,0.0386507,0.0386134,0.0403893,0.0511899,0.0386065,0.0386064,0.0386064,0.0492895,0.0386065,0.0865514,0.0386613,0.0386086,0.0386064,0.0386213,0.0386066,0.0389251,0.0386064
0.0386076,0.0386414,0.038608,0.0386081,0.0386142,0.0386096,0.0386068,0.0386162,0.0386073,0.0386103,0.0386084,0.0431362,0.0386069,0.039132,0.0386069,0.0386121,0.0386068,0.0386319,0.038607,0.0423059,0.038607,0.0386667,0.0386069,0.103136
0.0380286,0.0407363,0.0387575,0.0524442,0.0380305,0.0380629,0.0380267,0.0380272,0.0380267,0.0380269,0.0380267,0.0380311,0.0380267,0.102799,0.0380267,0.0380284,0.0380267,0.0380289,0.0380277,0.040961,0.0380267,0.0380271,0.0380272,0.0397689
0.0381857,0.0381858,0.0381868,0.0381859,0.0383361,0.0381872,0.0382556,0.0399338,0.0381938,0.038186,0.0474765,0.0381857,0.0382345,0.0381857,0.0395461,0.0381857,0.102864,0.0381861,0.0443604,0.0381857,0.0381858,0.0381858,0.0381954,0.0381857
0.050659,0.0369586,0.0369617,0.0401758,0.0369584,0.0369584,0.0369584,0.0369589,0.0369589,0.0373377,0.0381684,0.0369585,0.0369584,0.0369661,0.0369586,0.0369729,0.036959,0.0947485,0.0369586,0.0369736,0.0369603,0.0372321,0.0694222,0.0408768
0.0387541,0.101067,0.0388313,0.0415971,0.0387544,0.0387803,0.0387541,0.0387578,0.0387541,0.0388127,0.0387541,0.0387658,0.0387541,0.0403724,0.0387541,0.038764,0.0387541,0.038757,0.0387541,0.0406411,0.0387548,0.0387541,0.0387541,0.0398033
0.0389466,0.0389508,0.0390131,0.0389466,0.0390457,0.0390549,0.0389468,0.038947,0.0393234,0.0389466,0.0389478,0.103174,0.0389483,0.0389466,0.0391227,0.0389488,0.0389466,0.0389466,0.0389466,0.0389703,0.0390061,0.0389654,0.0389466,0.0390619
