0.0389827,0.0391311,0.0390158,0.0389878,0.0391648,0.0390009,0.0389782,0.0390247,0.0390822,0.0390363,0.0459658,0.039074,0.038978,0.038992,0.0945866,0.038979,0.0390646,0.0397563,0.0389828,0.0389788,0.0390717,0.0389805,0.0390232,0.0391622
0.0418725,0.0385301,0.0387324,0.03853,0.0385454,0.0385299,0.0385363,0.0385297,0.0387027,0.0385653,0.0385513,0.0385305,0.0389184,0.0385297,0.0389362,0.0385329,0.0385347,0.0385424,0.0389807,0.0385303,0.104464,0.039667,0.0416774,0.0385299
0.0351883,0.0364469,0.0355483,0.0620532,0.0351783,0.0351958,0.0351784,0.0351836,0.0352013,0.0351895,0.0351914,0.0351861,0.0351781,0.0950964,0.0351781,0.0354779,0.0351781,0.0354359,0.0351785,0.0846867,0.0351783,0.0351781,0.0352053,0.0522875
0.0405308,0.0405201,0.0405307,0.0405194,0.0414056,0.040525,0.0405582,0.040519,0.0660542,0.0405185,0.0405234,0.0405193,0.0405464,0.0405198,0.0405818,0.0407351,0.0405332,0.0405302,0.040528,0.0405443,0.0407197,0.0405274,0.0409914,0.0405189
0.0375007,0.0374942,0.0374963,0.0374953,0.0374946,0.0377015,0.070049,0.0374942,0.0385487,0.0374973,0.0374941,0.0377214,0.0374954,0.0374964,0.0374944,0.101558,0.0374943,0.0375101,0.0374941,0.0382523,0.0375041,0.038666,0.0375142,0.0375331
0.0384117,0.0379042,0.0379198,0.0516142,0.0379002,0.0379002,0.0379004,0.037927,0.0379008,0.0380484,0.0381396,0.0379002,0.0379003,0.0382774,0.0379005,0.0382819,0.0379739,0.10186,0.0379042,0.0397967,0.0379046,0.0382193,0.0442264,0.0402886
0.0377037,0.0375978,0.0410589,0.037598,0.0408147,0.0375979,0.0382908,0.0375979,0.0380769,0.0375978,0.0396608,0.0375981,0.101111,0.0375979,0.0375984,0.037598,0.0377073,0.0375978,0.0598757,0.0376055,0.0378198,0.0375997,0.0390976,0.0375978
0.0383837,0.0383851,0.0429575,0.0383916,0.0386462,0.0383884,0.0383818,0.038463,0.0384239,0.0383811,0.104016,0.0385074,0.0383819,0.0383825,0.0459015,0.03838,0.0386704,0.0383891,0.0386031,0.0383804,0.0383814,0.038381,0.0384302,0.0383931
0.0393075,0.0393719,0.0397957,0.0393783,0.0393047,0.0395698,0.0393078,0.039316,0.0393193,0.0393614,0.039991,0.0803215,0.0393043,0.0395346,0.040624,0.0393988,0.0393044,0.0396769,0.0393044,0.0393991,0.0393051,0.0393201,0.0393053,0.0511781
0.0384374,0.0384345,0.0429722,0.0384747,0.0385899,0.0384346,0.0409179,0.0386352,0.0384339,0.038439,0.0393479,0.0384347,0.0394799,0.0384338,0.0394079,0.0384338,0.0410177,0.0384374,0.102945,0.0384338,0.038465,0.0384723,0.0384881,0.0384338
0.0393499,0.0393481,0.0393966,0.0393485,0.0394073,0.0400571,0.0412408,0.0393477,0.0467916,0.0393476,0.0393474,0.0395958,0.0393639,0.0393662,0.0393479,0.083418,0.0393474,0.0393507,0.0393477,0.0403963,0.0393564,0.0394193,0.0393527,0.0393552
0.038827,0.0378494,0.0399199,0.0378495,0.0379141,0.0378511,0.0379826,0.0378494,0.0380272,0.037854,0.037854,0.0378514,0.0511208,0.0378494,0.03788,0.0378571,0.0378512,0.0378528,0.0401252,0.0378532,0.100726,0.0464824,0.0389228,0.0378494
0.0385244,0.0385226,0.0385222,0.0385491,0.0385613,0.0385222,0.0896426,0.0399119,0.0385215,0.0386595,0.0385408,0.0385215,0.0395815,0.0385215,0.0385744,0.0385224,0.0549648,0.0385217,0.0434966,0.0385214,0.0385254,0.0385874,0.038662,0.0385214
0.0691473,0.037408,0.0379703,0.0375882,0.037408,0.0374079,0.0374244,0.0374079,0.037767,0.0374249,0.0376369,0.0374079,0.0374258,0.037417,0.0374244,0.0375821,0.0374908,0.0381957,0.037411,0.037413,0.041663,0.0374772,0.101081,0.03742
0.0376444,0.0460532,0.037645,0.0376616,0.0376996,0.0611156,0.0377115,0.101278,0.0376444,0.0380795,0.0376614,0.037892,0.0376444,0.0376453,0.0376891,0.0376449,0.0377061,0.0376459,0.0376799,0.0376536,0.0376446,0.037667,0.0376444,0.0376488
0.0607483,0.0372909,0.0391899,0.0372921,0.0372927,0.0372905,0.0372948,0.0372905,0.0375176,0.0374023,0.0373771,0.0372908,0.037561,0.0372908,0.037333,0.0372917,0.0372916,0.0373081,0.0376964,0.0372914,0.10081,0.0375418,0.0520161,0.0372908
0.0369848,0.0369807,0.03707,0.0369889,0.0372048,0.0369805,0.0384915,0.0375101,0.0369803,0.0370021,0.0374125,0.0369804,0.0539361,0.0369803,0.037128,0.0369803,0.0658414,0.0369837,0.100051,0.0369803,0.0370936,0.0374268,0.0370318,0.0369803
0.0386342,0.0386273,0.0395834,0.0386273,0.0393791,0.0386618,0.0984853,0.0386275,0.046906,0.0386274,0.0386364,0.0386789,0.0389802,0.0386273,0.040385,0.0390871,0.0386481,0.0386277,0.0386556,0.0386281,0.0388633,0.038635,0.0387607,0.0386274
0.0385272,0.0387436,0.038528,0.0394016,0.0385298,0.0388217,0.0385453,0.10458,0.0385272,0.0421155,0.0386558,0.0385281,0.0385283,0.0385294,0.0385752,0.0385272,0.0388393,0.0385331,0.0421929,0.0385275,0.0385273,0.0386614,0.0385275,0.0385273
0.0386409,0.0386452,0.0386386,0.0386454,0.0386441,0.0386378,0.03919,0.0386967,0.0386391,0.0387087,0.0387726,0.0386377,0.0386537,0.0386377,0.0399918,0.0386394,0.104357,0.038654,0.0389533,0.0386377,0.0386683,0.0386685,0.0430048,0.0386377
0.0646022,0.0377449,0.0378344,0.0383444,0.0377458,0.0377449,0.037776,0.0377449,0.0381555,0.0377458,0.0381432,0.0377449,0.0386463,0.0377731,0.0377476,0.0378488,0.0378866,0.0377916,0.0377575,0.0377464,0.0377672,0.0377482,0.102215,0.0377452
0.0380472,0.038057,0.0399591,0.0380472,0.0487057,0.0392872,0.0473165,0.038048,0.0976486,0.0380472,0.0381433,0.0390297,0.0381614,0.0380472,0.0407658,0.0380533,0.0380568,0.0380472,0.0380978,0.0380521,0.0382389,0.0380473,0.0380481,0.0380474
0.0459678,0.0373816,0.0375233,0.0380272,0.0373822,0.0373816,0.0375214,0.0373978,0.0373817,0.0374144,0.038929,0.0373816,0.0394142,0.037382,0.0375883,0.0373859,0.0463876,0.0377906,0.0619973,0.0373816,0.0373923,0.0408728,0.0893362,0.0373816
0.0382879,0.0382546,0.0383844,0.0382546,0.0429508,0.0382547,0.0456926,0.0382548,0.0384987,0.0382546,0.0383149,0.0382588,0.0988951,0.0382546,0.0382844,0.0382567,0.0417469,0.0382546,0.0408216,0.0382568,0.0398582,0.0382743,0.0391809,0.0382548
0.0379853,0.0379845,0.039995,0.0379842,0.0379831,0.0434309,0.0382295,0.0379889,0.038008,0.0381481,0.0379951,0.0996173,0.0379827,0.0379841,0.0549498,0.0387155,0.0379827,0.0379894,0.0379829,0.0379855,0.0380178,0.039036,0.037983,0.0380406
0.0379265,0.038511,0.0377096,0.0647019,0.037707,0.0377072,0.0377084,0.0389766,0.037707,0.102288,0.037718,0.0377072,0.037707,0.0378703,0.0377114,0.0377074,0.0377261,0.0383309,0.0377317,0.0377072,0.0377175,0.037832,0.037867,0.037723
0.0373229,0.0373238,0.0375128,0.0373229,0.0452448,0.0439026,0.0989023,0.0373241,0.0560968,0.0373229,0.037324,0.0440945,0.0376699,0.0373229,0.0373926,0.0392073,0.0373527,0.0373229,0.0373335,0.0373528,0.0373711,0.0373329,0.0373231,0.0373236
0.0388796,0.0388576,0.0388638,0.0389058,0.0388576,0.0388578,0.103526,0.0388886,0.0388575,0.039258,0.0388579,0.0388577,0.0391374,0.0388575,0.0388627,0.0388739,0.0399704,0.0388578,0.0391929,0.0388575,0.0388651,0.0390132,0.0391858,0.0388577
0.038257,0.103035,0.0382603,0.0391952,0.0382578,0.0481309,0.0382586,0.0388239,0.0382598,0.0403715,0.0382577,0.0406014,0.038257,0.0383772,0.0382694,0.0382939,0.0382571,0.0382784,0.0382572,0.0383596,0.0382682,0.0382581,0.038257,0.0391577
0.0901516,0.0366259,0.0391012,0.0398058,0.0366253,0.0366253,0.0366256,0.0366253,0.0366309,0.0373902,0.0389737,0.0366328,0.0366265,0.0369605,0.0366443,0.0366378,0.0366286,0.037444,0.0366263,0.0366343,0.0366619,0.0366466,0.09331,0.0373657
0.0369802,0.0372586,0.036978,0.0370145,0.0369767,0.0370037,0.0369803,0.0369796,0.0369789,0.0371116,0.0369861,0.0465478,0.0369766,0.0396453,0.0369771,0.0410814,0.0369768,0.0377665,0.0369766,0.0687326,0.0369995,0.0370031,0.0369795,0.100089
0.0388837,0.0379334,0.0408523,0.0424996,0.0379316,0.0379303,0.0379303,0.037937,0.0379717,0.0379317,0.102593,0.0379303,0.037941,0.0382679,0.0380214,0.0379303,0.0379723,0.0380762,0.0381052,0.0379308,0.037931,0.0379303,0.053634,0.0379345
0.0379172,0.037936,0.058971,0.0383706,0.0393034,0.0379169,0.0379224,0.0380529,0.0379181,0.0379163,0.0382688,0.0379156,0.0394885,0.0379163,0.0380071,0.0379156,0.0380161,0.0379168,0.102698,0.0379156,0.0379218,0.0379159,0.0379634,0.0379156
0.0384918,0.0394246,0.0384974,0.0387661,0.0384984,0.0452936,0.0385126,0.104343,0.0384918,0.0386543,0.0387311,0.0385021,0.0384925,0.038494,0.0385096,0.0384918,0.0385858,0.0384922,0.0402555,0.0384924,0.0384919,0.038504,0.0384918,0.0384919
0.0376033,0.0376296,0.0376512,0.0376542,0.0376065,0.0388277,0.037618,0.0376072,0.0381682,0.0376037,0.0376032,0.0385316,0.0376036,0.0389658,0.0376031,0.0692168,0.0376031,0.0376363,0.0376032,0.09727,0.037605,0.0376297,0.0376035,0.0395554
0.0362208,0.0362137,0.0365058,0.0362396,0.0369178,0.0362121,0.0362352,0.0370749,0.0362128,0.0362161,0.0969263,0.036214,0.0362251,0.0362117,0.0845457,0.0362111,0.0429972,0.0362364,0.0491327,0.0362111,0.0362135,0.0362131,0.0364017,0.0362116
0.0374465,0.0376134,0.0417784,0.0902762,0.0374107,0.0374645,0.0374109,0.0374116,0.0375183,0.0374538,0.0374118,0.037412,0.0374109,0.0801444,0.0374107,0.038415,0.0374107,0.0374612,0.0374121,0.0380188,0.0374108,0.0374121,0.037468,0.0374173
0.0378751,0.0378722,0.0378734,0.037872,0.0378734,0.038052,0.0379904,0.0378702,0.0426029,0.0378716,0.0378702,0.0382878,0.0378702,0.0379091,0.0378703,0.102355,0.0378703,0.0383137,0.0378701,0.056092,0.0378884,0.0382101,0.0378811,0.0399581
0.037268,0.0372745,0.038988,0.0372678,0.0373047,0.0601184,0.0372998,0.0372682,0.047193,0.037268,0.0372814,0.0991032,0.037267,0.0373425,0.039932,0.0427731,0.0372669,0.0372753,0.037267,0.0376447,0.0372725,0.0373144,0.0372673,0.0377422
0.0380455,0.0379961,0.038031,0.0587053,0.0378435,0.0378485,0.0378461,0.0378464,0.037852,0.0380415,0.0378615,0.037851,0.0378439,0.0979183,0.0378434,0.0381376,0.0378434,0.0380463,0.0378441,0.0420149,0.037844,0.0378444,0.0379635,0.0430877
0.0371939,0.043832,0.0371982,0.0371935,0.0371951,0.0382911,0.0371981,0.0371929,0.0380776,0.0373218,0.0372039,0.0997932,0.0371926,0.0373451,0.0380999,0.0387812,0.0371926,0.0371974,0.0371926,0.0377063,0.0376665,0.0371944,0.0371926,0.0695475
0.0372509,0.0373018,0.0372744,0.0372509,0.0379984,0.0743932,0.0376121,0.0372986,0.0394283,0.0372511,0.0373522,0.100526,0.0372526,0.037251,0.0382509,0.0379392,0.0372575,0.0372509,0.037251,0.037459,0.0372602,0.0372702,0.0372509,0.0373683
0.0387093,0.0386089,0.0386007,0.0386928,0.0385991,0.0386022,0.0387284,0.0386286,0.0385991,0.104123,0.0385994,0.0386889,0.0385991,0.0386022,0.0386833,0.0387997,0.0386014,0.0386435,0.0385993,0.0385992,0.0388088,0.0456089,0.038642,0.0386326
0.0375261,0.0375263,0.0375459,0.0375248,0.0445945,0.0375645,0.0380896,0.0377435,0.037749,0.0375265,0.0520044,0.0381239,0.0375311,0.0375247,0.10183,0.0375249,0.0492326,0.0375272,0.0376327,0.0375246,0.0375377,0.0375317,0.037558,0.0375263
0.0383926,0.0382018,0.0407573,0.0382171,0.0409747,0.0382015,0.0382043,0.0382027,0.0415095,0.0382015,0.101833,0.0382016,0.0416959,0.0382188,0.0382231,0.0382016,0.038296,0.0382069,0.0392541,0.0382143,0.0382052,0.0382015,0.0441825,0.0382021
0.0728511,0.035648,0.0357202,0.0356513,0.0356486,0.035648,0.035655,0.035648,0.0357004,0.0358384,0.0356646,0.0356481,0.0356762,0.0356481,0.0357738,0.0357042,0.0356665,0.0358476,0.035669,0.0356487,0.0905033,0.0385882,0.084304,0.0356488
0.0381967,0.0381197,0.0381161,0.0381156,0.0386426,0.0381154,0.0384882,0.0381194,0.0381707,0.0381286,0.0545842,0.0381177,0.0383338,0.0381154,0.0413176,0.0381217,0.0988751,0.0381271,0.0381346,0.0381155,0.0387141,0.0381223,0.0409743,0.0381334
0.0380275,0.0380201,0.0380632,0.03802,0.0493921,0.0380209,0.0409022,0.0380202,0.0427532,0.0380199,0.0380955,0.0380226,0.101911,0.03802,0.0380214,0.0380431,0.0397058,0.0380201,0.038763,0.0380943,0.0395478,0.0380269,0.0384689,0.0380205
0.0378176,0.0378151,0.102217,0.0380445,0.0379442,0.0378531,0.0378227,0.0378131,0.0594538,0.037813,0.0380993,0.0378138,0.0381561,0.0378172,0.0378167,0.0378135,0.0378147,0.0378139,0.0427218,0.0378282,0.0378257,0.0378132,0.0382587,0.037813
0.0368254,0.0400809,0.0368855,0.0369826,0.0368397,0.0974678,0.0368282,0.0881019,0.0368256,0.0368541,0.0368337,0.0369777,0.0368256,0.0368467,0.0368293,0.0368258,0.0368262,0.0368254,0.0373769,0.0368276,0.0368254,0.0368371,0.0368254,0.0368255
0.0386238,0.0386193,0.0387267,0.0386191,0.042029,0.0386335,0.03908,0.0386237,0.0396395,0.0386194,0.0461113,0.0394236,0.0386241,0.0386191,0.0980982,0.0386214,0.0387702,0.0386222,0.0386273,0.0386193,0.0387361,0.0386215,0.038655,0.0386366
0.0373085,0.0372341,0.0372157,0.0372414,0.037215,0.0372215,0.03732,0.0372388,0.037215,0.0972967,0.0372154,0.0373238,0.037215,0.0372159,0.0372397,0.0375412,0.0372163,0.0373258,0.0372157,0.0372165,0.0533952,0.0668172,0.037241,0.0373146
0.0359696,0.0364783,0.0360001,0.0362025,0.0359696,0.0359784,0.0359689,0.0359693,0.0359925,0.0359695,0.0359824,0.0369174,0.0359687,0.0499655,0.0359687,0.036809,0.0359688,0.0367411,0.0359687,0.0938789,0.0359702,0.0359691,0.0359722,0.0974205
0.036426,0.0421336,0.0372538,0.0517312,0.0364247,0.0364447,0.0364242,0.0364308,0.0364315,0.036433,0.0364293,0.0364387,0.0364243,0.0851851,0.036424,0.0364515,0.036424,0.0364693,0.0364296,0.0877281,0.036426,0.036424,0.036428,0.0401845
0.0375938,0.0375885,0.0375838,0.0376526,0.0375832,0.0376208,0.0376017,0.0447355,0.0375832,0.10038,0.0375924,0.0377387,0.0375833,0.0375849,0.0379058,0.03759,0.0376108,0.0376343,0.0375871,0.0375834,0.037605,0.0648716,0.0375936,0.0375958
0.0387062,0.0387268,0.0387651,0.0387059,0.0388503,0.0389317,0.0387449,0.038798,0.038723,0.0387472,0.0390262,0.0416442,0.0387053,0.0387053,0.105036,0.0387058,0.0388427,0.0387169,0.038738,0.0387052,0.039296,0.0387629,0.0387087,0.0387077
0.0380448,0.0380467,0.0380457,0.0380451,0.0380939,0.0380543,0.0401608,0.0382997,0.0380546,0.0380534,0.0381386,0.0380453,0.038058,0.0380445,0.0586686,0.0380509,0.101096,0.0380531,0.0381189,0.0380445,0.038118,0.0383384,0.0382813,0.0380445
0.0383679,0.0384456,0.0383697,0.0384268,0.038392,0.0403511,0.038418,0.104186,0.0383679,0.0397401,0.0397058,0.038371,0.0383694,0.0383684,0.0386944,0.038368,0.0415889,0.0383991,0.0427289,0.0383686,0.0383682,0.0388677,0.0383681,0.0383681
0.0370766,0.0370696,0.0383483,0.0370702,0.0418041,0.0370695,0.0383965,0.0370784,0.0370792,0.0370696,0.0371264,0.0370696,0.077816,0.0370693,0.0370899,0.0370693,0.0413864,0.0370695,0.0945244,0.0370698,0.0371615,0.0370842,0.0373324,0.0370693
0.0385295,0.0385114,0.0385119,0.038513,0.0385116,0.0385737,0.0386204,0.0385113,0.0396934,0.0385188,0.0385112,0.0386034,0.0385111,0.038535,0.0385121,0.104208,0.0385121,0.0409414,0.038511,0.0416055,0.0385404,0.0409273,0.0385784,0.0390078
0.0399701,0.0383922,0.0383929,0.0383931,0.0383931,0.0383934,0.0384751,0.0384116,0.0383933,0.042933,0.038393,0.0383966,0.0384037,0.0383924,0.0384179,0.039172,0.0384086,0.0389641,0.0383977,0.0384029,0.0436841,0.103101,0.0393212,0.0383972
0.0388284,0.0385477,0.0385482,0.0385752,0.0385481,0.038548,0.038561,0.0386823,0.0385477,0.0392988,0.0385521,0.0385483,0.0385506,0.0385478,0.0386432,0.0388183,0.0396468,0.0442435,0.038579,0.0385486,0.0386083,0.102333,0.0411434,0.038552
0.0379584,0.0379639,0.0381078,0.0379583,0.10251,0.0379913,0.0379639,0.0379676,0.0593951,0.0379581,0.0391732,0.0379717,0.0381104,0.0379604,0.0381204,0.0379617,0.0390066,0.0379588,0.0381017,0.0379936,0.0379584,0.0379583,0.0379897,0.0379605
0.0373142,0.0373084,0.0374933,0.0373084,0.0664492,0.0373115,0.0377518,0.0373092,0.046953,0.0373084,0.037633,0.0373106,0.0993335,0.0373084,0.0373094,0.0373156,0.0375269,0.0373085,0.0394294,0.0373919,0.0374776,0.0373277,0.0375118,0.0373084
0.037807,0.0403572,0.0378086,0.0381372,0.0378062,0.037891,0.0378167,0.0378132,0.0378072,0.0379547,0.0378132,0.0410742,0.037806,0.0505945,0.0378069,0.0402574,0.0378063,0.0382529,0.037806,0.0439716,0.0378066,0.0378073,0.0378077,0.10219
0.0376203,0.0375937,0.0395285,0.0375948,0.0377584,0.0376156,0.0376182,0.0375936,0.101294,0.0375936,0.0375946,0.0376034,0.0376805,0.0376239,0.0375943,0.0656178,0.0375941,0.037602,0.0375937,0.039611,0.0376824,0.0375966,0.0391852,0.0376099
0.0386616,0.0385373,0.0385412,0.0385642,0.0385372,0.0385387,0.0385399,0.0386534,0.0385372,0.0463642,0.0385409,0.0385501,0.0385398,0.0385373,0.0385542,0.0385549,0.0385522,0.0388951,0.0387047,0.0385379,0.0394491,0.103963,0.0386037,0.0385424
0.0374413,0.0478956,0.0374886,0.100418,0.0374208,0.0374211,0.0374207,0.0389462,0.0374207,0.0540903,0.0377477,0.0374208,0.0374207,0.0396462,0.0374217,0.0374209,0.0375127,0.0444774,0.0374378,0.03743,0.037421,0.0374216,0.0376562,0.0376018
0.0389884,0.0381158,0.0378155,0.0628807,0.0378032,0.0378035,0.0378055,0.0379747,0.0378032,0.102527,0.0378067,0.0378037,0.0378032,0.0381378,0.0378269,0.0378047,0.0378045,0.0381773,0.037821,0.0378033,0.0378299,0.0379182,0.0381391,0.0378058
0.0374386,0.0374258,0.037534,0.0374258,0.0616886,0.0374316,0.0457147,0.0374259,0.0965959,0.0374258,0.0374323,0.0374284,0.043216,0.0374258,0.0375702,0.0384002,0.0380419,0.0374268,0.0374493,0.0374391,0.0374337,0.0374301,0.0397738,0.0374258
0.038168,0.0381644,0.10351,0.0392059,0.0382487,0.0381696,0.0382042,0.038163,0.0417043,0.0381629,0.0413986,0.0381636,0.0393427,0.0381962,0.0381633,0.0381632,0.0381654,0.0381635,0.0473163,0.0382014,0.038164,0.0381629,0.038535,0.038163
0.0368199,0.0918322,0.0370613,0.0369972,0.036822,0.0604812,0.0368208,0.0368414,0.0368404,0.0369709,0.036823,0.0726708,0.0368199,0.0369151,0.0375245,0.0368235,0.03682,0.0368206,0.0368203,0.036823,0.0368279,0.0368202,0.0368199,0.0371837
0.0388087,0.0381678,0.0381325,0.0469275,0.0381305,0.0381307,0.0381311,0.0382559,0.0381305,0.102964,0.0381309,0.0381305,0.0381308,0.0381555,0.0381309,0.0381421,0.0381532,0.0387361,0.0381892,0.0381308,0.0382091,0.0471897,0.0386599,0.0381318
0.037933,0.0379407,0.0379708,0.037933,0.102189,0.0379787,0.0379869,0.0380731,0.0382066,0.037933,0.0384042,0.0379558,0.0420848,0.0379331,0.0379485,0.0379331,0.0381922,0.0379331,0.0577468,0.037975,0.0379436,0.0379387,0.0379335,0.0379333
0.0374651,0.0372802,0.0372765,0.0374006,0.0372713,0.0372714,0.0372718,0.0372722,0.0372737,0.0374312,0.0372983,0.0374501,0.0372709,0.056685,0.0372712,0.0380781,0.0372711,0.0411909,0.0372709,0.0555198,0.0372732,0.0372845,0.0374132,0.0995089
0.0383987,0.038469,0.103821,0.0387823,0.0386235,0.0384902,0.0383984,0.0383977,0.0457959,0.0383973,0.0400385,0.0384057,0.0384313,0.0384755,0.0384036,0.0383973,0.0383979,0.0383981,0.0413665,0.0384329,0.0383986,0.0383973,0.0384848,0.0383979
0.038769,0.0386661,0.0393349,0.0388648,0.0386817,0.0386558,0.0386561,0.0387052,0.0386733,0.0386583,0.104275,0.0386559,0.0386819,0.0386929,0.0386682,0.0386558,0.0390318,0.0388515,0.0394103,0.0386733,0.0386575,0.0386559,0.042755,0.0386702
0.0398466,0.0384396,0.038442,0.0384461,0.0384396,0.0384397,0.0384412,0.0384743,0.0384396,0.0404479,0.0384459,0.0384507,0.0384483,0.0384397,0.0384513,0.0385296,0.0384665,0.0437055,0.0385152,0.0384536,0.040151,0.104365,0.0392505,0.0384704
0.0373853,0.0478454,0.0374065,0.0376155,0.0374936,0.0383636,0.0373907,0.0376235,0.0374251,0.0373886,0.0373943,0.0380368,0.0373855,0.05904,0.0373852,0.0374474,0.0373853,0.0373929,0.0373861,0.0872805,0.0373853,0.0373853,0.0373854,0.0557722
0.0383917,0.049703,0.0384568,0.0384435,0.0390123,0.0399314,0.0383936,0.038807,0.0387764,0.0383921,0.0383968,0.0384046,0.0384346,0.0409618,0.0383917,0.0383996,0.0383918,0.0383984,0.0386228,0.0996485,0.0384119,0.038392,0.0383918,0.0384459
0.0384014,0.0449689,0.0787394,0.0384051,0.0639964,0.0399331,0.038404,0.038408,0.0390365,0.0384015,0.0384823,0.0388271,0.0384926,0.0384026,0.0384016,0.0384015,0.0384123,0.0384015,0.0413277,0.0385417,0.0384031,0.0384015,0.0384016,0.0384086
0.036798,0.0387178,0.0370857,0.0690612,0.0367965,0.0368582,0.0367984,0.0368118,0.0368091,0.0368315,0.0367971,0.0367975,0.0367963,0.0946487,0.036796,0.0372507,0.0367961,0.0368847,0.0367985,0.0574403,0.0367961,0.0367962,0.0368138,0.04002
0.0358753,0.0358513,0.0358907,0.0358605,0.0358551,0.0358732,0.0358477,0.0358464,0.0489971,0.035847,0.035847,0.0359463,0.0358466,0.0400127,0.0358464,0.088192,0.0358464,0.0369611,0.0358463,0.0910201,0.0358872,0.0358805,0.0358745,0.0492487
0.039233,0.0387024,0.0386577,0.0391545,0.0386574,0.0386582,0.038659,0.0392029,0.0386574,0.104675,0.0386753,0.0386658,0.0386574,0.0387971,0.038743,0.038663,0.0386627,0.0395225,0.038661,0.0386584,0.0387338,0.0418024,0.038762,0.0387381
0.035584,0.0526188,0.0371789,0.0957072,0.0355532,0.0355642,0.0355533,0.0355625,0.0355536,0.0367437,0.0355629,0.035556,0.0355532,0.094855,0.0355532,0.0355659,0.0355532,0.0357721,0.0355544,0.0361432,0.0355534,0.0355532,0.0355893,0.0420158
0.0362193,0.0365198,0.0362319,0.036345,0.0365168,0.0362959,0.0362437,0.0974258,0.0362193,0.0362386,0.0656345,0.0362228,0.0362342,0.0362201,0.0363615,0.0362193,0.0554888,0.0362405,0.0560125,0.0362234,0.0362194,0.0362235,0.0362197,0.0362239
0.0374152,0.0377245,0.037371,0.0390776,0.0373657,0.0373666,0.0373657,0.0375056,0.0373659,0.0395467,0.0381203,0.0373718,0.0373657,0.0376238,0.0373751,0.0373822,0.0373766,0.096256,0.0373667,0.038597,0.0374405,0.0376935,0.0374182,0.0745081
0.0384005,0.0379192,0.0377386,0.0616363,0.0377319,0.0377322,0.0377323,0.0382526,0.0377319,0.102005,0.0377481,0.0377321,0.0377319,0.039861,0.03774,0.0377333,0.0377337,0.0399411,0.0377456,0.0377328,0.0377405,0.0378288,0.038105,0.0377461
0.0364161,0.0380699,0.0389246,0.0977084,0.0361966,0.0361992,0.0361967,0.0362098,0.0361967,0.0395349,0.0362104,0.0361971,0.0361966,0.0940481,0.0361966,0.0362047,0.0361966,0.0377975,0.0362058,0.0365709,0.0361975,0.0361972,0.0363572,0.0377708
0.0366691,0.0380791,0.0423973,0.0991219,0.0365375,0.0365389,0.0365376,0.0365486,0.0365378,0.0372959,0.0365451,0.0365375,0.0365375,0.0860146,0.0365375,0.0365468,0.0365377,0.0381333,0.0365545,0.0368221,0.0365379,0.0365378,0.0371179,0.0367761
0.0349283,0.0358785,0.034957,0.0378904,0.0349185,0.0349208,0.0349173,0.03492,0.0349537,0.0349216,0.0349334,0.0349418,0.0349169,0.0885798,0.0349168,0.0350926,0.0349168,0.0352985,0.034917,0.0874782,0.0349207,0.0349169,0.034944,0.0860206
0.0367864,0.0367635,0.0369455,0.0367656,0.0492381,0.0367641,0.0368356,0.0367822,0.0370293,0.0367635,0.0395288,0.0367635,0.091322,0.0367635,0.0368006,0.0367634,0.0372561,0.0367634,0.0831004,0.0367637,0.0369796,0.0367766,0.0369813,0.0367634
0.0389854,0.0389787,0.0390446,0.0389795,0.03898,0.0390494,0.100282,0.0389869,0.0389806,0.0390345,0.0389788,0.0391001,0.0393751,0.0389788,0.0389809,0.0395271,0.0389835,0.0389787,0.0389915,0.03898,0.0390305,0.0408171,0.0389969,0.0389789
0.0372718,0.0377703,0.0372828,0.0372721,0.0373044,0.0943087,0.0405684,0.0373213,0.0374897,0.0372757,0.037272,0.0771876,0.0372719,0.0372722,0.0373801,0.041433,0.0372723,0.0372721,0.0372719,0.0373078,0.0372987,0.0373058,0.0372718,0.0373175
0.0389418,0.0387638,0.0387723,0.0387659,0.0387639,0.0387626,0.0983121,0.0387626,0.038836,0.0387639,0.0387687,0.0387641,0.0418736,0.0387629,0.0387633,0.0390547,0.0389966,0.0387631,0.0387709,0.0387742,0.0436171,0.0387634,0.0400791,0.0388033
0.0379435,0.0440852,0.0379794,0.0379666,0.0379439,0.0500889,0.0379618,0.0380059,0.0379469,0.0516643,0.037944,0.0917101,0.0379432,0.0379722,0.0404262,0.0383557,0.0379432,0.0379534,0.0379433,0.0379487,0.0379686,0.0380367,0.0379432,0.038325
0.03822,0.0446577,0.0382561,0.0382809,0.0382687,0.0486766,0.0382252,0.0385914,0.0382379,0.0382811,0.0382241,0.0447374,0.0382202,0.0578039,0.03822,0.0382504,0.0382199,0.0382222,0.0382233,0.0744096,0.0382211,0.0382215,0.0382199,0.041111
0.0390246,0.0390393,0.0390412,0.0390246,0.0403531,0.0427764,0.0908443,0.0395233,0.03903,0.0390259,0.0390249,0.0442033,0.0393594,0.0390246,0.0390258,0.0391133,0.0390967,0.0390246,0.0391118,0.0391702,0.0390315,0.0390788,0.0390246,0.0390279
0.0375067,0.0376802,0.0377167,0.0375404,0.0375425,0.0381157,0.0375086,0.0375083,0.0447906,0.0375065,0.0375076,0.0386068,0.0375068,0.0471186,0.0375064,0.0461879,0.0375064,0.0375677,0.0375065,0.100383,0.0375107,0.0375069,0.0375072,0.0466616
0.0484476,0.038393,0.0384081,0.0384121,0.0383942,0.0383928,0.0383948,0.0383938,0.038499,0.0385641,0.0402768,0.0383928,0.038407,0.0383934,0.0385482,0.038402,0.0393825,0.039211,0.0384174,0.0383932,0.0394891,0.0385198,0.101474,0.038393
0.0382044,0.038206,0.0382054,0.0382044,0.0382881,0.038207,0.0475115,0.0384178,0.0382057,0.0382162,0.038769,0.0382125,0.0382301,0.0382042,0.0471569,0.0382058,0.101949,0.0382063,0.0382505,0.0382042,0.0382373,0.0382424,0.0382588,0.0382066
0.0386265,0.104538,0.0386339,0.0390948,0.0386279,0.0413439,0.0386268,0.0386729,0.0386577,0.0389724,0.0386363,0.0407783,0.0386265,0.0389809,0.038647,0.0386286,0.0386267,0.038628,0.0386267,0.0386721,0.0386367,0.0386265,0.0386265,0.0394648
0.0382402,0.0382111,0.0382095,0.0382129,0.0382097,0.0382144,0.0382439,0.038211,0.0382298,0.0384901,0.0382095,0.0382227,0.0382095,0.0382241,0.0382095,0.100758,0.0382168,0.0437242,0.0382094,0.0465751,0.0383718,0.0420497,0.0383653,0.0401815
0.0388369,0.0388061,0.0388169,0.0388074,0.0388064,0.0388141,0.0388069,0.0388471,0.0388061,0.039767,0.0388104,0.0390087,0.0388105,0.0388064,0.0388102,0.0388553,0.0388077,0.0390799,0.038903,0.0388436,0.039749,0.104763,0.0388156,0.0388216
0.0385893,0.0389102,0.0385298,0.0430464,0.0385271,0.0385336,0.0385296,0.0416867,0.0385271,0.10408,0.0385732,0.03853,0.0385271,0.0387836,0.0387444,0.0385297,0.0385348,0.0392907,0.0385305,0.0385274,0.0385348,0.0388226,0.0385741,0.0385377
0.0383738,0.0383028,0.0383043,0.0383036,0.0383031,0.0383064,0.0386527,0.0384498,0.0383028,0.0509465,0.0383031,0.0383482,0.0383077,0.0383029,0.038315,0.0383648,0.0383101,0.0384312,0.0383362,0.0383108,0.0404621,0.103308,0.0383277,0.0383267
0.0415863,0.0389284,0.0389404,0.0389346,0.0389289,0.0389284,0.0389494,0.0389314,0.0389509,0.0391528,0.0394869,0.0389284,0.0389527,0.0389284,0.039684,0.0389365,0.0410495,0.0390597,0.0389602,0.0389284,0.0392142,0.0403464,0.0963652,0.0389284
0.03815,0.0381469,0.0381467,0.0381469,0.0382124,0.038147,0.0507023,0.0383948,0.0381477,0.0381908,0.0381646,0.0381468,0.0382364,0.0381465,0.0447755,0.0381558,0.100715,0.0381535,0.0385221,0.0381465,0.0382807,0.0393797,0.0386446,0.0381466
0.0392931,0.039263,0.0414685,0.0392642,0.039453,0.0392635,0.0397444,0.0392633,0.0399739,0.0392629,0.0466315,0.0392645,0.0822468,0.0392629,0.0392636,0.0392669,0.0397952,0.0392638,0.0404637,0.0392943,0.0396482,0.0392742,0.0408114,0.0392632
0.0384772,0.0385276,0.0384939,0.0384772,0.0401684,0.0512334,0.0385762,0.0386306,0.039834,0.0384773,0.0391374,0.0966759,0.0384824,0.0384773,0.0395834,0.0386198,0.0386909,0.0384773,0.0384775,0.0385156,0.0384782,0.0384965,0.0384773,0.038515
0.0359047,0.0457555,0.0359383,0.0359051,0.0359417,0.0398929,0.0359062,0.0359052,0.0368615,0.0359142,0.0359155,0.0959865,0.0359047,0.0362296,0.0359276,0.0360119,0.0359047,0.0359073,0.0359047,0.0508908,0.0361686,0.0359054,0.0359047,0.0835129
0.0480622,0.0381564,0.0383554,0.0381562,0.0381647,0.0381562,0.0381617,0.0381561,0.0386628,0.0381931,0.0381818,0.0381593,0.0382198,0.0381561,0.0383295,0.0381895,0.0381578,0.0382181,0.0381793,0.0381625,0.103661,0.0399385,0.0440595,0.0381623
0.0362345,0.0896803,0.0363044,0.0971067,0.0362329,0.0362407,0.036233,0.0365284,0.036233,0.0372003,0.0362405,0.0362332,0.0362329,0.0504825,0.0362329,0.036234,0.036234,0.0363406,0.036243,0.0363688,0.0362332,0.0362329,0.0362424,0.0364549
0.0372892,0.037169,0.0371622,0.0375367,0.0371614,0.0371616,0.0371653,0.0374215,0.0371614,0.0697296,0.0371746,0.0371678,0.0371614,0.0371714,0.0371761,0.0373592,0.0372127,0.0959036,0.037163,0.0372438,0.0372029,0.0490425,0.0372457,0.0408175
0.0346636,0.0415626,0.034889,0.0362654,0.0346626,0.0347105,0.0346605,0.0346609,0.0346846,0.034687,0.0346612,0.0350547,0.0346601,0.0862296,0.0346601,0.0351443,0.0346601,0.0348888,0.0346603,0.0869795,0.0346711,0.0346602,0.0346609,0.0889622
0.0385345,0.0385366,0.0385671,0.0385345,0.043454,0.0385484,0.0402756,0.0386302,0.0385788,0.038535,0.0407882,0.0385455,0.039811,0.0385343,0.0391811,0.0385352,0.102253,0.0385347,0.0388912,0.0385345,0.0385362,0.0385451,0.0385805,0.0385349
0.0368802,0.0382039,0.0370421,0.0368805,0.037351,0.100083,0.0390302,0.0374285,0.0370412,0.0368833,0.0368802,0.0832461,0.0368802,0.0368811,0.0369003,0.0372889,0.0368804,0.0368802,0.0368806,0.0369169,0.0368811,0.0368894,0.0368802,0.0368904
0.0385965,0.0399898,0.103952,0.0388548,0.0389658,0.0393528,0.0385971,0.0386004,0.0386938,0.0385967,0.0388862,0.0387102,0.0385994,0.0387364,0.0386014,0.0385964,0.0385966,0.0385966,0.0434555,0.0386245,0.0385987,0.0385964,0.0385985,0.0386032
0.0380864,0.0380653,0.0386641,0.0380653,0.0454022,0.0380766,0.0382651,0.0380651,0.102325,0.0380651,0.0380686,0.0380835,0.0400058,0.03807,0.0380664,0.0480465,0.0380668,0.0380658,0.0380688,0.0395026,0.0381228,0.0380666,0.0386193,0.0380669
0.039855,0.0398079,0.0402326,0.0398431,0.039951,0.0398071,0.0398101,0.0398062,0.0744387,0.0398062,0.0398132,0.0398062,0.0399275,0.0398167,0.0398082,0.0399338,0.0398237,0.0398832,0.039833,0.039935,0.0398502,0.0398079,0.0485971,0.0398065
0.035898,0.0361138,0.0359017,0.0445594,0.0358606,0.0358663,0.035861,0.0358654,0.0358728,0.0359127,0.0359559,0.0359003,0.0358605,0.0928799,0.0358608,0.0362286,0.0358606,0.0384634,0.0358606,0.050934,0.0358609,0.0358608,0.035955,0.090807
0.0385865,0.0388953,0.0386677,0.0385866,0.104233,0.0398307,0.0385906,0.0388908,0.0403592,0.0385866,0.0397422,0.0394499,0.0389636,0.0385959,0.0386223,0.0385867,0.0385953,0.0385866,0.0402672,0.0390052,0.0385919,0.0385867,0.0385866,0.0385925
0.0369034,0.0373043,0.0370288,0.0386787,0.0369019,0.0369143,0.0369018,0.0369086,0.0369046,0.0369125,0.0369042,0.0369121,0.0369019,0.0695588,0.0369015,0.0371061,0.0369015,0.0373049,0.0369052,0.0982656,0.03692,0.0369037,0.0369053,0.0542503
0.0424091,0.0385839,0.0386867,0.0385831,0.0385954,0.038583,0.0386156,0.0385829,0.0386411,0.0386423,0.0385912,0.0385839,0.0390453,0.0385829,0.0387326,0.0385846,0.0385858,0.0385893,0.0390487,0.0385843,0.104776,0.0390224,0.0407659,0.0385838
0.0378067,0.0377989,0.0379149,0.0377983,0.0378757,0.0391288,0.0379077,0.0377999,0.0387804,0.0378031,0.0378236,0.100614,0.0377984,0.0378283,0.0407151,0.0446008,0.0377983,0.0379344,0.0377984,0.0408104,0.03826,0.0386383,0.0377992,0.0509665
0.0378295,0.0382431,0.0378576,0.0378353,0.0378409,0.102043,0.038255,0.0382296,0.0379982,0.037833,0.0378295,0.0429417,0.0378295,0.0378318,0.0378346,0.0588021,0.0378312,0.0378299,0.0378297,0.0378684,0.0378298,0.0381142,0.0378295,0.0378333
0.0386841,0.0389254,0.0397149,0.0387293,0.0387045,0.103215,0.0387459,0.0396222,0.039067,0.0386917,0.0386845,0.0405823,0.0386842,0.0387192,0.0386876,0.0409481,0.0386863,0.0386849,0.0386845,0.0387796,0.0386841,0.0387047,0.0386842,0.0386857
0.0396576,0.0379758,0.0378768,0.0472611,0.0378744,0.0378744,0.0378748,0.0380407,0.0378744,0.102362,0.0379968,0.0378775,0.0378744,0.0379486,0.0380408,0.0378765,0.0379726,0.0493517,0.0378771,0.0378746,0.0379016,0.0390572,0.0389976,0.0386811
0.0387449,0.0384421,0.0384797,0.0385187,0.0384443,0.038439,0.0384545,0.0384392,0.0390484,0.0384393,0.0384529,0.0384393,0.0387723,0.038609,0.0384389,0.0405339,0.038444,0.0428623,0.0384429,0.0986987,0.0388046,0.0384561,0.0428365,0.0427583
0.0393269,0.0378836,0.101615,0.0379413,0.0385096,0.0378848,0.037884,0.0378835,0.0532062,0.0378836,0.0381211,0.0378842,0.040744,0.0379723,0.0378838,0.0378889,0.0378837,0.0378869,0.0401561,0.0379519,0.0381661,0.0378885,0.0416702,0.0378839
0.0390166,0.0380904,0.0380952,0.0380961,0.0380904,0.038091,0.0381697,0.0380917,0.0380913,0.0388349,0.0380918,0.0380997,0.0380908,0.0380905,0.0381016,0.0508706,0.0381758,0.0436001,0.0380907,0.0381059,0.0386991,0.100073,0.0409297,0.0383137
0.0386855,0.0386186,0.0386195,0.0386326,0.0386188,0.0386192,0.0386214,0.0391461,0.0386186,0.0412364,0.03862,0.0386203,0.0386279,0.0386187,0.0386234,0.0386677,0.0388713,0.0414143,0.0389213,0.0386226,0.0388138,0.104797,0.0387433,0.0386221
0.0388422,0.0388419,0.0388685,0.0388419,0.0392034,0.0389854,0.104856,0.0388527,0.0388874,0.0388431,0.0388423,0.0389678,0.0391774,0.0388419,0.039238,0.0389681,0.0389017,0.038842,0.0389059,0.0388423,0.0388716,0.0388938,0.0388431,0.038842
0.0381945,0.0381885,0.0488778,0.038187,0.042941,0.0383404,0.0382843,0.0381867,0.103634,0.0381867,0.0382188,0.0382252,0.0394374,0.038188,0.0382193,0.0384583,0.0381877,0.0381868,0.0381993,0.0382045,0.0386708,0.0381871,0.0384087,0.0381868
0.0367801,0.0367261,0.0369594,0.0367276,0.0378186,0.0367262,0.0397101,0.0367288,0.0367536,0.0367263,0.0368794,0.0367261,0.0988799,0.0367261,0.0367295,0.0367264,0.0419089,0.0367263,0.0804031,0.0367269,0.0371653,0.0367542,0.0392647,0.0367261
0.0359982,0.0382447,0.0360023,0.0360409,0.036,0.0360316,0.0359977,0.0360002,0.0360218,0.0360035,0.0360135,0.0418953,0.0359975,0.0444727,0.0359977,0.0362216,0.0359975,0.0363269,0.0359976,0.0933244,0.0360245,0.0359983,0.035998,0.0973934
0.0364019,0.0418378,0.0365216,0.0561803,0.0364015,0.0364234,0.0364003,0.0364367,0.0364068,0.0364141,0.0365473,0.0364121,0.0364002,0.0967906,0.0364002,0.0364245,0.0364003,0.036543,0.0364012,0.0481412,0.0364002,0.0364002,0.0364161,0.0648986
0.0379788,0.0379016,0.0520311,0.0379305,0.0384231,0.0379002,0.0379008,0.0379028,0.0379013,0.0379016,0.0390243,0.0379002,0.045213,0.0379003,0.0379093,0.0379002,0.0384274,0.0379104,0.101695,0.0379009,0.038584,0.0379103,0.040053,0.0379002
0.0358247,0.0357718,0.0527044,0.0357755,0.0391667,0.0357714,0.0368957,0.0357717,0.0358006,0.0357715,0.0359884,0.0357717,0.0954265,0.0357714,0.0357752,0.0357713,0.0358164,0.0357713,0.0952653,0.0357716,0.0360331,0.0357719,0.0360405,0.0357713
0.038151,0.0381421,0.0381615,0.0386376,0.0381441,0.0381418,0.0383189,0.0396178,0.0381417,0.0381808,0.038397,0.0381416,0.038176,0.0381417,0.0382538,0.0381438,0.102369,0.0384352,0.0439536,0.0381417,0.0381419,0.0387237,0.0492025,0.0381417
0.0379325,0.0379432,0.0379494,0.0379339,0.0392986,0.0380078,0.0407399,0.0506069,0.0379335,0.0379353,0.0413868,0.0379445,0.0385469,0.0379325,0.0382982,0.0379326,0.101269,0.0379342,0.0427568,0.0379327,0.0379332,0.0379834,0.0379348,0.0379333
0.037606,0.0425917,0.0376066,0.0376081,0.0377332,0.0376474,0.0376124,0.0376195,0.0378625,0.0376068,0.0376063,0.0382559,0.0376099,0.0383196,0.037606,0.0379034,0.037606,0.0376124,0.0376062,0.10196,0.0376844,0.0376062,0.037606,0.0635236
0.038851,0.0385513,0.0385532,0.0385522,0.0385517,0.0385527,0.0386019,0.0385684,0.0385519,0.0390363,0.0385519,0.0385552,0.03856,0.0385514,0.0385634,0.0410651,0.0385989,0.0413334,0.0385574,0.0385685,0.0399201,0.104487,0.0397614,0.0385557
0.0379584,0.0379463,0.0379087,0.0385795,0.0379084,0.0379144,0.0379301,0.0387095,0.0379084,0.102707,0.0379096,0.0379326,0.0379084,0.0379405,0.0379514,0.0382111,0.0379626,0.0455887,0.0379085,0.0379109,0.037942,0.0518679,0.0379471,0.0395478
0.0410827,0.0382825,0.038344,0.0382827,0.0382832,0.0382827,0.0383313,0.0382823,0.03845,0.038355,0.0382872,0.038287,0.0382903,0.0382823,0.0385215,0.0386956,0.0382939,0.0385286,0.0382859,0.0382885,0.103452,0.0444908,0.0440317,0.0382878
0.0385581,0.0387347,0.0385846,0.0385583,0.0386135,0.0456982,0.0386851,0.0392799,0.0385913,0.0385597,0.0432285,0.0949681,0.0385586,0.0385582,0.0435689,0.0385654,0.0386245,0.0385587,0.0385607,0.0385661,0.038571,0.0385916,0.0385582,0.0386582
0.0641655,0.0377075,0.0383001,0.0380167,0.0377087,0.0377074,0.0377081,0.0377076,0.0377433,0.0377184,0.0412518,0.0377075,0.0380272,0.0377247,0.0377088,0.0377131,0.0379002,0.0380814,0.0377833,0.0377286,0.0377841,0.0377687,0.100616,0.0377208
0.0974652,0.0364104,0.0364886,0.0371082,0.036411,0.0364104,0.0364127,0.0364104,0.0365901,0.0364492,0.0365911,0.0364104,0.0366025,0.0365107,0.0364144,0.0365422,0.0364434,0.0371631,0.0364215,0.0364141,0.0367192,0.036456,0.098741,0.0364142
0.0384972,0.0384922,0.0386496,0.0384921,0.0392416,0.0384921,0.0388845,0.0385,0.0385014,0.0384921,0.0388447,0.0384931,0.0853181,0.0384916,0.0384948,0.0384917,0.0409785,0.0384918,0.0624723,0.0384945,0.0394709,0.0386051,0.0386186,0.0384916
0.0381834,0.0382639,0.0381856,0.0383662,0.0382144,0.038935,0.0381885,0.103536,0.0381834,0.038648,0.0464648,0.0381844,0.0381847,0.0381854,0.0382779,0.0381835,0.0443419,0.0383482,0.0398573,0.0381861,0.0381835,0.0385307,0.0381842,0.0381837
0.0460794,0.0371385,0.0372329,0.0437106,0.037135,0.037135,0.0371351,0.0371382,0.0371354,0.0376971,0.0373239,0.0371352,0.0371352,0.0373863,0.0371361,0.0371973,0.0371753,0.0991586,0.0371551,0.0386545,0.0372144,0.037956,0.0589164,0.0429186
0.0386026,0.0386362,0.0397041,0.0386027,0.0963997,0.0433128,0.0388188,0.0386186,0.0432512,0.0386027,0.0386087,0.0426303,0.0386108,0.0386033,0.0386348,0.0386106,0.0386047,0.0386028,0.0386964,0.0394091,0.0386086,0.0386033,0.0386027,0.0386247
0.0387708,0.0393151,0.0389006,0.0387851,0.0388042,0.103543,0.0389507,0.0403181,0.0388286,0.0387726,0.0387709,0.0406532,0.038771,0.0387785,0.0387732,0.039059,0.0387723,0.0387709,0.0387732,0.0387912,0.0387709,0.0387835,0.0387708,0.038773
0.0379039,0.0382866,0.0380253,0.0379046,0.0379642,0.102709,0.0386138,0.0395524,0.0379942,0.0379093,0.0379042,0.0596179,0.0379039,0.0379047,0.0379356,0.0385573,0.0379055,0.037904,0.0379046,0.037916,0.0379042,0.0379665,0.0379039,0.0379087
0.0381405,0.0402261,0.0382011,0.0381626,0.0381669,0.102478,0.0381491,0.0552921,0.0381454,0.038142,0.0381414,0.0389565,0.0381406,0.0381415,0.0381449,0.0381564,0.0381441,0.0381406,0.0381632,0.0381501,0.0381406,0.038195,0.0381405,0.0381412
0.0385567,0.0388268,0.0385448,0.0390112,0.0385442,0.0385479,0.0385443,0.0387567,0.0385442,0.0420217,0.0385519,0.0385505,0.0385441,0.0386323,0.0385469,0.0389192,0.038556,0.0915588,0.0385448,0.0407847,0.0385871,0.0393379,0.0385714,0.0524161
0.0386609,0.0386456,0.0386568,0.0386472,0.0386466,0.0389377,0.0413607,0.0386456,0.0415466,0.0386492,0.0386455,0.0389416,0.0386469,0.0386535,0.0386494,0.103816,0.0386459,0.038672,0.0386455,0.0387684,0.0386563,0.03949,0.0387101,0.0386619
0.0378915,0.041543,0.0888169,0.0379226,0.042017,0.0389594,0.0379265,0.0379421,0.0379525,0.0378915,0.0379844,0.0379677,0.0384121,0.0378926,0.0378916,0.0378915,0.037907,0.0378915,0.0677174,0.038012,0.0378934,0.0378916,0.0378917,0.0378924
0.0383833,0.0383749,0.0383792,0.0383743,0.0392582,0.0383779,0.0391251,0.0383743,0.0992328,0.0383743,0.0383907,0.0384349,0.0435425,0.0383743,0.0383773,0.0476966,0.0384615,0.0383745,0.0383746,0.0387255,0.0392446,0.0383766,0.0389928,0.0383792
0.0385623,0.0389309,0.0386977,0.0385684,0.0386041,0.104462,0.0386667,0.039951,0.0387338,0.0385655,0.0385624,0.0400135,0.0385624,0.0385645,0.0385638,0.0430933,0.0385643,0.0385628,0.0385637,0.0386447,0.0385625,0.0388736,0.0385623,0.0385637
0.0380844,0.0394023,0.0456658,0.103066,0.0380756,0.0380797,0.0380756,0.0380901,0.038076,0.0381086,0.0380955,0.0380762,0.0380756,0.0498918,0.0380757,0.0380775,0.0380766,0.0381175,0.0380797,0.0380972,0.0380756,0.0380756,0.038315,0.0381467
0.0391993,0.0386835,0.0387279,0.0386837,0.0386847,0.0386852,0.0387502,0.0386829,0.0389169,0.0387915,0.0386864,0.0386842,0.0387078,0.0386827,0.0415477,0.0387491,0.0387117,0.0386947,0.0387292,0.0386828,0.102107,0.0411637,0.0403646,0.0386828
0.037607,0.0376034,0.0375944,0.0376244,0.0376056,0.0375945,0.0376279,0.0379996,0.0375975,0.0376529,0.0566898,0.0375944,0.0375953,0.0375942,0.0481323,0.0375975,0.0999045,0.0376754,0.0375987,0.037594,0.0375971,0.0376109,0.0426994,0.0376091
0.0361958,0.0363524,0.0361927,0.036199,0.0362032,0.0361964,0.0361932,0.0361974,0.0362137,0.036204,0.0362201,0.0390623,0.0361924,0.0464749,0.0361926,0.0366733,0.0361924,0.0365339,0.0361923,0.0918976,0.0362059,0.0361944,0.0361946,0.0976255
0.0352656,0.0419264,0.0356723,0.0866644,0.0351871,0.0351964,0.0351871,0.03519,0.0351935,0.0353266,0.0353018,0.0351989,0.0351871,0.0950939,0.0351873,0.0352124,0.0351871,0.0359175,0.0351874,0.0392866,0.0351884,0.0351871,0.0352564,0.0667986
0.0363481,0.0363636,0.0363708,0.036349,0.0425837,0.0363691,0.0367441,0.0422117,0.0363513,0.0363487,0.0480528,0.0363505,0.0411267,0.0363481,0.0367738,0.0363481,0.0964108,0.0363492,0.0744257,0.0363484,0.036355,0.0363727,0.0363502,0.0363481
0.0488531,0.0365853,0.0366004,0.0386775,0.0365815,0.0365814,0.0365814,0.0365834,0.0365847,0.0367959,0.0379308,0.0365816,0.0365828,0.0376771,0.0365818,0.0366551,0.0366145,0.0942056,0.0365857,0.0428819,0.03665,0.0367599,0.068901,0.0449676
0.0396342,0.0626749,0.0400084,0.046911,0.0396331,0.0397757,0.0396344,0.0396344,0.0396785,0.039695,0.0396331,0.0397092,0.039633,0.0552338,0.039633,0.0397134,0.0396329,0.0396345,0.0396337,0.0415793,0.0396386,0.039633,0.0396335,0.0397792
