0.0391108,0.0391112,0.0391331,0.0391109,0.0391234,0.0391167,0.0391117,0.0391147,0.0392759,0.0391113,0.04041,0.0392151,0.0391114,0.0391111,0.0985166,0.0391114,0.0393146,0.039111,0.0391146,0.0391128,0.0391249,0.0391108,0.0392014,0.0391147
0.0393749,0.0390281,0.0388654,0.038846,0.0389888,0.0388874,0.0388458,0.0388458,0.0388615,0.0388481,0.0388505,0.0388459,0.0391005,0.0388461,0.0389087,0.0388463,0.0388687,0.0388498,0.0388523,0.0388461,0.105053,0.038959,0.0389204,0.0388607
0.038729,0.03875,0.0387412,0.0420207,0.0387292,0.0388445,0.0387295,0.0387376,0.03873,0.0387287,0.0387295,0.038774,0.0387286,0.105215,0.0387286,0.0387391,0.0387287,0.0387377,0.0387287,0.0391191,0.0387287,0.038729,0.0387522,0.0388203
0.0389506,0.0389511,0.0389636,0.0389507,0.038951,0.0389564,0.0390758,0.0389505,0.103412,0.0389505,0.0389566,0.0389516,0.0389686,0.0389508,0.0389536,0.0390232,0.0389552,0.0389505,0.0389521,0.038951,0.038953,0.0389634,0.0394039,0.0389546
0.0387314,0.038732,0.0387695,0.0387314,0.0387314,0.0391389,0.0402071,0.0387315,0.0403895,0.0387741,0.0387321,0.0388703,0.0387327,0.038734,0.0387322,0.102877,0.0387316,0.0387339,0.0387319,0.041176,0.0387671,0.0387332,0.0387314,0.0387803
0.0374708,0.0372653,0.0372613,0.0771499,0.0372609,0.0372657,0.0372672,0.037337,0.0372608,0.037266,0.037475,0.0372611,0.0372608,0.0372611,0.0372609,0.0373547,0.0372951,0.101046,0.0372627,0.03815,0.0372609,0.037261,0.0377729,0.0372723
0.0388636,0.0388684,0.0388919,0.0388662,0.0388736,0.0388875,0.0388857,0.0388634,0.0388637,0.0388635,0.0389244,0.0388637,0.10547,0.0388643,0.0388633,0.0388639,0.038875,0.0388637,0.0388766,0.0389014,0.0392978,0.0388795,0.0388652,0.0388638
0.0396492,0.0396418,0.0397311,0.0396413,0.0396472,0.0397063,0.0396649,0.0396479,0.0397143,0.0396436,0.0851619,0.0396417,0.0396413,0.0396421,0.0418645,0.0396418,0.040183,0.0396424,0.0396425,0.0396413,0.03968,0.0396413,0.039647,0.0396416
0.0387388,0.0387384,0.0387952,0.0388598,0.0388239,0.0387469,0.0387391,0.0392249,0.0387966,0.0387566,0.0409729,0.105199,0.0387381,0.0387638,0.0388018,0.0387384,0.0387381,0.0387454,0.0387383,0.0388367,0.0387389,0.0387472,0.0387478,0.0392739
0.0388448,0.0388024,0.0405001,0.0388325,0.0388034,0.0388015,0.0388784,0.0388067,0.0388008,0.0388036,0.0388131,0.0388123,0.0391866,0.0388011,0.038801,0.0388009,0.0388264,0.038805,0.105266,0.038802,0.038801,0.0388089,0.0388008,0.0388008
0.0391631,0.0391642,0.0391634,0.0391662,0.0391933,0.039326,0.0391654,0.0391634,0.0426613,0.0391633,0.0391636,0.0391705,0.0391731,0.0391639,0.0391732,0.0954813,0.0391636,0.0391632,0.0391643,0.0391814,0.0391634,0.0391633,0.0391747,0.0391711
0.0391686,0.038885,0.0389079,0.0388784,0.0388873,0.038896,0.0388792,0.0388784,0.0389047,0.0388785,0.0388791,0.0388785,0.0398149,0.0388789,0.0388817,0.0389038,0.0388785,0.0388784,0.0388801,0.0388801,0.104301,0.0390097,0.0388909,0.0388806
0.0377879,0.0383417,0.0377857,0.0377858,0.0377926,0.0377947,0.0984035,0.0389551,0.037786,0.065819,0.037786,0.0377857,0.0378225,0.0377863,0.0382176,0.0378848,0.0399504,0.0377897,0.0377879,0.0377857,0.0377886,0.0377878,0.0377858,0.0377891
0.0402994,0.0386954,0.0387902,0.0386953,0.0386951,0.0387041,0.0386982,0.0386952,0.0387268,0.0386951,0.038707,0.038696,0.0386991,0.0387003,0.038702,0.0386951,0.0388236,0.0387051,0.0386952,0.038698,0.0433913,0.038769,0.103327,0.0386964
0.0385843,0.041993,0.0385843,0.0385845,0.038657,0.0400617,0.0386327,0.104852,0.0385864,0.0401618,0.0385939,0.0386668,0.0385852,0.0385844,0.0386627,0.0385857,0.0389141,0.0386091,0.0386286,0.0386742,0.0386639,0.0385919,0.0388845,0.0386574
0.0413485,0.0398061,0.0387498,0.0387165,0.0387442,0.0387213,0.0387195,0.0387165,0.0387244,0.0387213,0.038853,0.0387172,0.0390451,0.0387247,0.0387186,0.0387218,0.03873,0.0387176,0.0387182,0.0387289,0.105148,0.0387383,0.0387276,0.0387428
0.0402752,0.0383765,0.0380086,0.0380056,0.0380353,0.0380064,0.0399074,0.0380312,0.0380064,0.0380088,0.038195,0.0380049,0.0452272,0.038005,0.0453708,0.0380177,0.038208,0.0380701,0.103281,0.0384888,0.0381659,0.0402082,0.0380914,0.038005
0.0390239,0.0389653,0.0391512,0.0390314,0.0515198,0.0389724,0.0905231,0.0389655,0.03907,0.0389653,0.0390169,0.0389689,0.038966,0.0389699,0.0390278,0.0390484,0.0389654,0.0389654,0.0389653,0.0389676,0.0389665,0.0389653,0.0390534,0.0389653
0.0387773,0.0388077,0.0387771,0.0388627,0.0387775,0.0389435,0.0390223,0.105404,0.0387771,0.0397128,0.0388931,0.0387832,0.0387769,0.0388211,0.0389679,0.0387779,0.0388122,0.0393623,0.0388804,0.038783,0.0388619,0.0388039,0.0388226,0.0387915
0.0388637,0.0388514,0.0388447,0.0388511,0.0388478,0.0388477,0.0388489,0.0388449,0.0388449,0.0388458,0.0389413,0.0388449,0.038844,0.0388439,0.0389035,0.0388536,0.105235,0.0388945,0.0388473,0.0388439,0.0399145,0.0388449,0.0388535,0.0388439
0.0390122,0.0385774,0.0385769,0.0400864,0.0385812,0.0385805,0.0389888,0.0385762,0.0440977,0.0385753,0.0385845,0.0385752,0.0385917,0.0385828,0.0385837,0.0385768,0.038582,0.0385807,0.0385761,0.0385757,0.0385766,0.0385755,0.104808,0.0385779
0.038855,0.0388615,0.0397501,0.0388551,0.0388752,0.0388805,0.0389042,0.0388553,0.105235,0.038855,0.0388574,0.0388637,0.0388608,0.038855,0.0388978,0.038855,0.0388589,0.0388549,0.0388563,0.0388598,0.0388838,0.0388551,0.0388596,0.0388551
0.0921061,0.036479,0.0365309,0.0364495,0.0364489,0.0364517,0.0408181,0.0364491,0.0364511,0.0364662,0.0364839,0.0364481,0.0376218,0.0364832,0.0364533,0.036471,0.0366004,0.0374511,0.0988428,0.0365876,0.0365235,0.0364671,0.0364523,0.0364634
0.0388205,0.0388128,0.0388603,0.0388119,0.0397121,0.0388194,0.0388155,0.0388114,0.0388218,0.0388116,0.0388144,0.0388114,0.105354,0.0388113,0.0388133,0.038816,0.0388302,0.038812,0.0395897,0.0388558,0.0388132,0.0388375,0.0389295,0.0388145
0.0385893,0.0385844,0.0386348,0.0385873,0.038587,0.0386012,0.038609,0.0385984,0.0386047,0.0385847,0.0385948,0.104873,0.0385843,0.0450496,0.0388428,0.0385849,0.038586,0.0385846,0.0385847,0.0386095,0.0385929,0.0393373,0.0385904,0.0386047
0.0390154,0.0396759,0.0386586,0.0409614,0.0386539,0.0386719,0.0387454,0.0398013,0.0386528,0.105009,0.0386967,0.0386534,0.0386529,0.0386539,0.0386601,0.0386558,0.0386592,0.0390948,0.0391605,0.038653,0.0386537,0.0386529,0.0386527,0.038655
0.0372619,0.0372616,0.03788,0.0372618,0.0401117,0.0724386,0.0998344,0.0372677,0.039844,0.0372617,0.0372623,0.0375139,0.0376275,0.037264,0.0373196,0.0372968,0.038431,0.0372618,0.0372617,0.0372654,0.0372854,0.0372615,0.0372639,0.0372619
0.0389757,0.0389098,0.0388576,0.0389331,0.0388576,0.0388579,0.105625,0.0388697,0.0388582,0.038957,0.0388638,0.0388838,0.0388829,0.0388599,0.0388741,0.0388612,0.0389374,0.0389482,0.038861,0.0388652,0.0388613,0.0388774,0.0388646,0.038858
0.0387679,0.104885,0.038807,0.0399515,0.0387681,0.0387884,0.0387709,0.0387752,0.0387692,0.0392298,0.0387677,0.038768,0.0387677,0.0387677,0.03886,0.0387695,0.0387683,0.0387682,0.0387682,0.0388009,0.0401147,0.0387676,0.0387678,0.0390305
0.104908,0.0388867,0.0389368,0.0390187,0.038881,0.0388816,0.038884,0.0388814,0.0388816,0.0389902,0.0389223,0.0390519,0.0388827,0.0389,0.0389,0.0388809,0.0388856,0.0388828,0.0388838,0.0388829,0.0389214,0.0388963,0.0390767,0.0388828
0.038476,0.038477,0.0384768,0.0384761,0.038476,0.0391916,0.0384781,0.0385368,0.0384772,0.0384826,0.0384844,0.0386299,0.0384768,0.0471557,0.0384764,0.0391048,0.0384762,0.0385016,0.0384763,0.0393993,0.0384773,0.0385487,0.0384835,0.103761
0.0388733,0.0388733,0.0389644,0.0388747,0.0388973,0.0388765,0.0388732,0.0388829,0.0388731,0.038875,0.105618,0.0388729,0.0388747,0.0388755,0.0389278,0.0388768,0.038875,0.038879,0.0388801,0.0388728,0.038876,0.0388729,0.0389372,0.0388972
0.0388302,0.0389853,0.0390311,0.0392583,0.039359,0.0388385,0.0388266,0.0388311,0.0388296,0.0388268,0.0388266,0.0388265,0.0388525,0.0388265,0.0388279,0.0388303,0.0389075,0.0388266,0.105515,0.0388337,0.0388288,0.038827,0.0388285,0.0388265
0.0388401,0.0393449,0.0388402,0.038905,0.0388487,0.0388763,0.0389239,0.105573,0.0388402,0.0389425,0.0388857,0.0388841,0.0388404,0.0388473,0.0388596,0.0388409,0.0388531,0.0388878,0.0389284,0.038843,0.038844,0.0388504,0.0388468,0.0388532
0.0388124,0.0388779,0.0388137,0.0388485,0.0388125,0.0388267,0.0388139,0.0388178,0.0388138,0.0388143,0.0388124,0.0391009,0.0388135,0.0388196,0.0388125,0.0405276,0.0388124,0.0388312,0.0388375,0.10503,0.0388125,0.0388141,0.0388124,0.0389114
0.0387558,0.0387597,0.0387731,0.0387524,0.0396846,0.038753,0.0389512,0.0387577,0.0387545,0.0387532,0.103983,0.0387525,0.0387521,0.0387527,0.041918,0.0387581,0.0390255,0.0387648,0.0388253,0.0387522,0.0387629,0.0387521,0.0387529,0.0387525
0.0392253,0.0393176,0.0393115,0.0642526,0.0392253,0.0392594,0.0392462,0.0392272,0.0392263,0.0392299,0.0392255,0.0392325,0.0392252,0.0721623,0.039225,0.0395043,0.039225,0.0392285,0.0392318,0.0393131,0.039225,0.0392303,0.039225,0.0392252
0.0388739,0.0388745,0.0388743,0.0388807,0.0388822,0.0389109,0.0388745,0.0388756,0.0388942,0.0388871,0.0388742,0.0388755,0.038874,0.0388739,0.0388746,0.105582,0.038875,0.0388943,0.0388739,0.0389129,0.0388746,0.0388746,0.0388739,0.0390384
0.0387612,0.038767,0.0390095,0.0387618,0.0388835,0.0387742,0.0387644,0.0387649,0.0388623,0.0387613,0.0387678,0.105267,0.0387612,0.0393527,0.0388381,0.0387706,0.0387622,0.0387613,0.0387659,0.0388858,0.0387708,0.0405462,0.0387739,0.0388661
0.0388497,0.0388529,0.0388508,0.0389036,0.0388488,0.0390037,0.0388582,0.038855,0.0388522,0.0388491,0.0388574,0.0388942,0.0388489,0.10555,0.0388487,0.0389355,0.0388488,0.0388689,0.0388501,0.0388879,0.0388487,0.0388639,0.0388528,0.0393205
0.0380382,0.0426377,0.0380399,0.0380375,0.0380512,0.0380406,0.0380571,0.0380398,0.038071,0.0382871,0.0380379,0.0966705,0.0380374,0.0380442,0.0385876,0.0385852,0.038046,0.038039,0.0380378,0.0380423,0.0603912,0.0380991,0.0380374,0.0380441
0.0387821,0.0387821,0.038783,0.0387993,0.0387861,0.038925,0.0387983,0.038928,0.039097,0.0387824,0.0388876,0.105368,0.0387822,0.0389019,0.0387931,0.0389077,0.0388052,0.0387896,0.0387822,0.0398367,0.0387822,0.0391766,0.0387968,0.0389267
0.0386571,0.0386942,0.0386677,0.0386705,0.0386235,0.0386879,0.038855,0.0388223,0.0386277,0.104984,0.0386303,0.0387228,0.038624,0.0386253,0.0386931,0.0431851,0.0386568,0.0386437,0.0389539,0.0386319,0.0387787,0.0392863,0.038624,0.0386545
0.0387761,0.0387769,0.0387804,0.0387759,0.0391789,0.0387767,0.038786,0.0389502,0.0387956,0.0387779,0.0396232,0.039012,0.0387767,0.0387759,0.10537,0.038776,0.0396064,0.0387785,0.038785,0.038777,0.0387767,0.0387766,0.039015,0.0387762
0.0385081,0.0385009,0.0385457,0.0385009,0.0465286,0.0385034,0.0385011,0.0385115,0.0391372,0.0385047,0.104631,0.038505,0.0385446,0.0385027,0.0385324,0.0385012,0.0386163,0.0385423,0.0389818,0.0385016,0.0385057,0.0385007,0.0388577,0.0385351
0.0806499,0.0372223,0.0372624,0.0372434,0.037228,0.037223,0.0372174,0.0372155,0.037355,0.0372267,0.0372158,0.037216,0.0372158,0.0372178,0.0372242,0.0373082,0.0372431,0.0372403,0.0372169,0.0372157,0.0977354,0.0372208,0.0396708,0.0372156
0.0380868,0.0410692,0.0380766,0.0380764,0.0490022,0.0380766,0.0381101,0.0381467,0.0388325,0.0380849,0.0388458,0.0380814,0.0381664,0.0380757,0.0411278,0.0380803,0.103295,0.0381238,0.0390876,0.0380757,0.0392446,0.0380757,0.03808,0.0380787
0.0388821,0.0388888,0.0388834,0.0388829,0.0388936,0.0388828,0.0389089,0.0388812,0.0389431,0.0388809,0.0388811,0.0388816,0.105359,0.0388809,0.0388825,0.038881,0.0389441,0.038881,0.0388822,0.0388834,0.0390533,0.038884,0.0388872,0.0388907
0.0388876,0.0388732,0.103884,0.0391921,0.0389096,0.0403213,0.0388738,0.0388717,0.038953,0.0388715,0.038872,0.0388725,0.0388918,0.0388714,0.0388719,0.0388714,0.0388823,0.0388714,0.0389019,0.038876,0.0388901,0.0388735,0.0389443,0.0388714
0.0386462,0.0386705,0.0386491,0.0386493,0.0386478,0.105016,0.0388343,0.0440968,0.0386465,0.0386569,0.0386483,0.038648,0.0387112,0.0388131,0.0386537,0.0386558,0.0386483,0.0386467,0.0386503,0.0386487,0.0386465,0.0387108,0.0386947,0.038711
0.038863,0.0388576,0.0390523,0.0388576,0.0388863,0.0388772,0.0389436,0.0388579,0.0388752,0.0389218,0.0391756,0.0388622,0.0388584,0.0388576,0.105484,0.0388593,0.0388749,0.038858,0.0388577,0.0388576,0.0388861,0.0388576,0.0388577,0.0388609
0.037207,0.0370774,0.0370741,0.0370695,0.0370693,0.0371821,0.0371167,0.0370702,0.0370697,0.0954217,0.0370697,0.037211,0.0370696,0.0370699,0.0373241,0.0372467,0.0376071,0.0371315,0.0372306,0.0370737,0.0871274,0.0373423,0.0370694,0.0370694
0.0388649,0.0388726,0.0389154,0.0388677,0.0388656,0.0388772,0.0388649,0.0388744,0.0388675,0.0388665,0.0388688,0.0389254,0.0388702,0.0390463,0.0388668,0.0388752,0.0388649,0.0389553,0.0388648,0.0389319,0.0388651,0.0388692,0.0388671,0.105592
0.040366,0.0411296,0.0403678,0.0417855,0.0403661,0.0403681,0.0403661,0.0403692,0.0403684,0.0403662,0.0403662,0.0403666,0.0403662,0.0411084,0.0403659,0.040369,0.0403659,0.0403673,0.0403712,0.068614,0.0403659,0.0403687,0.0403842,0.0403676
0.0379493,0.0379937,0.0379438,0.039101,0.0379435,0.0379854,0.0380505,0.0410097,0.0379437,0.102991,0.0379684,0.0565613,0.0379434,0.037944,0.0380282,0.0382549,0.0379464,0.0382684,0.0379915,0.0379455,0.0379505,0.0382354,0.0379434,0.0381065
0.0388167,0.0388183,0.0388405,0.0388165,0.0399907,0.0388199,0.0388222,0.0388309,0.0388308,0.038831,0.0390388,0.0388632,0.0388164,0.0388164,0.105467,0.0388195,0.0389563,0.0388167,0.0388466,0.0388187,0.0388494,0.0388169,0.0388385,0.0388181
0.0387943,0.0388244,0.0387945,0.0387953,0.0388044,0.0388029,0.0388515,0.0387972,0.0387953,0.0387948,0.0388366,0.0387975,0.0387943,0.0387942,0.0392536,0.0397816,0.105187,0.0389135,0.0388002,0.0387942,0.0395954,0.0387942,0.0388088,0.0387942
0.0387579,0.03877,0.038758,0.0387689,0.0387591,0.0387796,0.0388216,0.105352,0.0387595,0.0388036,0.0391676,0.0387958,0.0387581,0.03876,0.0387769,0.0387599,0.0395466,0.0389108,0.0398588,0.0387696,0.0387722,0.0391219,0.0389122,0.0387596
0.0393605,0.0394404,0.0393609,0.0393622,0.0396205,0.0393661,0.0393707,0.0393875,0.0393602,0.0393601,0.0393679,0.039362,0.0402887,0.0393616,0.0393601,0.0393921,0.0399365,0.0393618,0.0927671,0.0393607,0.0393611,0.0393613,0.0393699,0.0393601
0.0388709,0.0388723,0.0388712,0.0388718,0.0388713,0.0389283,0.0388716,0.0388716,0.0388954,0.0388776,0.0388712,0.0388725,0.038871,0.0388716,0.038871,0.105619,0.0388827,0.0388996,0.0388717,0.0390533,0.0388777,0.0388852,0.038871,0.0388802
0.038754,0.0387279,0.0390503,0.0387278,0.0387278,0.0387302,0.0387349,0.0387283,0.0387587,0.038798,0.0387279,0.0388142,0.0387437,0.039036,0.0387282,0.03878,0.0387432,0.038728,0.0387366,0.0387314,0.0417717,0.10521,0.038753,0.0387582
0.0409033,0.0386294,0.0386302,0.0386362,0.0386294,0.0386317,0.0386392,0.0386428,0.0386293,0.0386441,0.0386296,0.0386598,0.0386779,0.0386297,0.0387522,0.038636,0.0400456,0.0390967,0.0386296,0.0386295,0.0387283,0.102204,0.043368,0.0386982
0.0388648,0.0388625,0.0391011,0.0389433,0.105585,0.0388626,0.0388605,0.0388621,0.0388994,0.0388611,0.0389236,0.0388608,0.0389094,0.0388614,0.0388613,0.0388609,0.0389071,0.0388606,0.0389195,0.0388606,0.0388619,0.0388606,0.0388897,0.0388606
0.0389133,0.0389133,0.0389156,0.0389131,0.0392481,0.0392314,0.0389269,0.0389131,0.0391405,0.038913,0.0389136,0.0389166,0.103195,0.0389162,0.038913,0.0389242,0.0389133,0.038913,0.0389149,0.0389134,0.0389156,0.0397573,0.0389296,0.0389362
0.0388079,0.0399593,0.0388117,0.0388088,0.0388079,0.0388306,0.0388146,0.0388138,0.0388079,0.039023,0.0388131,0.038843,0.0388084,0.0395276,0.0388087,0.0389491,0.0388081,0.0388298,0.0388079,0.038817,0.0388131,0.0388121,0.0388079,0.105069
0.0384588,0.0384591,0.0408979,0.0384589,0.0384747,0.0392253,0.0386632,0.0384587,0.104511,0.0384587,0.038465,0.0384903,0.0391323,0.0384629,0.0384606,0.0422513,0.0385265,0.0384587,0.0384594,0.0384598,0.0384773,0.0385181,0.0412863,0.0384848
0.0388783,0.0388791,0.0388792,0.0388825,0.0388775,0.0389287,0.0388786,0.0388798,0.0388775,0.0389798,0.0388775,0.0390015,0.0390036,0.0388785,0.0388794,0.0388832,0.0388813,0.0388783,0.038909,0.0388776,0.0389017,0.105255,0.0388776,0.0389552
0.0387635,0.0399641,0.0387609,0.104783,0.0387591,0.03876,0.0387657,0.0388266,0.038759,0.0406775,0.0387617,0.03876,0.0387591,0.0387597,0.0387598,0.0387606,0.0388631,0.0391896,0.0387593,0.0387591,0.038759,0.0387595,0.0387632,0.0387669
0.0401061,0.039222,0.038874,0.0388391,0.0387912,0.0387935,0.0390482,0.0387975,0.0387929,0.105421,0.0388247,0.038793,0.0387912,0.0387935,0.0388262,0.0387931,0.0387934,0.038796,0.0389326,0.0387912,0.0387973,0.0387927,0.0387912,0.0387985
0.0382605,0.0382632,0.0382916,0.038261,0.0382753,0.0383879,0.0509363,0.0382615,0.103272,0.0382611,0.0382604,0.0383328,0.0396587,0.0382601,0.0384054,0.0387034,0.0382796,0.0382601,0.0382607,0.0382603,0.0382602,0.0385947,0.0396754,0.0383181
0.0391766,0.038834,0.10555,0.0392296,0.03895,0.0388492,0.0388672,0.0388334,0.038875,0.0388358,0.0388699,0.0388372,0.0388369,0.0388475,0.0388345,0.0388333,0.0388487,0.0388336,0.0390523,0.038868,0.0388355,0.0388334,0.0388346,0.0388333
0.0388786,0.105276,0.0389268,0.0388837,0.0388748,0.0388794,0.0388746,0.0388874,0.0388755,0.0389494,0.0388741,0.0388861,0.0388739,0.039002,0.0388838,0.0388742,0.038874,0.038874,0.0388792,0.0388773,0.0390305,0.0388744,0.038874,0.0390163
0.0390558,0.0389256,0.0387629,0.0401983,0.0387614,0.0387731,0.038776,0.0387949,0.0387618,0.105311,0.0387765,0.0387618,0.0387636,0.0388027,0.0387757,0.0389926,0.0388157,0.0387787,0.0388181,0.0387617,0.0387633,0.0395406,0.0387665,0.0387618
0.0389242,0.0388745,0.0389482,0.0388885,0.104851,0.0388819,0.0388743,0.0388861,0.0388743,0.0388744,0.0392985,0.0388997,0.0388921,0.0388807,0.0388743,0.0388743,0.0388765,0.0388751,0.0392461,0.0388743,0.0388752,0.0388767,0.038905,0.0388745
0.0387107,0.0387108,0.0387129,0.0387979,0.0387109,0.0388022,0.0387107,0.0387282,0.0387108,0.0387504,0.0387261,0.038761,0.0387143,0.0439753,0.0387115,0.0387362,0.0387108,0.0388359,0.0387141,0.038765,0.0387107,0.0388514,0.0387406,0.103702
0.0389216,0.0388697,0.105543,0.0388967,0.0391484,0.0388905,0.0388678,0.0388667,0.0388947,0.0388675,0.0389055,0.0388704,0.0388681,0.0388668,0.0388692,0.0388667,0.0388671,0.0388667,0.0388993,0.0388764,0.0388685,0.0388668,0.0388753,0.0388668
0.0386176,0.0385985,0.0386086,0.0386179,0.0433084,0.0385983,0.0385988,0.0388991,0.0386141,0.0386072,0.104852,0.0386085,0.0385981,0.0385983,0.0386303,0.0386009,0.0386007,0.0387511,0.0391854,0.0386009,0.0385982,0.0385981,0.0401053,0.0386033
0.038968,0.0387451,0.0388288,0.0396736,0.038745,0.0387561,0.0387451,0.0387479,0.038745,0.0390304,0.038745,0.0387944,0.0389043,0.0387944,0.038746,0.0387677,0.0387548,0.0388714,0.0403105,0.0387547,0.0387502,0.105265,0.0387546,0.0388021
0.0402387,0.040241,0.0402401,0.040252,0.0402387,0.0403219,0.0402452,0.0402481,0.0402407,0.0402387,0.0402394,0.041336,0.0402396,0.0434709,0.0402388,0.0402553,0.0402387,0.0402429,0.0402396,0.0668407,0.0402389,0.0402431,0.0403279,0.043343
0.0387723,0.0391313,0.038773,0.0388,0.0387723,0.0388401,0.038777,0.03893,0.0399848,0.0387722,0.0387731,0.0388865,0.0387789,0.0388098,0.0387722,0.0387886,0.0387722,0.0389202,0.0393773,0.10535,0.0387849,0.0387783,0.0388337,0.0388211
0.0366363,0.0366407,0.0785877,0.0373762,0.0948035,0.0380655,0.0366329,0.0366345,0.0366879,0.0366334,0.0366522,0.0366809,0.0368835,0.0366329,0.0366336,0.0366423,0.0366894,0.0366351,0.0544496,0.0367884,0.0366375,0.0366333,0.0367098,0.0366331
0.0387835,0.0387924,0.0387846,0.0405789,0.0387835,0.0392533,0.0387867,0.0387911,0.0387862,0.0387836,0.038793,0.0387872,0.0387835,0.105373,0.0387834,0.0389548,0.0387835,0.0387909,0.0387839,0.0388046,0.0387835,0.0387936,0.0387891,0.0388721
0.0388475,0.0388479,0.0388539,0.0388476,0.0388475,0.0388681,0.0388493,0.0388476,0.038958,0.0388517,0.0388518,0.0388866,0.0388475,0.0389436,0.0388475,0.103501,0.0388475,0.0388609,0.038848,0.0415372,0.0388506,0.0388486,0.0388475,0.0388621
0.0389151,0.0388613,0.0388673,0.0388624,0.0388888,0.0388986,0.0388639,0.0388825,0.0388836,0.105579,0.0389787,0.038864,0.0388604,0.0388616,0.0389193,0.0388853,0.0388603,0.0388627,0.0388607,0.0388603,0.0388644,0.0388618,0.0388604,0.0390971
0.038765,0.0434751,0.0387912,0.0418373,0.0387648,0.0387724,0.0387987,0.0387674,0.0387649,0.0387754,0.0387659,0.0387697,0.0387649,0.100374,0.0387648,0.038765,0.0387649,0.0387654,0.0387653,0.0387983,0.0387688,0.0387704,0.0387653,0.0388852
0.0371381,0.037956,0.0371386,0.0371538,0.0371699,0.0371635,0.0380266,0.100227,0.0371391,0.0371564,0.0729456,0.0371414,0.0371398,0.0371614,0.037286,0.0371468,0.0387849,0.0372019,0.0429964,0.0371402,0.0371488,0.0371381,0.0371394,0.03736
0.0390434,0.0387203,0.0387108,0.0387197,0.0387097,0.0387108,0.0387118,0.0387429,0.0387095,0.0390935,0.0395853,0.0387102,0.0387096,0.0387099,0.0387171,0.0387138,0.0387501,0.103187,0.0387095,0.038713,0.0387245,0.038711,0.0387141,0.0434724
0.0415869,0.0389388,0.038785,0.0390317,0.038739,0.0387405,0.0387691,0.0387842,0.0387401,0.105292,0.038857,0.0387404,0.0387386,0.0387407,0.0387435,0.0387432,0.0387393,0.038783,0.0388002,0.0387388,0.0387475,0.0387396,0.0387386,0.0387429
0.0366565,0.036629,0.0366534,0.097727,0.0366072,0.0366427,0.0366082,0.0366137,0.0366118,0.0367861,0.0366299,0.036686,0.0366073,0.0928653,0.0366072,0.0366099,0.0366073,0.0367664,0.0366317,0.0399538,0.0366074,0.0366077,0.0366626,0.0366219
0.0373105,0.0375083,0.0373145,0.101202,0.0373066,0.037324,0.0373099,0.0373146,0.037307,0.0373307,0.0373085,0.0373072,0.0373066,0.0774286,0.0373066,0.0373193,0.0373069,0.03745,0.0373153,0.0374859,0.0373066,0.037307,0.0373167,0.0373068
0.038853,0.0389038,0.0388621,0.0388698,0.038853,0.0388789,0.0388532,0.0388559,0.0388541,0.0388529,0.0388551,0.0388753,0.038853,0.103591,0.038853,0.0388531,0.0388529,0.0388532,0.038853,0.038913,0.0388531,0.0388566,0.038908,0.0413928
0.0413318,0.0388895,0.0389004,0.0389012,0.0714763,0.0388904,0.0389037,0.0388964,0.0390645,0.0388904,0.0389214,0.0388903,0.0463648,0.03889,0.0388902,0.0388907,0.0388935,0.0388893,0.0627537,0.0388893,0.0389052,0.0388981,0.0388895,0.0388893
0.0389972,0.0389978,0.0389992,0.0390008,0.0389967,0.0390159,0.0933286,0.0390503,0.0390005,0.0389973,0.0389986,0.0392484,0.0390038,0.0390072,0.0389982,0.0390019,0.0389969,0.0389968,0.0390003,0.0419433,0.0390001,0.0424176,0.042006,0.0389967
0.0389125,0.0389169,0.0389161,0.0389466,0.0389337,0.0999285,0.0390462,0.038913,0.0389303,0.0389125,0.0389145,0.0429756,0.0389134,0.0389146,0.0389288,0.0389686,0.0389126,0.0389126,0.0389125,0.0389145,0.0389147,0.0389281,0.0391137,0.0394195
0.0449661,0.0379167,0.0376466,0.0376737,0.0376462,0.0376558,0.102326,0.0376699,0.0475509,0.0376947,0.0376521,0.0376447,0.0513016,0.0378125,0.0376704,0.0376458,0.0376845,0.0376591,0.0376451,0.037645,0.0376706,0.0376532,0.037873,0.0376962
0.0386003,0.0387687,0.0386113,0.0386013,0.0386121,0.0387042,0.0386152,0.038617,0.0386212,0.0393096,0.0386004,0.104503,0.0386003,0.0440715,0.0390415,0.0386201,0.0386004,0.0386003,0.0386133,0.0386204,0.0391237,0.0387341,0.0386004,0.0386097
0.0379082,0.0379102,0.0379352,0.0379677,0.0379081,0.0386196,0.0379317,0.0392009,0.0379099,0.0379081,0.0379081,0.0626605,0.0379308,0.038099,0.0379082,0.037908,0.037908,0.0379156,0.0382247,0.0963225,0.0379092,0.0388015,0.0379123,0.041392
0.0401289,0.0401298,0.0401334,0.0401287,0.0401316,0.0404964,0.0744404,0.0413582,0.0401284,0.0401337,0.040129,0.0401435,0.0403584,0.0401284,0.0401295,0.0401285,0.0401286,0.0401305,0.0402156,0.0405235,0.0401284,0.0403763,0.0401421,0.0401284
0.0388602,0.0389363,0.0388614,0.0388622,0.038862,0.0388814,0.0388603,0.0388626,0.0389365,0.0388602,0.0388603,0.0394149,0.0388602,0.0411283,0.0388603,0.0424766,0.0388602,0.0388649,0.0388914,0.0995231,0.0388617,0.0388715,0.0388718,0.0388716
0.0390105,0.0389341,0.038935,0.0389347,0.0389405,0.0389446,0.0389341,0.0389344,0.0406322,0.0389341,0.0395913,0.0389342,0.0389359,0.0389347,0.0389373,0.0389342,0.0396127,0.0389487,0.0389346,0.0389339,0.0393147,0.0389344,0.100984,0.0389352
0.0380263,0.0481175,0.0380261,0.0380262,0.0383786,0.0380297,0.0386045,0.038156,0.0380432,0.0380271,0.03803,0.0380272,0.0380281,0.0380264,0.0381405,0.0380731,0.103324,0.0380975,0.0380413,0.0380261,0.0486644,0.0380265,0.0380331,0.0380271
0.0388621,0.105626,0.038873,0.0389375,0.0388619,0.0388649,0.0388997,0.0389293,0.0388645,0.0389505,0.0388617,0.0388624,0.0388617,0.0388625,0.0388639,0.0388658,0.0388622,0.0388624,0.0388689,0.0389186,0.0390436,0.0388618,0.0388617,0.0388729
0.0388197,0.0388214,0.0388234,0.0388265,0.0388199,0.0388338,0.0388197,0.0388209,0.0388239,0.0389324,0.0388201,0.038822,0.0388201,0.0388205,0.0388197,0.105429,0.0390969,0.0389571,0.0391289,0.0395663,0.0388346,0.0389009,0.0388202,0.0388218
0.0388375,0.0388367,0.0388502,0.0388369,0.0388366,0.0388419,0.0388366,0.0388553,0.0388366,0.0388479,0.0388367,0.0395437,0.0388446,0.0392151,0.0388374,0.0388533,0.0388512,0.0388391,0.038954,0.0388577,0.0388521,0.105218,0.0388375,0.039043
0.039518,0.0388387,0.038868,0.0388378,0.0388335,0.0388598,0.0389141,0.0388739,0.0388341,0.105539,0.0390116,0.0388344,0.0388332,0.0388501,0.0388485,0.0389403,0.0388382,0.0388637,0.0388343,0.0388332,0.0388382,0.0388409,0.0388332,0.0388831
0.0389751,0.0387993,0.0388008,0.0387992,0.0387992,0.0388085,0.038834,0.0388387,0.0387992,0.0388005,0.0387992,0.0390836,0.039094,0.0395411,0.0387994,0.0388083,0.0388073,0.0388088,0.0389457,0.0388022,0.03883,0.10545,0.0388207,0.0391548
0.0390979,0.0389061,0.0389094,0.0389081,0.0389092,0.0389067,0.0389084,0.0389303,0.0389127,0.0389156,0.0392076,0.0389095,0.0389065,0.0389069,0.0391068,0.0389061,0.0389141,0.0389082,0.0389061,0.0389062,0.0389066,0.0389145,0.10439,0.0389062
0.0387665,0.0386308,0.0386238,0.0386213,0.0386249,0.0386222,0.0390435,0.0386219,0.0386259,0.0389205,0.0386221,0.0386215,0.0386219,0.0386212,0.0417054,0.0409912,0.104371,0.038638,0.0387068,0.0386212,0.0394274,0.0386736,0.038654,0.0386231
0.0415099,0.0415284,0.0415234,0.0415115,0.0415099,0.0424819,0.0415097,0.0415135,0.0415225,0.0415099,0.0415198,0.0415167,0.0415353,0.04151,0.0415158,0.0415117,0.0417216,0.0415129,0.041987,0.042865,0.0418719,0.041511,0.041791,0.0415098
0.0388093,0.0388095,0.0388141,0.0388393,0.0388375,0.0399887,0.0388161,0.0392449,0.0392326,0.0388094,0.0388123,0.104959,0.0388098,0.0388103,0.0388842,0.0388118,0.0389507,0.0388111,0.0388094,0.0388399,0.0388123,0.0388171,0.0388126,0.0388585
0.0387935,0.0387997,0.0388213,0.0387952,0.0387951,0.0388325,0.0387944,0.0387971,0.0390202,0.0387939,0.0387938,0.105445,0.0387935,0.040093,0.0388824,0.0387938,0.0387936,0.0387935,0.0387937,0.0389949,0.0389132,0.0390119,0.0387962,0.0388591
0.0402717,0.0389088,0.0388148,0.0387948,0.0387967,0.0388109,0.038795,0.0387948,0.0389334,0.0387986,0.0388079,0.0387951,0.0389261,0.0388002,0.038836,0.0387969,0.0388437,0.0387993,0.0387985,0.0387985,0.105437,0.0388151,0.0390175,0.0388088
0.0386736,0.0438874,0.0386761,0.105056,0.038674,0.0386803,0.0386723,0.0386787,0.0386716,0.0387873,0.0386717,0.0386854,0.0386716,0.038697,0.0386724,0.0386857,0.0386722,0.0387203,0.0386746,0.0387035,0.0386717,0.0386716,0.0386721,0.0386736
0.0385471,0.0385476,0.0385338,0.0385382,0.0385352,0.0385419,0.0413839,0.0408688,0.0385338,0.0415048,0.0385459,0.039936,0.0385339,0.0385351,0.038535,0.0385448,0.0385462,0.103913,0.0385353,0.0386789,0.0385361,0.0385355,0.0385338,0.0385555
0.0372082,0.0398294,0.0372169,0.0372945,0.0372183,0.0373396,0.0372083,0.0373192,0.0372166,0.0372103,0.037209,0.0372418,0.037208,0.090844,0.0372081,0.0372224,0.037208,0.0373429,0.0372172,0.0659552,0.0372089,0.0372082,0.0372117,0.0586535
0.038815,0.0387855,0.0388442,0.0387829,0.0394429,0.0387808,0.0389791,0.03878,0.038832,0.03878,0.0387916,0.0387855,0.0402998,0.038779,0.0390624,0.0387815,0.104945,0.0387854,0.038897,0.0387815,0.0388058,0.0387792,0.0389053,0.038779
0.0388394,0.0388783,0.039112,0.0388399,0.0388519,0.105569,0.0388469,0.0388931,0.0388904,0.0388399,0.0388397,0.0391839,0.0388412,0.0389304,0.0388526,0.0389895,0.0388404,0.0388395,0.0388642,0.0388746,0.0388456,0.0388477,0.0388408,0.0388496
0.0389114,0.0389177,0.10457,0.0389116,0.0389927,0.0389128,0.0389121,0.0389104,0.0389391,0.0389163,0.038992,0.0389122,0.0389104,0.038911,0.03893,0.0389114,0.0389105,0.0389104,0.0391242,0.0389385,0.0389221,0.0389105,0.0389104,0.0389127
0.0382452,0.0382463,0.0382526,0.0382471,0.0382515,0.0382942,0.0382657,0.0382453,0.100355,0.0382452,0.0382454,0.0382461,0.0382761,0.0382471,0.0382454,0.0551503,0.0382627,0.0382452,0.0410566,0.0382892,0.0382474,0.03829,0.0383052,0.0382456
0.0399963,0.0399997,0.0400719,0.0399976,0.0399924,0.0399999,0.0399923,0.039992,0.079585,0.0399922,0.0399938,0.0399922,0.0401827,0.0399921,0.0399921,0.0400334,0.0401104,0.039992,0.0399929,0.0399921,0.0400027,0.0400044,0.0401063,0.0399933
0.0379423,0.037943,0.0379465,0.0379535,0.0379423,0.0382157,0.0379437,0.0379534,0.0379431,0.0379425,0.0379716,0.03795,0.0379432,0.0799325,0.0379423,0.0379449,0.0379423,0.0379437,0.0379423,0.0379566,0.0379424,0.0379507,0.0379672,0.0849443
0.0388718,0.0388745,0.0388795,0.0388736,0.105571,0.0388965,0.0388713,0.0388726,0.0389674,0.0388714,0.0391035,0.0388723,0.0388719,0.0388762,0.0388716,0.0388716,0.0388716,0.0388714,0.0388745,0.0388715,0.0388723,0.0388713,0.0388783,0.038872
0.0391387,0.0391907,0.0391393,0.046505,0.039139,0.0391667,0.039139,0.0393063,0.0391435,0.039139,0.0391396,0.0391435,0.0391388,0.041747,0.0391387,0.0391598,0.039139,0.0391814,0.0391549,0.0893607,0.0391387,0.0391772,0.0392287,0.0391447
0.0472296,0.0388887,0.0385307,0.0385294,0.0385314,0.0385404,0.0385304,0.0385295,0.0385491,0.0385315,0.0385312,0.0385294,0.0387682,0.0385298,0.0385672,0.0385302,0.0385401,0.0385372,0.0385326,0.0385301,0.103904,0.0385714,0.0389984,0.0385395
0.0384586,0.0384579,0.0384625,0.0384605,0.0384582,0.038476,0.038464,0.0386132,0.0385111,0.0384578,0.0384594,0.104531,0.0384578,0.0473658,0.0384771,0.0384588,0.0384585,0.0384589,0.0384614,0.0387961,0.0384914,0.039784,0.0384904,0.0384893
0.0387471,0.038773,0.0387556,0.0387526,0.0387483,0.105244,0.038756,0.0389199,0.0387535,0.0387503,0.0387473,0.0387584,0.0387476,0.0387518,0.0387607,0.041973,0.0387808,0.0387497,0.0387572,0.038757,0.0387688,0.0387526,0.0387473,0.0387471
0.0380831,0.0380835,0.0382092,0.0380833,0.0381021,0.103158,0.039218,0.0380897,0.0414519,0.0380948,0.0380831,0.0380943,0.0536685,0.0380832,0.0380874,0.0382622,0.0380834,0.038083,0.0380834,0.0380869,0.0380878,0.038549,0.038087,0.0380874
0.0427539,0.0384784,0.0384856,0.0402515,0.0384443,0.0384446,0.0384501,0.03854,0.0384437,0.104051,0.0384584,0.0384468,0.0384455,0.038444,0.0384637,0.0384589,0.0389261,0.0422795,0.0384483,0.0384437,0.0384559,0.0384545,0.038444,0.0394878
0.0389151,0.0389292,0.0389153,0.0389166,0.0389136,0.0389141,0.0389509,0.0389995,0.0389149,0.0389135,0.0389135,0.0389853,0.0390029,0.0389135,0.0389146,0.0389137,0.0389135,0.0392499,0.038914,0.104211,0.0389269,0.0389138,0.0389871,0.0389574
0.0387825,0.0387628,0.10438,0.0387627,0.0409902,0.0387677,0.0387622,0.0387621,0.0399208,0.0387633,0.0387906,0.0387623,0.038797,0.0387843,0.0387629,0.038908,0.0387662,0.0387622,0.0391658,0.038764,0.0387673,0.0387748,0.0387721,0.0387686
0.0422615,0.0409609,0.0409621,0.0413481,0.0409607,0.0410257,0.0413775,0.0409727,0.0409605,0.0409607,0.0409603,0.0410129,0.0409618,0.040977,0.0409603,0.0412322,0.0410661,0.0482459,0.0409604,0.0409625,0.0409893,0.0478346,0.0410841,0.0409621
0.0386534,0.0386532,0.0386534,0.0386554,0.0386532,0.0386726,0.0386539,0.0440828,0.0386531,0.0386593,0.0386531,0.0387419,0.0388275,0.0386544,0.0386536,0.0386591,0.0386662,0.0386846,0.0387285,0.0386576,0.038692,0.104996,0.0386552,0.0387404
0.038859,0.0388496,0.0388543,0.0388496,0.0388753,0.0391112,0.105578,0.0388565,0.038855,0.0388521,0.0388504,0.0388618,0.0392535,0.0388497,0.038902,0.0389298,0.0388495,0.03885,0.0388516,0.0388526,0.0388495,0.0388553,0.0388543,0.0388496
0.0388525,0.0388568,0.038962,0.0388532,0.0389416,0.038869,0.0388686,0.0388524,0.105574,0.0388524,0.0388527,0.0392903,0.0388543,0.0388534,0.0388545,0.0388919,0.0388592,0.0388524,0.0388559,0.0388761,0.038909,0.0388525,0.0388628,0.0388525
0.038572,0.0385966,0.0385283,0.0385292,0.0385672,0.0385424,0.0386563,0.0385279,0.0385302,0.0385278,0.038528,0.0385276,0.104663,0.0385277,0.0385277,0.0385341,0.0386222,0.0385293,0.0471476,0.0385297,0.0385333,0.0386884,0.0385349,0.0385289
0.0387877,0.0388427,0.0387893,0.0387889,0.0387879,0.0388388,0.0387878,0.0388641,0.0387882,0.0387915,0.0387904,0.0392052,0.0387893,0.0391104,0.038789,0.0387901,0.0387878,0.0388183,0.0387892,0.0403254,0.0387883,0.0388384,0.0387901,0.105321
0.0389321,0.0389496,0.0389325,0.038972,0.0389329,0.0389498,0.0389321,0.0389592,0.0389755,0.0389321,0.0389538,0.0389513,0.0389321,0.102273,0.0389321,0.0389331,0.0389321,0.0389325,0.0389339,0.0390581,0.0389321,0.0389343,0.0399666,0.0398672
0.0407767,0.0393858,0.0438812,0.0393827,0.039385,0.0393826,0.0393825,0.0393827,0.0393825,0.0394298,0.0396847,0.0393826,0.0393914,0.0393836,0.0393866,0.0393833,0.0394812,0.0393838,0.0876379,0.0393832,0.039396,0.0395684,0.0393833,0.0393825
0.0387961,0.0387975,0.038938,0.0388585,0.039643,0.0388173,0.038858,0.0387951,0.0387958,0.0387956,0.0387962,0.038795,0.105208,0.0387951,0.038795,0.0387978,0.0388018,0.0387951,0.0401134,0.0387956,0.038819,0.0388032,0.038795,0.038795
0.0388479,0.0388432,0.038838,0.0403254,0.0388291,0.0388292,0.038867,0.038841,0.038829,0.0388429,0.0388352,0.0388297,0.0388297,0.038829,0.0389361,0.0388332,0.104433,0.0391495,0.0391177,0.038829,0.0388292,0.038844,0.0389835,0.0388291
0.0388673,0.0388736,0.0388677,0.0388762,0.0388731,0.0388723,0.0388932,0.0391743,0.0388672,0.0388673,0.0389292,0.0389035,0.0388755,0.0388671,0.0388726,0.0388679,0.105211,0.0388885,0.0391806,0.0388671,0.0388816,0.0388766,0.0388799,0.0388671
0.0388442,0.0393245,0.0388472,0.0388448,0.0388441,0.0388495,0.0388877,0.0392638,0.0388447,0.0388452,0.0388442,0.0388661,0.038846,0.0388443,0.0388447,0.0388472,0.0388441,0.0389043,0.0388606,0.10542,0.0388533,0.0388455,0.0388476,0.0389368
0.0388465,0.038837,0.0388385,0.0388369,0.0388369,0.0388522,0.0388552,0.0388613,0.0388382,0.0388403,0.0388369,0.0389366,0.0394922,0.0388415,0.0388377,0.0388562,0.0388398,0.0388394,0.0388486,0.0388611,0.0388488,0.105552,0.0390856,0.0388808
0.0388419,0.0389457,0.0388177,0.0389755,0.0388017,0.038814,0.038924,0.0391289,0.0388018,0.105403,0.0388072,0.0388077,0.0388024,0.0388026,0.0388216,0.0390334,0.038832,0.0389988,0.0388134,0.0388021,0.038814,0.0388609,0.0388019,0.0395474
0.0389345,0.0393114,0.0392581,0.0388278,0.0388315,0.0388339,0.0388327,0.0388276,0.0389997,0.0388586,0.0388277,0.0388312,0.0388276,0.0388279,0.0388702,0.0388542,0.0389462,0.0388279,0.0388318,0.0388282,0.105423,0.0388357,0.0389247,0.0388275
0.0387716,0.0387919,0.0387716,0.0387723,0.0388413,0.0388204,0.0388144,0.0388191,0.0392524,0.0387716,0.0394741,0.104892,0.0387725,0.0388963,0.0397306,0.0387751,0.0393829,0.038773,0.0388195,0.0389203,0.0387793,0.0387793,0.0387945,0.0387839
0.0389076,0.0388834,0.0388845,0.0388905,0.0388865,0.0388848,0.0388831,0.0388847,0.0389966,0.0388831,0.038906,0.0388836,0.0388841,0.0388905,0.0388833,0.0388996,0.0389327,0.0388902,0.0389263,0.038892,0.038885,0.0388996,0.105359,0.0388831
0.0937024,0.0384216,0.0384291,0.0391573,0.0384226,0.0384292,0.038421,0.0384205,0.0384296,0.0384218,0.0384205,0.0384204,0.0384225,0.0384246,0.0384229,0.0384316,0.0384257,0.0384449,0.0384218,0.0384205,0.0393772,0.0384245,0.0592672,0.0384206
0.0401975,0.0402743,0.0401969,0.0401969,0.0402014,0.0402022,0.0401969,0.0402033,0.0401967,0.0401969,0.040199,0.0401975,0.0720655,0.0401967,0.0402022,0.0401967,0.0402343,0.0401977,0.0407925,0.0405062,0.0402175,0.0402796,0.042455,0.0401967
0.0387244,0.0387289,0.0387244,0.0387254,0.0387247,0.0387574,0.0387635,0.105226,0.0387264,0.0387288,0.0388721,0.0389045,0.0387244,0.0387247,0.0387261,0.0387301,0.0407823,0.0391599,0.0393479,0.0388063,0.0387888,0.0391001,0.0387785,0.0387247
0.0370382,0.0369098,0.0369088,0.0369266,0.0369028,0.0369132,0.0369523,0.0369104,0.0369122,0.0369108,0.0371197,0.036905,0.0369046,0.0369077,0.0369031,0.0378049,0.0369268,0.0990709,0.0369033,0.0870568,0.0369142,0.0369052,0.0369652,0.0374277
0.0399546,0.0399538,0.05888,0.0399528,0.0597086,0.0404189,0.0399623,0.0399526,0.04109,0.0399529,0.0399643,0.0399543,0.0399523,0.0399555,0.0399666,0.0401845,0.0399534,0.0399528,0.040506,0.0399684,0.0399552,0.0399523,0.0399524,0.0399554
0.0374023,0.037875,0.0375097,0.0379306,0.0375201,0.101658,0.0374397,0.0376049,0.0377105,0.0374236,0.0374028,0.038034,0.0374325,0.0376193,0.0374078,0.0711162,0.0374055,0.0374379,0.0377708,0.0374545,0.0374385,0.0384288,0.0374019,0.0375754
0.0386256,0.0386271,0.0386366,0.0386265,0.0386302,0.104985,0.0388023,0.0386803,0.0386402,0.0386259,0.03863,0.0404815,0.0386621,0.0387423,0.038628,0.0387005,0.0386259,0.0386256,0.0386991,0.0386272,0.0386274,0.0424621,0.0386326,0.0389758
0.0388052,0.0388274,0.0388093,0.0388201,0.0388072,0.105468,0.0399278,0.0392752,0.0388049,0.0388051,0.0388052,0.0388152,0.0388318,0.0388491,0.0388059,0.0388921,0.0388166,0.0388313,0.0388266,0.0388052,0.0388128,0.0389378,0.0388049,0.0388154
0.0388118,0.0395962,0.0387869,0.0388045,0.038791,0.038812,0.0388066,0.0388039,0.0387869,0.0388119,0.0387869,0.0387886,0.0387869,0.0387872,0.0387888,0.0421645,0.038792,0.103107,0.0387949,0.0392087,0.0387984,0.038787,0.0387887,0.0388087
0.0388853,0.0388857,0.0388866,0.0388869,0.0388855,0.0390796,0.0388867,0.0388853,0.0390004,0.0388869,0.0388868,0.0388869,0.0388853,0.0388869,0.0388861,0.105281,0.0389036,0.0388862,0.0388855,0.0388871,0.0388986,0.0388854,0.0388854,0.0388862
0.0389021,0.0388983,0.0847885,0.0393573,0.041834,0.0412739,0.0411009,0.0389007,0.0388999,0.0389002,0.0511584,0.0389432,0.0389005,0.0389107,0.0388982,0.0388985,0.0389187,0.0389,0.0389862,0.0390192,0.038913,0.0388982,0.0389012,0.0388982
0.0387028,0.0387083,0.0387035,0.0387038,0.03878,0.0391745,0.039316,0.0387027,0.104512,0.0387027,0.0387032,0.0388743,0.0420494,0.0387028,0.0387195,0.0389703,0.0387593,0.0387028,0.0387028,0.0387069,0.0389309,0.0387035,0.0387223,0.0387453
0.0386299,0.0386306,0.0389953,0.0386526,0.0386648,0.104931,0.0393139,0.0387174,0.0386908,0.0386446,0.0386304,0.0386547,0.0386824,0.0386313,0.0386302,0.0437436,0.0386305,0.0386349,0.0386319,0.0386629,0.0386305,0.0386924,0.03863,0.0386431
0.0388748,0.0390258,0.0389715,0.105597,0.0388609,0.0388833,0.0388606,0.0388617,0.0388607,0.0389128,0.0388659,0.0388662,0.038861,0.0389919,0.0388609,0.0388607,0.0388673,0.0389099,0.0388604,0.0388612,0.0388604,0.0388606,0.0388681,0.0388961
0.0390914,0.0388909,0.038965,0.0388451,0.0388505,0.0388503,0.0388455,0.0388452,0.0390189,0.0388539,0.0388452,0.0388677,0.0388454,0.0388452,0.0390541,0.0388465,0.0388828,0.0388451,0.0388894,0.0388452,0.105509,0.0388603,0.0389621,0.0388451
0.0386685,0.0386896,0.0386669,0.0386792,0.0399371,0.0386752,0.0386773,0.038801,0.0388665,0.039224,0.0412324,0.0386676,0.0386687,0.038667,0.0392009,0.0386822,0.105041,0.0387836,0.0386878,0.0386668,0.0387069,0.0386679,0.038735,0.0387072
0.0387608,0.0387622,0.0387609,0.0387608,0.0387608,0.0387962,0.0387608,0.0390151,0.0387617,0.0387644,0.038762,0.0394507,0.0387712,0.0397324,0.0387702,0.0387614,0.0387607,0.0387613,0.0387621,0.0394984,0.0387644,0.0399358,0.0387868,0.104579
0.0387835,0.0388258,0.0388104,0.0422064,0.038782,0.0388093,0.0387823,0.0388033,0.0387822,0.0387828,0.0387826,0.0388114,0.0387819,0.104307,0.0387821,0.0387872,0.0387825,0.0387837,0.0387819,0.0388024,0.0387834,0.0388365,0.038802,0.038807
0.0383451,0.0383867,0.0383451,0.0383482,0.0383458,0.0383527,0.0383625,0.0385741,0.0383463,0.0383453,0.038881,0.0387589,0.0383488,0.0383451,0.0383937,0.0383698,0.104183,0.0385553,0.0504141,0.0383462,0.0385367,0.0383483,0.0384225,0.0383449
0.0380836,0.038025,0.0380228,0.0381444,0.0380209,0.0380317,0.0380225,0.0380243,0.038021,0.0380402,0.0380397,0.0380214,0.0380322,0.0380405,0.0380209,0.0393754,0.0380573,0.101072,0.0381132,0.0605097,0.0381519,0.0380367,0.0380224,0.0380705
0.0388252,0.105422,0.0388353,0.0397867,0.0388252,0.0388256,0.0388337,0.0388271,0.0388267,0.0388569,0.0388247,0.0388284,0.0388246,0.0388265,0.0388293,0.0388359,0.0388247,0.0388251,0.0388249,0.0389541,0.0392094,0.0388249,0.0388247,0.0388787
0.0393844,0.0393856,0.0393856,0.0393934,0.0393867,0.0394324,0.0393845,0.0394098,0.039408,0.0393855,0.0393845,0.0931032,0.039386,0.0393847,0.0394144,0.0393845,0.0393845,0.0393844,0.039387,0.0402837,0.0393848,0.0393935,0.0393846,0.0393844
